location_slug,location_name,target_date,adm4,bmkg_point_name,area_level,is_proxy_bmkg,latitude,longitude,timezone,location_note,jam,sources_used,weight_total,coverage_status,source_list,dominant_category,confidence_score,confidence_label,temp_mean,temp_error,rh_mean,rh_error,rain_mean,rain_error,heat_index_mean,heat_index_error,pct_cerah,pct_cerah_berawan,pct_berawan,pct_hujan_ringan,pct_hujan_sedang,pct_hujan_lebat,temp_std,rh_std,rain_std,heat_index_std,sources_expected,coverage_fraction,gap_mean_minutes,gap_max_minutes
plta_redelong,PLTA Redelong,2026-08-20,11.17.05.2002,Bale Redelong,outlet_reference,yes,4.748139,96.977344,Asia/Jakarta,Forecast Redelong representative point. BMKG ADM4 reference: 11.17.05.2002 (Bale Redelong). Initial BMKG reference for Forecast Redelong Spatial role: outlet_reference. Titik referensi PLTA; tidak diberi bobot luas.,00:00,6,6.0,cukup,"CMA,ECMWF,GFS,ICON,METEOFRANCE,UKMO",Berawan,89.1,Tinggi,19.97,+/-1.44,74.17,+/-8.29,0.0,+/-0.0,19.97,+/-1.44,0.0,0.0,100.0,0.0,0.0,0.0,1.44,8.29,0.0,1.44,7,0.8571,0.0,0.0
plta_redelong,PLTA Redelong,2026-08-20,11.17.05.2002,Bale Redelong,outlet_reference,yes,4.748139,96.977344,Asia/Jakarta,Forecast Redelong representative point. BMKG ADM4 reference: 11.17.05.2002 (Bale Redelong). Initial BMKG reference for Forecast Redelong Spatial role: outlet_reference. Titik referensi PLTA; tidak diberi bobot luas.,01:00,6,6.0,cukup,"CMA,ECMWF,GFS,ICON,METEOFRANCE,UKMO",Berawan,89.0,Tinggi,19.87,+/-1.39,71.17,+/-10.12,0.0,+/-0.0,19.87,+/-1.39,0.0,0.0,100.0,0.0,0.0,0.0,1.39,10.12,0.0,1.39,7,0.8571,0.0,0.0
plta_redelong,PLTA Redelong,2026-08-20,11.17.05.2002,Bale Redelong,outlet_reference,yes,4.748139,96.977344,Asia/Jakarta,Forecast Redelong representative point. BMKG ADM4 reference: 11.17.05.2002 (Bale Redelong). Initial BMKG reference for Forecast Redelong Spatial role: outlet_reference. Titik referensi PLTA; tidak diberi bobot luas.,02:00,6,6.0,cukup,"CMA,ECMWF,GFS,ICON,METEOFRANCE,UKMO",Berawan,88.8,Tinggi,19.65,+/-1.59,71.33,+/-10.51,0.0,+/-0.0,19.65,+/-1.59,0.0,0.0,100.0,0.0,0.0,0.0,1.59,10.51,0.0,1.59,7,0.8571,0.0,0.0
plta_redelong,PLTA Redelong,2026-08-20,11.17.05.2002,Bale Redelong,outlet_reference,yes,4.748139,96.977344,Asia/Jakarta,Forecast Redelong representative point. BMKG ADM4 reference: 11.17.05.2002 (Bale Redelong). Initial BMKG reference for Forecast Redelong Spatial role: outlet_reference. Titik referensi PLTA; tidak diberi bobot luas.,03:00,6,6.0,cukup,"CMA,ECMWF,GFS,ICON,METEOFRANCE,UKMO",Berawan,89.1,Tinggi,18.68,+/-1.13,72.0,+/-10.46,0.0,+/-0.0,18.68,+/-1.13,0.0,0.0,100.0,0.0,0.0,0.0,1.13,10.46,0.0,1.13,7,0.8571,0.0,0.0
plta_redelong,PLTA Redelong,2026-08-20,11.17.05.2002,Bale Redelong,outlet_reference,yes,4.748139,96.977344,Asia/Jakarta,Forecast Redelong representative point. BMKG ADM4 reference: 11.17.05.2002 (Bale Redelong). Initial BMKG reference for Forecast Redelong Spatial role: outlet_reference. Titik referensi PLTA; tidak diberi bobot luas.,04:00,7,6.6868,cukup,"BMKG,CMA,ECMWF,GFS,ICON,METEOFRANCE,UKMO",Berawan,96.5,Tinggi,18.44,+/-1.14,72.29,+/-9.42,0.0,+/-0.0,18.44,+/-1.14,0.0,0.0,100.0,0.0,0.0,0.0,1.14,9.42,0.0,1.14,7,1.0,25.71,180.0
plta_redelong,PLTA Redelong,2026-08-20,11.17.05.2002,Bale Redelong,outlet_reference,yes,4.748139,96.977344,Asia/Jakarta,Forecast Redelong representative point. BMKG ADM4 reference: 11.17.05.2002 (Bale Redelong). Initial BMKG reference for Forecast Redelong Spatial role: outlet_reference. Titik referensi PLTA; tidak diberi bobot luas.,05:00,7,6.6868,cukup,"BMKG,CMA,ECMWF,GFS,ICON,METEOFRANCE,UKMO",Berawan,93.0,Tinggi,17.68,+/-0.61,73.94,+/-9.05,0.0,+/-0.0,17.68,+/-0.61,0.0,15.0,85.0,0.0,0.0,0.0,0.61,9.05,0.0,0.61,7,1.0,17.14,120.0
plta_redelong,PLTA Redelong,2026-08-20,11.17.05.2002,Bale Redelong,outlet_reference,yes,4.748139,96.977344,Asia/Jakarta,Forecast Redelong representative point. BMKG ADM4 reference: 11.17.05.2002 (Bale Redelong). Initial BMKG reference for Forecast Redelong Spatial role: outlet_reference. Titik referensi PLTA; tidak diberi bobot luas.,06:00,7,6.9366,cukup,"BMKG,CMA,ECMWF,GFS,ICON,METEOFRANCE,UKMO",Berawan,97.4,Tinggi,17.98,+/-1.06,75.05,+/-9.17,0.0,+/-0.0,17.98,+/-1.06,0.0,0.0,100.0,0.0,0.0,0.0,1.06,9.17,0.0,1.06,7,1.0,8.57,60.0
plta_redelong,PLTA Redelong,2026-08-20,11.17.05.2002,Bale Redelong,outlet_reference,yes,4.748139,96.977344,Asia/Jakarta,Forecast Redelong representative point. BMKG ADM4 reference: 11.17.05.2002 (Bale Redelong). Initial BMKG reference for Forecast Redelong Spatial role: outlet_reference. Titik referensi PLTA; tidak diberi bobot luas.,07:00,7,7.2488,cukup,"BMKG,CMA,ECMWF,GFS,ICON,METEOFRANCE,UKMO",Berawan,98.6,Tinggi,18.19,+/-0.88,76.31,+/-7.84,0.0,+/-0.0,18.19,+/-0.88,0.0,0.0,100.0,0.0,0.0,0.0,0.88,7.84,0.0,0.88,7,1.0,0.0,0.0
plta_redelong,PLTA Redelong,2026-08-20,11.17.05.2002,Bale Redelong,outlet_reference,yes,4.748139,96.977344,Asia/Jakarta,Forecast Redelong representative point. BMKG ADM4 reference: 11.17.05.2002 (Bale Redelong). Initial BMKG reference for Forecast Redelong Spatial role: outlet_reference. Titik referensi PLTA; tidak diberi bobot luas.,08:00,7,6.9366,cukup,"BMKG,CMA,ECMWF,GFS,ICON,METEOFRANCE,UKMO",Berawan,97.7,Tinggi,20.28,+/-0.56,74.77,+/-7.98,0.0,+/-0.0,20.28,+/-0.56,0.0,0.0,100.0,0.0,0.0,0.0,0.56,7.98,0.0,0.56,7,1.0,8.57,60.0
plta_redelong,PLTA Redelong,2026-08-20,11.17.05.2002,Bale Redelong,outlet_reference,yes,4.748139,96.977344,Asia/Jakarta,Forecast Redelong representative point. BMKG ADM4 reference: 11.17.05.2002 (Bale Redelong). Initial BMKG reference for Forecast Redelong Spatial role: outlet_reference. Titik referensi PLTA; tidak diberi bobot luas.,09:00,7,6.9366,cukup,"BMKG,CMA,ECMWF,GFS,ICON,METEOFRANCE,UKMO",Berawan,97.3,Tinggi,23.29,+/-0.71,60.88,+/-11.92,0.0,+/-0.0,23.29,+/-0.71,0.0,0.0,100.0,0.0,0.0,0.0,0.71,11.92,0.0,0.71,7,1.0,8.57,60.0
plta_redelong,PLTA Redelong,2026-08-20,11.17.05.2002,Bale Redelong,outlet_reference,yes,4.748139,96.977344,Asia/Jakarta,Forecast Redelong representative point. BMKG ADM4 reference: 11.17.05.2002 (Bale Redelong). Initial BMKG reference for Forecast Redelong Spatial role: outlet_reference. Titik referensi PLTA; tidak diberi bobot luas.,10:00,7,7.2488,cukup,"BMKG,CMA,ECMWF,GFS,ICON,METEOFRANCE,UKMO",Berawan,99.0,Tinggi,24.71,+/-1.05,65.75,+/-1.09,0.0,+/-0.0,24.71,+/-1.05,0.0,0.0,100.0,0.0,0.0,0.0,1.05,1.09,0.0,1.05,7,1.0,0.0,0.0
plta_redelong,PLTA Redelong,2026-08-20,11.17.05.2002,Bale Redelong,outlet_reference,yes,4.748139,96.977344,Asia/Jakarta,Forecast Redelong representative point. BMKG ADM4 reference: 11.17.05.2002 (Bale Redelong). Initial BMKG reference for Forecast Redelong Spatial role: outlet_reference. Titik referensi PLTA; tidak diberi bobot luas.,11:00,7,6.9366,cukup,"BMKG,CMA,ECMWF,GFS,ICON,METEOFRANCE,UKMO",Berawan,89.9,Tinggi,25.98,+/-1.57,55.63,+/-9.6,0.0,+/-0.0,26.19,+/-1.78,0.0,28.8,71.2,0.0,0.0,0.0,1.57,9.6,0.0,1.78,7,1.0,8.57,60.0
plta_redelong,PLTA Redelong,2026-08-20,11.17.05.2002,Bale Redelong,outlet_reference,yes,4.748139,96.977344,Asia/Jakarta,Forecast Redelong representative point. BMKG ADM4 reference: 11.17.05.2002 (Bale Redelong). Initial BMKG reference for Forecast Redelong Spatial role: outlet_reference. Titik referensi PLTA; tidak diberi bobot luas.,12:00,7,6.9366,cukup,"BMKG,CMA,ECMWF,GFS,ICON,METEOFRANCE,UKMO",Berawan,96.5,Tinggi,26.92,+/-1.82,51.08,+/-16.0,0.0,+/-0.0,27.32,+/-2.07,0.0,0.0,100.0,0.0,0.0,0.0,1.82,16.0,0.0,2.07,7,1.0,8.57,60.0
plta_redelong,PLTA Redelong,2026-08-20,11.17.05.2002,Bale Redelong,outlet_reference,yes,4.748139,96.977344,Asia/Jakarta,Forecast Redelong representative point. BMKG ADM4 reference: 11.17.05.2002 (Bale Redelong). Initial BMKG reference for Forecast Redelong Spatial role: outlet_reference. Titik referensi PLTA; tidak diberi bobot luas.,13:00,7,7.2488,cukup,"BMKG,CMA,ECMWF,GFS,ICON,METEOFRANCE,UKMO",Berawan,97.5,Tinggi,27.14,+/-2.09,51.52,+/-15.43,0.0,+/-0.0,27.59,+/-2.42,0.0,0.0,100.0,0.0,0.0,0.0,2.09,15.43,0.0,2.42,7,1.0,0.0,0.0
plta_redelong,PLTA Redelong,2026-08-20,11.17.05.2002,Bale Redelong,outlet_reference,yes,4.748139,96.977344,Asia/Jakarta,Forecast Redelong representative point. BMKG ADM4 reference: 11.17.05.2002 (Bale Redelong). Initial BMKG reference for Forecast Redelong Spatial role: outlet_reference. Titik referensi PLTA; tidak diberi bobot luas.,14:00,7,6.9366,cukup,"BMKG,CMA,ECMWF,GFS,ICON,METEOFRANCE,UKMO",Berawan,89.1,Tinggi,26.59,+/-2.0,57.28,+/-15.65,0.1,+/-0.18,27.15,+/-2.55,0.0,0.0,71.2,28.8,0.0,0.0,2.0,15.65,0.18,2.55,7,1.0,8.57,60.0
plta_redelong,PLTA Redelong,2026-08-20,11.17.05.2002,Bale Redelong,outlet_reference,yes,4.748139,96.977344,Asia/Jakarta,Forecast Redelong representative point. BMKG ADM4 reference: 11.17.05.2002 (Bale Redelong). Initial BMKG reference for Forecast Redelong Spatial role: outlet_reference. Titik referensi PLTA; tidak diberi bobot luas.,15:00,7,6.9366,cukup,"BMKG,CMA,ECMWF,GFS,ICON,METEOFRANCE,UKMO",Berawan,89.0,Tinggi,25.27,+/-2.28,67.01,+/-13.49,0.15,+/-0.29,25.9,+/-3.01,0.0,0.0,71.2,28.8,0.0,0.0,2.28,13.49,0.29,3.01,7,1.0,8.57,60.0
plta_redelong,PLTA Redelong,2026-08-20,11.17.05.2002,Bale Redelong,outlet_reference,yes,4.748139,96.977344,Asia/Jakarta,Forecast Redelong representative point. BMKG ADM4 reference: 11.17.05.2002 (Bale Redelong). Initial BMKG reference for Forecast Redelong Spatial role: outlet_reference. Titik referensi PLTA; tidak diberi bobot luas.,16:00,7,7.2488,cukup,"BMKG,CMA,ECMWF,GFS,ICON,METEOFRANCE,UKMO",Berawan,87.8,Tinggi,24.17,+/-1.74,73.73,+/-7.59,0.03,+/-0.04,23.66,+/-1.3,0.0,0.0,58.6,41.4,0.0,0.0,1.74,7.59,0.04,1.3,7,1.0,0.0,0.0
plta_redelong,PLTA Redelong,2026-08-20,11.17.05.2002,Bale Redelong,outlet_reference,yes,4.748139,96.977344,Asia/Jakarta,Forecast Redelong representative point. BMKG ADM4 reference: 11.17.05.2002 (Bale Redelong). Initial BMKG reference for Forecast Redelong Spatial role: outlet_reference. Titik referensi PLTA; tidak diberi bobot luas.,17:00,7,6.9366,cukup,"BMKG,CMA,ECMWF,GFS,ICON,METEOFRANCE,UKMO",Hujan Ringan,86.4,Tinggi,23.47,+/-1.54,79.7,+/-7.95,0.3,+/-0.26,23.47,+/-1.54,0.0,0.0,42.3,57.7,0.0,0.0,1.54,7.95,0.26,1.54,7,1.0,8.57,60.0
plta_redelong,PLTA Redelong,2026-08-20,11.17.05.2002,Bale Redelong,outlet_reference,yes,4.748139,96.977344,Asia/Jakarta,Forecast Redelong representative point. BMKG ADM4 reference: 11.17.05.2002 (Bale Redelong). Initial BMKG reference for Forecast Redelong Spatial role: outlet_reference. Titik referensi PLTA; tidak diberi bobot luas.,18:00,7,6.9366,cukup,"BMKG,CMA,ECMWF,GFS,ICON,METEOFRANCE,UKMO",Hujan Ringan,86.6,Tinggi,21.44,+/-1.7,88.16,+/-5.27,0.2,+/-0.17,21.44,+/-1.7,0.0,0.0,42.3,57.7,0.0,0.0,1.7,5.27,0.17,1.7,7,1.0,8.57,60.0
plta_redelong,PLTA Redelong,2026-08-20,11.17.05.2002,Bale Redelong,outlet_reference,yes,4.748139,96.977344,Asia/Jakarta,Forecast Redelong representative point. BMKG ADM4 reference: 11.17.05.2002 (Bale Redelong). Initial BMKG reference for Forecast Redelong Spatial role: outlet_reference. Titik referensi PLTA; tidak diberi bobot luas.,19:00,7,7.2488,cukup,"BMKG,CMA,ECMWF,GFS,ICON,METEOFRANCE,UKMO",Hujan Ringan,87.0,Tinggi,20.92,+/-1.89,93.17,+/-4.56,0.15,+/-0.17,20.92,+/-1.89,0.0,0.0,44.8,55.2,0.0,0.0,1.89,4.56,0.17,1.89,7,1.0,0.0,0.0
plta_redelong,PLTA Redelong,2026-08-20,11.17.05.2002,Bale Redelong,outlet_reference,yes,4.748139,96.977344,Asia/Jakarta,Forecast Redelong representative point. BMKG ADM4 reference: 11.17.05.2002 (Bale Redelong). Initial BMKG reference for Forecast Redelong Spatial role: outlet_reference. Titik referensi PLTA; tidak diberi bobot luas.,20:00,7,6.9366,cukup,"BMKG,CMA,ECMWF,GFS,ICON,METEOFRANCE,UKMO",Berawan,94.0,Tinggi,20.59,+/-1.6,97.0,+/-1.91,0.02,+/-0.04,20.59,+/-1.6,0.0,0.0,85.6,14.4,0.0,0.0,1.6,1.91,0.04,1.6,7,1.0,8.57,60.0
plta_redelong,PLTA Redelong,2026-08-20,11.17.05.2002,Bale Redelong,outlet_reference,yes,4.748139,96.977344,Asia/Jakarta,Forecast Redelong representative point. BMKG ADM4 reference: 11.17.05.2002 (Bale Redelong). Initial BMKG reference for Forecast Redelong Spatial role: outlet_reference. Titik referensi PLTA; tidak diberi bobot luas.,21:00,7,6.9366,cukup,"BMKG,CMA,ECMWF,GFS,ICON,METEOFRANCE,UKMO",Berawan,93.7,Tinggi,19.95,+/-2.05,96.2,+/-3.09,0.02,+/-0.04,19.95,+/-2.05,0.0,0.0,85.6,14.4,0.0,0.0,2.05,3.09,0.04,2.05,7,1.0,8.57,60.0
plta_redelong,PLTA Redelong,2026-08-20,11.17.05.2002,Bale Redelong,outlet_reference,yes,4.748139,96.977344,Asia/Jakarta,Forecast Redelong representative point. BMKG ADM4 reference: 11.17.05.2002 (Bale Redelong). Initial BMKG reference for Forecast Redelong Spatial role: outlet_reference. Titik referensi PLTA; tidak diberi bobot luas.,22:00,7,7.2488,cukup,"BMKG,CMA,ECMWF,GFS,ICON,METEOFRANCE,UKMO",Berawan,94.9,Tinggi,19.57,+/-2.15,94.41,+/-3.17,0.02,+/-0.04,19.57,+/-2.15,0.0,0.0,86.2,13.8,0.0,0.0,2.15,3.17,0.04,2.15,7,1.0,0.0,0.0
plta_redelong,PLTA Redelong,2026-08-20,11.17.05.2002,Bale Redelong,outlet_reference,yes,4.748139,96.977344,Asia/Jakarta,Forecast Redelong representative point. BMKG ADM4 reference: 11.17.05.2002 (Bale Redelong). Initial BMKG reference for Forecast Redelong Spatial role: outlet_reference. Titik referensi PLTA; tidak diberi bobot luas.,23:00,7,6.9366,cukup,"BMKG,CMA,ECMWF,GFS,ICON,METEOFRANCE,UKMO",Berawan,97.3,Tinggi,19.39,+/-2.01,93.17,+/-3.72,0.0,+/-0.0,19.39,+/-2.01,0.0,0.0,100.0,0.0,0.0,0.0,2.01,3.72,0.0,2.01,7,1.0,8.57,60.0
plta_redelong,PLTA Redelong,2026-08-21,11.17.05.2002,Bale Redelong,outlet_reference,yes,4.748139,96.977344,Asia/Jakarta,Forecast Redelong representative point. BMKG ADM4 reference: 11.17.05.2002 (Bale Redelong). Initial BMKG reference for Forecast Redelong Spatial role: outlet_reference. Titik referensi PLTA; tidak diberi bobot luas.,00:00,7,6.9284,cukup,"BMKG,CMA,ECMWF,GFS,ICON,METEOFRANCE,UKMO",Berawan,97.8,Tinggi,18.45,+/-1.33,94.18,+/-1.78,0.0,+/-0.0,18.45,+/-1.33,0.0,0.0,100.0,0.0,0.0,0.0,1.33,1.78,0.0,1.33,7,1.0,8.57,60.0
plta_redelong,PLTA Redelong,2026-08-21,11.17.05.2002,Bale Redelong,outlet_reference,yes,4.748139,96.977344,Asia/Jakarta,Forecast Redelong representative point. BMKG ADM4 reference: 11.17.05.2002 (Bale Redelong). Initial BMKG reference for Forecast Redelong Spatial role: outlet_reference. Titik referensi PLTA; tidak diberi bobot luas.,01:00,7,7.2379,cukup,"BMKG,CMA,ECMWF,GFS,ICON,METEOFRANCE,UKMO",Berawan,98.7,Tinggi,18.08,+/-1.28,92.17,+/-3.59,0.0,+/-0.0,18.08,+/-1.28,0.0,0.0,100.0,0.0,0.0,0.0,1.28,3.59,0.0,1.28,7,1.0,0.0,0.0
plta_redelong,PLTA Redelong,2026-08-21,11.17.05.2002,Bale Redelong,outlet_reference,yes,4.748139,96.977344,Asia/Jakarta,Forecast Redelong representative point. BMKG ADM4 reference: 11.17.05.2002 (Bale Redelong). Initial BMKG reference for Forecast Redelong Spatial role: outlet_reference. Titik referensi PLTA; tidak diberi bobot luas.,02:00,7,6.9284,cukup,"BMKG,CMA,ECMWF,GFS,ICON,METEOFRANCE,UKMO",Berawan,97.7,Tinggi,17.97,+/-1.19,91.99,+/-4.02,0.0,+/-0.0,17.97,+/-1.19,0.0,0.0,100.0,0.0,0.0,0.0,1.19,4.02,0.0,1.19,7,1.0,8.57,60.0
plta_redelong,PLTA Redelong,2026-08-21,11.17.05.2002,Bale Redelong,outlet_reference,yes,4.748139,96.977344,Asia/Jakarta,Forecast Redelong representative point. BMKG ADM4 reference: 11.17.05.2002 (Bale Redelong). Initial BMKG reference for Forecast Redelong Spatial role: outlet_reference. Titik referensi PLTA; tidak diberi bobot luas.,03:00,7,6.9284,cukup,"BMKG,CMA,ECMWF,GFS,ICON,METEOFRANCE,UKMO",Berawan,97.5,Tinggi,17.79,+/-1.25,89.9,+/-5.37,0.0,+/-0.0,17.79,+/-1.25,0.0,0.0,100.0,0.0,0.0,0.0,1.25,5.37,0.0,1.25,7,1.0,8.57,60.0
plta_redelong,PLTA Redelong,2026-08-21,11.17.05.2002,Bale Redelong,outlet_reference,yes,4.748139,96.977344,Asia/Jakarta,Forecast Redelong representative point. BMKG ADM4 reference: 11.17.05.2002 (Bale Redelong). Initial BMKG reference for Forecast Redelong Spatial role: outlet_reference. Titik referensi PLTA; tidak diberi bobot luas.,04:00,7,7.2379,cukup,"BMKG,CMA,ECMWF,GFS,ICON,METEOFRANCE,UKMO",Berawan,98.2,Tinggi,18.1,+/-1.78,88.35,+/-6.56,0.0,+/-0.0,18.1,+/-1.78,0.0,0.0,100.0,0.0,0.0,0.0,1.78,6.56,0.0,1.78,7,1.0,0.0,0.0
plta_redelong,PLTA Redelong,2026-08-21,11.17.05.2002,Bale Redelong,outlet_reference,yes,4.748139,96.977344,Asia/Jakarta,Forecast Redelong representative point. BMKG ADM4 reference: 11.17.05.2002 (Bale Redelong). Initial BMKG reference for Forecast Redelong Spatial role: outlet_reference. Titik referensi PLTA; tidak diberi bobot luas.,05:00,7,6.9284,cukup,"BMKG,CMA,ECMWF,GFS,ICON,METEOFRANCE,UKMO",Berawan,97.2,Tinggi,17.95,+/-1.71,87.73,+/-7.06,0.0,+/-0.0,17.95,+/-1.71,0.0,0.0,100.0,0.0,0.0,0.0,1.71,7.06,0.0,1.71,7,1.0,8.57,60.0
plta_redelong,PLTA Redelong,2026-08-21,11.17.05.2002,Bale Redelong,outlet_reference,yes,4.748139,96.977344,Asia/Jakarta,Forecast Redelong representative point. BMKG ADM4 reference: 11.17.05.2002 (Bale Redelong). Initial BMKG reference for Forecast Redelong Spatial role: outlet_reference. Titik referensi PLTA; tidak diberi bobot luas.,06:00,7,6.9284,cukup,"BMKG,CMA,ECMWF,GFS,ICON,METEOFRANCE,UKMO",Berawan,97.2,Tinggi,18.1,+/-1.49,85.79,+/-8.03,0.0,+/-0.0,18.1,+/-1.49,0.0,0.0,100.0,0.0,0.0,0.0,1.49,8.03,0.0,1.49,7,1.0,8.57,60.0
plta_redelong,PLTA Redelong,2026-08-21,11.17.05.2002,Bale Redelong,outlet_reference,yes,4.748139,96.977344,Asia/Jakarta,Forecast Redelong representative point. BMKG ADM4 reference: 11.17.05.2002 (Bale Redelong). Initial BMKG reference for Forecast Redelong Spatial role: outlet_reference. Titik referensi PLTA; tidak diberi bobot luas.,07:00,7,7.2379,cukup,"BMKG,CMA,ECMWF,GFS,ICON,METEOFRANCE,UKMO",Berawan,98.4,Tinggi,18.33,+/-1.35,84.36,+/-7.22,0.0,+/-0.0,18.33,+/-1.35,0.0,0.0,100.0,0.0,0.0,0.0,1.35,7.22,0.0,1.35,7,1.0,0.0,0.0
plta_redelong,PLTA Redelong,2026-08-21,11.17.05.2002,Bale Redelong,outlet_reference,yes,4.748139,96.977344,Asia/Jakarta,Forecast Redelong representative point. BMKG ADM4 reference: 11.17.05.2002 (Bale Redelong). Initial BMKG reference for Forecast Redelong Spatial role: outlet_reference. Titik referensi PLTA; tidak diberi bobot luas.,08:00,7,6.9284,cukup,"BMKG,CMA,ECMWF,GFS,ICON,METEOFRANCE,UKMO",Berawan,97.7,Tinggi,19.88,+/-1.46,82.06,+/-2.06,0.0,+/-0.0,19.88,+/-1.46,0.0,0.0,100.0,0.0,0.0,0.0,1.46,2.06,0.0,1.46,7,1.0,8.57,60.0
plta_redelong,PLTA Redelong,2026-08-21,11.17.05.2002,Bale Redelong,outlet_reference,yes,4.748139,96.977344,Asia/Jakarta,Forecast Redelong representative point. BMKG ADM4 reference: 11.17.05.2002 (Bale Redelong). Initial BMKG reference for Forecast Redelong Spatial role: outlet_reference. Titik referensi PLTA; tidak diberi bobot luas.,09:00,7,6.9284,cukup,"BMKG,CMA,ECMWF,GFS,ICON,METEOFRANCE,UKMO",Berawan,94.2,Tinggi,23.02,+/-0.6,70.51,+/-9.69,0.0,+/-0.0,23.02,+/-0.6,13.4,0.0,86.6,0.0,0.0,0.0,0.6,9.69,0.0,0.6,7,1.0,8.57,60.0
plta_redelong,PLTA Redelong,2026-08-21,11.17.05.2002,Bale Redelong,outlet_reference,yes,4.748139,96.977344,Asia/Jakarta,Forecast Redelong representative point. BMKG ADM4 reference: 11.17.05.2002 (Bale Redelong). Initial BMKG reference for Forecast Redelong Spatial role: outlet_reference. Titik referensi PLTA; tidak diberi bobot luas.,10:00,7,7.2379,cukup,"BMKG,CMA,ECMWF,GFS,ICON,METEOFRANCE,UKMO",Berawan,94.2,Tinggi,24.37,+/-0.92,61.57,+/-9.47,0.0,+/-0.0,24.37,+/-0.92,17.1,0.0,82.9,0.0,0.0,0.0,0.92,9.47,0.0,0.92,7,1.0,0.0,0.0
plta_redelong,PLTA Redelong,2026-08-21,11.17.05.2002,Bale Redelong,outlet_reference,yes,4.748139,96.977344,Asia/Jakarta,Forecast Redelong representative point. BMKG ADM4 reference: 11.17.05.2002 (Bale Redelong). Initial BMKG reference for Forecast Redelong Spatial role: outlet_reference. Titik referensi PLTA; tidak diberi bobot luas.,11:00,7,6.9284,cukup,"BMKG,CMA,ECMWF,GFS,ICON,METEOFRANCE,UKMO",Berawan,86.4,Tinggi,25.35,+/-1.21,59.54,+/-9.59,0.2,+/-0.4,25.01,+/-0.95,13.4,0.0,57.7,28.9,0.0,0.0,1.21,9.59,0.4,0.95,7,1.0,8.57,60.0
plta_redelong,PLTA Redelong,2026-08-21,11.17.05.2002,Bale Redelong,outlet_reference,yes,4.748139,96.977344,Asia/Jakarta,Forecast Redelong representative point. BMKG ADM4 reference: 11.17.05.2002 (Bale Redelong). Initial BMKG reference for Forecast Redelong Spatial role: outlet_reference. Titik referensi PLTA; tidak diberi bobot luas.,12:00,7,6.9284,cukup,"BMKG,CMA,ECMWF,GFS,ICON,METEOFRANCE,UKMO",Berawan,89.5,Tinggi,26.05,+/-1.38,59.1,+/-10.9,0.2,+/-0.4,26.45,+/-1.99,0.0,0.0,71.1,28.9,0.0,0.0,1.38,10.9,0.4,1.99,7,1.0,8.57,60.0
plta_redelong,PLTA Redelong,2026-08-21,11.17.05.2002,Bale Redelong,outlet_reference,yes,4.748139,96.977344,Asia/Jakarta,Forecast Redelong representative point. BMKG ADM4 reference: 11.17.05.2002 (Bale Redelong). Initial BMKG reference for Forecast Redelong Spatial role: outlet_reference. Titik referensi PLTA; tidak diberi bobot luas.,13:00,7,7.2379,cukup,"BMKG,CMA,ECMWF,GFS,ICON,METEOFRANCE,UKMO",Berawan,90.6,Tinggi,26.38,+/-1.94,59.09,+/-14.22,0.04,+/-0.05,27.79,+/-0.2,0.0,0.0,72.4,27.6,0.0,0.0,1.94,14.22,0.05,0.2,7,1.0,0.0,0.0
plta_redelong,PLTA Redelong,2026-08-21,11.17.05.2002,Bale Redelong,outlet_reference,yes,4.748139,96.977344,Asia/Jakarta,Forecast Redelong representative point. BMKG ADM4 reference: 11.17.05.2002 (Bale Redelong). Initial BMKG reference for Forecast Redelong Spatial role: outlet_reference. Titik referensi PLTA; tidak diberi bobot luas.,14:00,7,6.9284,cukup,"BMKG,CMA,ECMWF,GFS,ICON,METEOFRANCE,UKMO",Berawan,85.5,Tinggi,25.85,+/-1.98,64.01,+/-15.36,0.05,+/-0.09,26.42,+/-2.89,0.0,0.0,56.7,28.9,0.0,14.4,1.98,15.36,0.09,2.89,7,1.0,8.57,60.0
plta_redelong,PLTA Redelong,2026-08-21,11.17.05.2002,Bale Redelong,outlet_reference,yes,4.748139,96.977344,Asia/Jakarta,Forecast Redelong representative point. BMKG ADM4 reference: 11.17.05.2002 (Bale Redelong). Initial BMKG reference for Forecast Redelong Spatial role: outlet_reference. Titik referensi PLTA; tidak diberi bobot luas.,15:00,7,6.9284,cukup,"BMKG,CMA,ECMWF,GFS,ICON,METEOFRANCE,UKMO",Hujan Ringan,82.2,Tinggi,25.19,+/-2.12,69.38,+/-14.75,0.08,+/-0.08,25.82,+/-3.09,0.0,13.4,28.9,43.3,0.0,14.4,2.12,14.75,0.08,3.09,7,1.0,8.57,60.0
plta_redelong,PLTA Redelong,2026-08-21,11.17.05.2002,Bale Redelong,outlet_reference,yes,4.748139,96.977344,Asia/Jakarta,Forecast Redelong representative point. BMKG ADM4 reference: 11.17.05.2002 (Bale Redelong). Initial BMKG reference for Forecast Redelong Spatial role: outlet_reference. Titik referensi PLTA; tidak diberi bobot luas.,16:00,7,7.2379,cukup,"BMKG,CMA,ECMWF,GFS,ICON,METEOFRANCE,UKMO",Hujan Ringan,86.4,Tinggi,24.67,+/-1.89,72.16,+/-13.65,0.15,+/-0.11,25.28,+/-2.88,0.0,17.1,13.8,55.3,0.0,13.8,1.89,13.65,0.11,2.88,7,1.0,0.0,0.0
plta_redelong,PLTA Redelong,2026-08-21,11.17.05.2002,Bale Redelong,outlet_reference,yes,4.748139,96.977344,Asia/Jakarta,Forecast Redelong representative point. BMKG ADM4 reference: 11.17.05.2002 (Bale Redelong). Initial BMKG reference for Forecast Redelong Spatial role: outlet_reference. Titik referensi PLTA; tidak diberi bobot luas.,17:00,7,6.9284,cukup,"BMKG,CMA,ECMWF,GFS,ICON,METEOFRANCE,UKMO",Hujan Ringan,93.5,Tinggi,23.75,+/-1.45,79.49,+/-12.16,0.12,+/-0.04,23.75,+/-1.45,0.0,13.4,0.0,86.6,0.0,0.0,1.45,12.16,0.04,1.45,7,1.0,8.57,60.0
plta_redelong,PLTA Redelong,2026-08-21,11.17.05.2002,Bale Redelong,outlet_reference,yes,4.748139,96.977344,Asia/Jakarta,Forecast Redelong representative point. BMKG ADM4 reference: 11.17.05.2002 (Bale Redelong). Initial BMKG reference for Forecast Redelong Spatial role: outlet_reference. Titik referensi PLTA; tidak diberi bobot luas.,18:00,7,6.9284,cukup,"BMKG,CMA,ECMWF,GFS,ICON,METEOFRANCE,UKMO",Hujan Ringan,93.8,Tinggi,21.85,+/-1.99,92.1,+/-4.13,0.22,+/-0.1,21.85,+/-1.99,0.0,13.4,0.0,86.6,0.0,0.0,1.99,4.13,0.1,1.99,7,1.0,8.57,60.0
plta_redelong,PLTA Redelong,2026-08-21,11.17.05.2002,Bale Redelong,outlet_reference,yes,4.748139,96.977344,Asia/Jakarta,Forecast Redelong representative point. BMKG ADM4 reference: 11.17.05.2002 (Bale Redelong). Initial BMKG reference for Forecast Redelong Spatial role: outlet_reference. Titik referensi PLTA; tidak diberi bobot luas.,19:00,7,7.2379,cukup,"BMKG,CMA,ECMWF,GFS,ICON,METEOFRANCE,UKMO",Hujan Ringan,90.5,Tinggi,20.89,+/-1.88,93.39,+/-5.22,0.16,+/-0.05,20.89,+/-1.88,0.0,17.1,13.8,69.1,0.0,0.0,1.88,5.22,0.05,1.88,7,1.0,0.0,0.0
plta_redelong,PLTA Redelong,2026-08-21,11.17.05.2002,Bale Redelong,outlet_reference,yes,4.748139,96.977344,Asia/Jakarta,Forecast Redelong representative point. BMKG ADM4 reference: 11.17.05.2002 (Bale Redelong). Initial BMKG reference for Forecast Redelong Spatial role: outlet_reference. Titik referensi PLTA; tidak diberi bobot luas.,20:00,7,6.9284,cukup,"BMKG,CMA,ECMWF,GFS,ICON,METEOFRANCE,UKMO",Berawan,90.4,Tinggi,20.64,+/-1.67,94.97,+/-4.93,0.03,+/-0.07,20.64,+/-1.67,0.0,13.4,72.2,14.4,0.0,0.0,1.67,4.93,0.07,1.67,7,1.0,8.57,60.0
plta_redelong,PLTA Redelong,2026-08-21,11.17.05.2002,Bale Redelong,outlet_reference,yes,4.748139,96.977344,Asia/Jakarta,Forecast Redelong representative point. BMKG ADM4 reference: 11.17.05.2002 (Bale Redelong). Initial BMKG reference for Forecast Redelong Spatial role: outlet_reference. Titik referensi PLTA; tidak diberi bobot luas.,21:00,7,6.9284,cukup,"BMKG,CMA,ECMWF,GFS,ICON,METEOFRANCE,UKMO",Berawan,97.5,Tinggi,20.25,+/-1.8,96.67,+/-2.49,0.0,+/-0.0,20.25,+/-1.8,0.0,0.0,100.0,0.0,0.0,0.0,1.8,2.49,0.0,1.8,7,1.0,8.57,60.0
plta_redelong,PLTA Redelong,2026-08-21,11.17.05.2002,Bale Redelong,outlet_reference,yes,4.748139,96.977344,Asia/Jakarta,Forecast Redelong representative point. BMKG ADM4 reference: 11.17.05.2002 (Bale Redelong). Initial BMKG reference for Forecast Redelong Spatial role: outlet_reference. Titik referensi PLTA; tidak diberi bobot luas.,22:00,7,7.2379,cukup,"BMKG,CMA,ECMWF,GFS,ICON,METEOFRANCE,UKMO",Berawan,98.4,Tinggi,19.85,+/-1.81,94.29,+/-4.28,0.0,+/-0.0,19.85,+/-1.81,0.0,0.0,100.0,0.0,0.0,0.0,1.81,4.28,0.0,1.81,7,1.0,0.0,0.0
plta_redelong,PLTA Redelong,2026-08-21,11.17.05.2002,Bale Redelong,outlet_reference,yes,4.748139,96.977344,Asia/Jakarta,Forecast Redelong representative point. BMKG ADM4 reference: 11.17.05.2002 (Bale Redelong). Initial BMKG reference for Forecast Redelong Spatial role: outlet_reference. Titik referensi PLTA; tidak diberi bobot luas.,23:00,7,6.9284,cukup,"BMKG,CMA,ECMWF,GFS,ICON,METEOFRANCE,UKMO",Berawan,97.5,Tinggi,19.67,+/-1.65,94.23,+/-3.76,0.0,+/-0.0,19.67,+/-1.65,0.0,0.0,100.0,0.0,0.0,0.0,1.65,3.76,0.0,1.65,7,1.0,8.57,60.0
plta_redelong,PLTA Redelong,2026-08-22,11.17.05.2002,Bale Redelong,outlet_reference,yes,4.748139,96.977344,Asia/Jakarta,Forecast Redelong representative point. BMKG ADM4 reference: 11.17.05.2002 (Bale Redelong). Initial BMKG reference for Forecast Redelong Spatial role: outlet_reference. Titik referensi PLTA; tidak diberi bobot luas.,00:00,7,6.9312,cukup,"BMKG,CMA,ECMWF,GFS,ICON,METEOFRANCE,UKMO",Berawan,94.0,Tinggi,19.35,+/-1.54,95.17,+/-2.54,0.0,+/-0.0,19.35,+/-1.54,0.0,14.4,85.6,0.0,0.0,0.0,1.54,2.54,0.0,1.54,7,1.0,8.57,60.0
plta_redelong,PLTA Redelong,2026-08-22,11.17.05.2002,Bale Redelong,outlet_reference,yes,4.748139,96.977344,Asia/Jakarta,Forecast Redelong representative point. BMKG ADM4 reference: 11.17.05.2002 (Bale Redelong). Initial BMKG reference for Forecast Redelong Spatial role: outlet_reference. Titik referensi PLTA; tidak diberi bobot luas.,01:00,7,7.2416,cukup,"BMKG,CMA,ECMWF,GFS,ICON,METEOFRANCE,UKMO",Berawan,95.0,Tinggi,19.11,+/-1.53,92.19,+/-5.96,0.0,+/-0.0,19.11,+/-1.53,13.8,0.0,86.2,0.0,0.0,0.0,1.53,5.96,0.0,1.53,7,1.0,0.0,0.0
plta_redelong,PLTA Redelong,2026-08-22,11.17.05.2002,Bale Redelong,outlet_reference,yes,4.748139,96.977344,Asia/Jakarta,Forecast Redelong representative point. BMKG ADM4 reference: 11.17.05.2002 (Bale Redelong). Initial BMKG reference for Forecast Redelong Spatial role: outlet_reference. Titik referensi PLTA; tidak diberi bobot luas.,02:00,7,6.9312,cukup,"BMKG,CMA,ECMWF,GFS,ICON,METEOFRANCE,UKMO",Berawan,94.0,Tinggi,18.95,+/-1.39,94.83,+/-3.18,0.0,+/-0.0,18.95,+/-1.39,14.4,0.0,85.6,0.0,0.0,0.0,1.39,3.18,0.0,1.39,7,1.0,8.57,60.0
plta_redelong,PLTA Redelong,2026-08-22,11.17.05.2002,Bale Redelong,outlet_reference,yes,4.748139,96.977344,Asia/Jakarta,Forecast Redelong representative point. BMKG ADM4 reference: 11.17.05.2002 (Bale Redelong). Initial BMKG reference for Forecast Redelong Spatial role: outlet_reference. Titik referensi PLTA; tidak diberi bobot luas.,03:00,7,6.9312,cukup,"BMKG,CMA,ECMWF,GFS,ICON,METEOFRANCE,UKMO",Berawan,87.0,Tinggi,18.54,+/-1.54,95.33,+/-2.56,0.0,+/-0.0,18.54,+/-1.54,27.9,14.4,57.7,0.0,0.0,0.0,1.54,2.56,0.0,1.54,7,1.0,8.57,60.0
plta_redelong,PLTA Redelong,2026-08-22,11.17.05.2002,Bale Redelong,outlet_reference,yes,4.748139,96.977344,Asia/Jakarta,Forecast Redelong representative point. BMKG ADM4 reference: 11.17.05.2002 (Bale Redelong). Initial BMKG reference for Forecast Redelong Spatial role: outlet_reference. Titik referensi PLTA; tidak diberi bobot luas.,04:00,7,7.2416,cukup,"BMKG,CMA,ECMWF,GFS,ICON,METEOFRANCE,UKMO",Berawan,87.5,Tinggi,18.22,+/-1.56,95.5,+/-2.36,0.0,+/-0.0,18.22,+/-1.56,31.0,13.8,55.2,0.0,0.0,0.0,1.56,2.36,0.0,1.56,7,1.0,0.0,0.0
plta_redelong,PLTA Redelong,2026-08-22,11.17.05.2002,Bale Redelong,outlet_reference,yes,4.748139,96.977344,Asia/Jakarta,Forecast Redelong representative point. BMKG ADM4 reference: 11.17.05.2002 (Bale Redelong). Initial BMKG reference for Forecast Redelong Spatial role: outlet_reference. Titik referensi PLTA; tidak diberi bobot luas.,05:00,7,6.9312,cukup,"BMKG,CMA,ECMWF,GFS,ICON,METEOFRANCE,UKMO",Berawan,87.1,Tinggi,18.12,+/-1.47,96.2,+/-2.14,0.0,+/-0.0,18.12,+/-1.47,27.9,14.4,57.7,0.0,0.0,0.0,1.47,2.14,0.0,1.47,7,1.0,8.57,60.0
plta_redelong,PLTA Redelong,2026-08-22,11.17.05.2002,Bale Redelong,outlet_reference,yes,4.748139,96.977344,Asia/Jakarta,Forecast Redelong representative point. BMKG ADM4 reference: 11.17.05.2002 (Bale Redelong). Initial BMKG reference for Forecast Redelong Spatial role: outlet_reference. Titik referensi PLTA; tidak diberi bobot luas.,06:00,7,6.9312,cukup,"BMKG,CMA,ECMWF,GFS,ICON,METEOFRANCE,UKMO",Berawan,87.2,Tinggi,18.44,+/-1.17,94.5,+/-3.35,0.0,+/-0.0,18.44,+/-1.17,27.9,14.4,57.7,0.0,0.0,0.0,1.17,3.35,0.0,1.17,7,1.0,8.57,60.0
plta_redelong,PLTA Redelong,2026-08-22,11.17.05.2002,Bale Redelong,outlet_reference,yes,4.748139,96.977344,Asia/Jakarta,Forecast Redelong representative point. BMKG ADM4 reference: 11.17.05.2002 (Bale Redelong). Initial BMKG reference for Forecast Redelong Spatial role: outlet_reference. Titik referensi PLTA; tidak diberi bobot luas.,07:00,7,7.2416,cukup,"BMKG,CMA,ECMWF,GFS,ICON,METEOFRANCE,UKMO",Berawan,87.5,Tinggi,18.83,+/-1.08,90.19,+/-5.77,0.0,+/-0.0,18.83,+/-1.08,31.0,13.8,55.2,0.0,0.0,0.0,1.08,5.77,0.0,1.08,7,1.0,0.0,0.0
plta_redelong,PLTA Redelong,2026-08-22,11.17.05.2002,Bale Redelong,outlet_reference,yes,4.748139,96.977344,Asia/Jakarta,Forecast Redelong representative point. BMKG ADM4 reference: 11.17.05.2002 (Bale Redelong). Initial BMKG reference for Forecast Redelong Spatial role: outlet_reference. Titik referensi PLTA; tidak diberi bobot luas.,08:00,7,6.9312,cukup,"BMKG,CMA,ECMWF,GFS,ICON,METEOFRANCE,UKMO",Berawan,87.2,Tinggi,20.49,+/-1.09,85.64,+/-3.62,0.0,+/-0.0,20.49,+/-1.09,13.4,28.9,57.7,0.0,0.0,0.0,1.09,3.62,0.0,1.09,7,1.0,8.57,60.0
plta_redelong,PLTA Redelong,2026-08-22,11.17.05.2002,Bale Redelong,outlet_reference,yes,4.748139,96.977344,Asia/Jakarta,Forecast Redelong representative point. BMKG ADM4 reference: 11.17.05.2002 (Bale Redelong). Initial BMKG reference for Forecast Redelong Spatial role: outlet_reference. Titik referensi PLTA; tidak diberi bobot luas.,09:00,7,6.9312,cukup,"BMKG,CMA,ECMWF,GFS,ICON,METEOFRANCE,UKMO",Berawan,86.9,Tinggi,23.19,+/-0.78,74.35,+/-9.35,0.0,+/-0.0,23.19,+/-0.78,27.9,14.4,57.7,0.0,0.0,0.0,0.78,9.35,0.0,0.78,7,1.0,8.57,60.0
plta_redelong,PLTA Redelong,2026-08-22,11.17.05.2002,Bale Redelong,outlet_reference,yes,4.748139,96.977344,Asia/Jakarta,Forecast Redelong representative point. BMKG ADM4 reference: 11.17.05.2002 (Bale Redelong). Initial BMKG reference for Forecast Redelong Spatial role: outlet_reference. Titik referensi PLTA; tidak diberi bobot luas.,10:00,7,7.2416,cukup,"BMKG,CMA,ECMWF,GFS,ICON,METEOFRANCE,UKMO",Berawan,87.2,Tinggi,24.73,+/-0.85,68.05,+/-10.21,0.0,+/-0.0,24.73,+/-0.85,31.0,13.8,55.2,0.0,0.0,0.0,0.85,10.21,0.0,0.85,7,1.0,0.0,0.0
plta_redelong,PLTA Redelong,2026-08-22,11.17.05.2002,Bale Redelong,outlet_reference,yes,4.748139,96.977344,Asia/Jakarta,Forecast Redelong representative point. BMKG ADM4 reference: 11.17.05.2002 (Bale Redelong). Initial BMKG reference for Forecast Redelong Spatial role: outlet_reference. Titik referensi PLTA; tidak diberi bobot luas.,11:00,7,6.9312,cukup,"BMKG,CMA,ECMWF,GFS,ICON,METEOFRANCE,UKMO",Hujan Ringan,86.4,Tinggi,25.37,+/-1.28,67.28,+/-11.0,0.16,+/-0.14,24.99,+/-0.96,27.9,0.0,14.4,57.7,0.0,0.0,1.28,11.0,0.14,0.96,7,1.0,8.57,60.0
plta_redelong,PLTA Redelong,2026-08-22,11.17.05.2002,Bale Redelong,outlet_reference,yes,4.748139,96.977344,Asia/Jakarta,Forecast Redelong representative point. BMKG ADM4 reference: 11.17.05.2002 (Bale Redelong). Initial BMKG reference for Forecast Redelong Spatial role: outlet_reference. Titik referensi PLTA; tidak diberi bobot luas.,12:00,7,6.9312,cukup,"BMKG,CMA,ECMWF,GFS,ICON,METEOFRANCE,UKMO",Hujan Ringan,89.7,Tinggi,25.96,+/-1.4,66.38,+/-14.28,0.28,+/-0.23,26.58,+/-2.55,0.0,27.9,0.0,72.1,0.0,0.0,1.4,14.28,0.23,2.55,7,1.0,8.57,60.0
plta_redelong,PLTA Redelong,2026-08-22,11.17.05.2002,Bale Redelong,outlet_reference,yes,4.748139,96.977344,Asia/Jakarta,Forecast Redelong representative point. BMKG ADM4 reference: 11.17.05.2002 (Bale Redelong). Initial BMKG reference for Forecast Redelong Spatial role: outlet_reference. Titik referensi PLTA; tidak diberi bobot luas.,13:00,7,7.2416,cukup,"BMKG,CMA,ECMWF,GFS,ICON,METEOFRANCE,UKMO",Hujan Ringan,89.6,Tinggi,25.77,+/-1.62,67.41,+/-15.66,0.55,+/-0.43,26.49,+/-2.93,0.0,17.1,0.0,69.0,0.0,13.8,1.62,15.66,0.43,2.93,7,1.0,0.0,0.0
plta_redelong,PLTA Redelong,2026-08-22,11.17.05.2002,Bale Redelong,outlet_reference,yes,4.748139,96.977344,Asia/Jakarta,Forecast Redelong representative point. BMKG ADM4 reference: 11.17.05.2002 (Bale Redelong). Initial BMKG reference for Forecast Redelong Spatial role: outlet_reference. Titik referensi PLTA; tidak diberi bobot luas.,14:00,7,6.9312,cukup,"BMKG,CMA,ECMWF,GFS,ICON,METEOFRANCE,UKMO",Hujan Ringan,86.0,Tinggi,24.28,+/-1.37,84.4,+/-3.83,2.25,+/-1.41,24.28,+/-1.37,0.0,13.4,0.0,57.7,14.4,14.4,1.37,3.83,1.41,1.37,7,1.0,8.57,60.0
plta_redelong,PLTA Redelong,2026-08-22,11.17.05.2002,Bale Redelong,outlet_reference,yes,4.748139,96.977344,Asia/Jakarta,Forecast Redelong representative point. BMKG ADM4 reference: 11.17.05.2002 (Bale Redelong). Initial BMKG reference for Forecast Redelong Spatial role: outlet_reference. Titik referensi PLTA; tidak diberi bobot luas.,15:00,7,6.9312,cukup,"BMKG,CMA,ECMWF,GFS,ICON,METEOFRANCE,UKMO",Hujan Ringan,83.1,Tinggi,22.97,+/-0.08,88.6,+/-3.14,2.28,+/-1.41,22.97,+/-0.08,0.0,13.4,0.0,43.3,28.9,14.4,0.08,3.14,1.41,0.08,7,1.0,8.57,60.0
plta_redelong,PLTA Redelong,2026-08-22,11.17.05.2002,Bale Redelong,outlet_reference,yes,4.748139,96.977344,Asia/Jakarta,Forecast Redelong representative point. BMKG ADM4 reference: 11.17.05.2002 (Bale Redelong). Initial BMKG reference for Forecast Redelong Spatial role: outlet_reference. Titik referensi PLTA; tidak diberi bobot luas.,16:00,7,7.2416,cukup,"BMKG,CMA,ECMWF,GFS,ICON,METEOFRANCE,UKMO",Hujan Ringan,86.2,Tinggi,23.51,+/-1.48,91.4,+/-4.32,2.15,+/-1.6,23.51,+/-1.48,0.0,17.1,0.0,55.2,13.8,13.8,1.48,4.32,1.6,1.48,7,1.0,0.0,0.0
plta_redelong,PLTA Redelong,2026-08-22,11.17.05.2002,Bale Redelong,outlet_reference,yes,4.748139,96.977344,Asia/Jakarta,Forecast Redelong representative point. BMKG ADM4 reference: 11.17.05.2002 (Bale Redelong). Initial BMKG reference for Forecast Redelong Spatial role: outlet_reference. Titik referensi PLTA; tidak diberi bobot luas.,17:00,7,6.9312,cukup,"BMKG,CMA,ECMWF,GFS,ICON,METEOFRANCE,UKMO",Hujan Ringan,89.8,Tinggi,23.03,+/-1.36,90.5,+/-7.04,1.12,+/-0.74,23.03,+/-1.36,0.0,13.4,0.0,72.1,0.0,14.4,1.36,7.04,0.74,1.36,7,1.0,8.57,60.0
plta_redelong,PLTA Redelong,2026-08-22,11.17.05.2002,Bale Redelong,outlet_reference,yes,4.748139,96.977344,Asia/Jakarta,Forecast Redelong representative point. BMKG ADM4 reference: 11.17.05.2002 (Bale Redelong). Initial BMKG reference for Forecast Redelong Spatial role: outlet_reference. Titik referensi PLTA; tidak diberi bobot luas.,18:00,7,6.9312,cukup,"BMKG,CMA,ECMWF,GFS,ICON,METEOFRANCE,UKMO",Hujan Ringan,93.8,Tinggi,21.87,+/-1.71,93.85,+/-3.54,0.88,+/-0.44,21.87,+/-1.71,0.0,13.4,0.0,86.6,0.0,0.0,1.71,3.54,0.44,1.71,7,1.0,8.57,60.0
plta_redelong,PLTA Redelong,2026-08-22,11.17.05.2002,Bale Redelong,outlet_reference,yes,4.748139,96.977344,Asia/Jakarta,Forecast Redelong representative point. BMKG ADM4 reference: 11.17.05.2002 (Bale Redelong). Initial BMKG reference for Forecast Redelong Spatial role: outlet_reference. Titik referensi PLTA; tidak diberi bobot luas.,19:00,7,7.2416,cukup,"BMKG,CMA,ECMWF,GFS,ICON,METEOFRANCE,UKMO",Hujan Ringan,90.6,Tinggi,20.97,+/-1.71,96.38,+/-1.67,0.53,+/-0.44,20.97,+/-1.71,0.0,17.1,13.8,69.0,0.0,0.0,1.71,1.67,0.44,1.71,7,1.0,0.0,0.0
plta_redelong,PLTA Redelong,2026-08-22,11.17.05.2002,Bale Redelong,outlet_reference,yes,4.748139,96.977344,Asia/Jakarta,Forecast Redelong representative point. BMKG ADM4 reference: 11.17.05.2002 (Bale Redelong). Initial BMKG reference for Forecast Redelong Spatial role: outlet_reference. Titik referensi PLTA; tidak diberi bobot luas.,20:00,7,6.9312,cukup,"BMKG,CMA,ECMWF,GFS,ICON,METEOFRANCE,UKMO",Cerah Berawan,83.1,Tinggi,20.72,+/-1.68,97.16,+/-1.45,0.05,+/-0.08,20.72,+/-1.68,0.0,42.3,28.9,28.9,0.0,0.0,1.68,1.45,0.08,1.68,7,1.0,8.57,60.0
plta_redelong,PLTA Redelong,2026-08-22,11.17.05.2002,Bale Redelong,outlet_reference,yes,4.748139,96.977344,Asia/Jakarta,Forecast Redelong representative point. BMKG ADM4 reference: 11.17.05.2002 (Bale Redelong). Initial BMKG reference for Forecast Redelong Spatial role: outlet_reference. Titik referensi PLTA; tidak diberi bobot luas.,21:00,7,6.9312,cukup,"BMKG,CMA,ECMWF,GFS,ICON,METEOFRANCE,UKMO",Berawan,83.0,Tinggi,20.19,+/-2.03,97.7,+/-1.28,0.05,+/-0.08,20.19,+/-2.03,0.0,28.9,42.3,28.9,0.0,0.0,2.03,1.28,0.08,2.03,7,1.0,8.57,60.0
plta_redelong,PLTA Redelong,2026-08-22,11.17.05.2002,Bale Redelong,outlet_reference,yes,4.748139,96.977344,Asia/Jakarta,Forecast Redelong representative point. BMKG ADM4 reference: 11.17.05.2002 (Bale Redelong). Initial BMKG reference for Forecast Redelong Spatial role: outlet_reference. Titik referensi PLTA; tidak diberi bobot luas.,22:00,7,7.2416,cukup,"BMKG,CMA,ECMWF,GFS,ICON,METEOFRANCE,UKMO",Berawan,84.6,Tinggi,19.87,+/-2.07,97.07,+/-2.07,0.05,+/-0.08,19.87,+/-2.07,13.8,13.8,44.8,27.6,0.0,0.0,2.07,2.07,0.08,2.07,7,1.0,0.0,0.0
plta_redelong,PLTA Redelong,2026-08-22,11.17.05.2002,Bale Redelong,outlet_reference,yes,4.748139,96.977344,Asia/Jakarta,Forecast Redelong representative point. BMKG ADM4 reference: 11.17.05.2002 (Bale Redelong). Initial BMKG reference for Forecast Redelong Spatial role: outlet_reference. Titik referensi PLTA; tidak diberi bobot luas.,23:00,7,6.9312,cukup,"BMKG,CMA,ECMWF,GFS,ICON,METEOFRANCE,UKMO",Berawan,86.5,Tinggi,19.76,+/-1.92,96.4,+/-3.3,0.02,+/-0.04,19.76,+/-1.92,0.0,28.9,56.7,14.4,0.0,0.0,1.92,3.3,0.04,1.92,7,1.0,8.57,60.0
plta_redelong,PLTA Redelong,2026-08-23,11.17.05.2002,Bale Redelong,outlet_reference,yes,4.748139,96.977344,Asia/Jakarta,Forecast Redelong representative point. BMKG ADM4 reference: 11.17.05.2002 (Bale Redelong). Initial BMKG reference for Forecast Redelong Spatial role: outlet_reference. Titik referensi PLTA; tidak diberi bobot luas.,00:00,6,6.0,cukup,"CMA,ECMWF,GFS,ICON,METEOFRANCE,UKMO",Cerah Berawan,76.8,Sedang,19.88,+/-1.61,95.83,+/-3.39,0.02,+/-0.04,19.88,+/-1.61,0.0,50.0,33.3,16.7,0.0,0.0,1.61,3.39,0.04,1.61,7,0.8571,0.0,0.0
plta_redelong,PLTA Redelong,2026-08-23,11.17.05.2002,Bale Redelong,outlet_reference,yes,4.748139,96.977344,Asia/Jakarta,Forecast Redelong representative point. BMKG ADM4 reference: 11.17.05.2002 (Bale Redelong). Initial BMKG reference for Forecast Redelong Spatial role: outlet_reference. Titik referensi PLTA; tidak diberi bobot luas.,01:00,6,6.0,cukup,"CMA,ECMWF,GFS,ICON,METEOFRANCE,UKMO",Berawan,76.9,Sedang,19.57,+/-1.46,96.17,+/-2.73,0.02,+/-0.04,19.57,+/-1.46,0.0,33.3,50.0,16.7,0.0,0.0,1.46,2.73,0.04,1.46,7,0.8571,0.0,0.0
plta_redelong,PLTA Redelong,2026-08-23,11.17.05.2002,Bale Redelong,outlet_reference,yes,4.748139,96.977344,Asia/Jakarta,Forecast Redelong representative point. BMKG ADM4 reference: 11.17.05.2002 (Bale Redelong). Initial BMKG reference for Forecast Redelong Spatial role: outlet_reference. Titik referensi PLTA; tidak diberi bobot luas.,02:00,6,6.0,cukup,"CMA,ECMWF,GFS,ICON,METEOFRANCE,UKMO",Berawan,77.0,Sedang,19.37,+/-1.35,95.67,+/-3.4,0.0,+/-0.0,19.37,+/-1.35,0.0,50.0,50.0,0.0,0.0,0.0,1.35,3.4,0.0,1.35,7,0.8571,0.0,0.0
plta_redelong,PLTA Redelong,2026-08-23,11.17.05.2002,Bale Redelong,outlet_reference,yes,4.748139,96.977344,Asia/Jakarta,Forecast Redelong representative point. BMKG ADM4 reference: 11.17.05.2002 (Bale Redelong). Initial BMKG reference for Forecast Redelong Spatial role: outlet_reference. Titik referensi PLTA; tidak diberi bobot luas.,03:00,6,6.0,cukup,"CMA,ECMWF,GFS,ICON,METEOFRANCE,UKMO",Cerah Berawan,85.4,Tinggi,19.12,+/-1.25,95.5,+/-2.87,0.0,+/-0.0,19.12,+/-1.25,0.0,83.3,16.7,0.0,0.0,0.0,1.25,2.87,0.0,1.25,7,0.8571,0.0,0.0
plta_redelong,PLTA Redelong,2026-08-23,11.17.05.2002,Bale Redelong,outlet_reference,yes,4.748139,96.977344,Asia/Jakarta,Forecast Redelong representative point. BMKG ADM4 reference: 11.17.05.2002 (Bale Redelong). Initial BMKG reference for Forecast Redelong Spatial role: outlet_reference. Titik referensi PLTA; tidak diberi bobot luas.,04:00,6,6.0,cukup,"CMA,ECMWF,GFS,ICON,METEOFRANCE,UKMO",Berawan,77.1,Sedang,18.93,+/-1.16,95.33,+/-2.92,0.0,+/-0.0,18.93,+/-1.16,0.0,50.0,50.0,0.0,0.0,0.0,1.16,2.92,0.0,1.16,7,0.8571,0.0,0.0
plta_redelong,PLTA Redelong,2026-08-23,11.17.05.2002,Bale Redelong,outlet_reference,yes,4.748139,96.977344,Asia/Jakarta,Forecast Redelong representative point. BMKG ADM4 reference: 11.17.05.2002 (Bale Redelong). Initial BMKG reference for Forecast Redelong Spatial role: outlet_reference. Titik referensi PLTA; tidak diberi bobot luas.,05:00,6,6.0,cukup,"CMA,ECMWF,GFS,ICON,METEOFRANCE,UKMO",Berawan,77.1,Sedang,18.65,+/-1.01,95.67,+/-3.4,0.0,+/-0.0,18.65,+/-1.01,0.0,50.0,50.0,0.0,0.0,0.0,1.01,3.4,0.0,1.01,7,0.8571,0.0,0.0
plta_redelong,PLTA Redelong,2026-08-23,11.17.05.2002,Bale Redelong,outlet_reference,yes,4.748139,96.977344,Asia/Jakarta,Forecast Redelong representative point. BMKG ADM4 reference: 11.17.05.2002 (Bale Redelong). Initial BMKG reference for Forecast Redelong Spatial role: outlet_reference. Titik referensi PLTA; tidak diberi bobot luas.,06:00,6,6.0,cukup,"CMA,ECMWF,GFS,ICON,METEOFRANCE,UKMO",Berawan,77.2,Sedang,18.38,+/-0.87,96.33,+/-3.45,0.0,+/-0.0,18.38,+/-0.87,0.0,50.0,50.0,0.0,0.0,0.0,0.87,3.45,0.0,0.87,7,0.8571,0.0,0.0
plta_redelong,PLTA Redelong,2026-08-23,11.17.05.2002,Bale Redelong,outlet_reference,yes,4.748139,96.977344,Asia/Jakarta,Forecast Redelong representative point. BMKG ADM4 reference: 11.17.05.2002 (Bale Redelong). Initial BMKG reference for Forecast Redelong Spatial role: outlet_reference. Titik referensi PLTA; tidak diberi bobot luas.,07:00,6,6.0,cukup,"CMA,ECMWF,GFS,ICON,METEOFRANCE,UKMO",Berawan,77.3,Sedang,18.78,+/-0.83,94.67,+/-3.14,0.0,+/-0.0,18.78,+/-0.83,0.0,50.0,50.0,0.0,0.0,0.0,0.83,3.14,0.0,0.83,7,0.8571,0.0,0.0
plta_redelong,PLTA Redelong,2026-08-23,11.17.05.2002,Bale Redelong,outlet_reference,yes,4.748139,96.977344,Asia/Jakarta,Forecast Redelong representative point. BMKG ADM4 reference: 11.17.05.2002 (Bale Redelong). Initial BMKG reference for Forecast Redelong Spatial role: outlet_reference. Titik referensi PLTA; tidak diberi bobot luas.,08:00,6,6.0,cukup,"CMA,ECMWF,GFS,ICON,METEOFRANCE,UKMO",Berawan,77.2,Sedang,20.73,+/-0.75,87.17,+/-3.98,0.0,+/-0.0,20.73,+/-0.75,0.0,50.0,50.0,0.0,0.0,0.0,0.75,3.98,0.0,0.75,7,0.8571,0.0,0.0
plta_redelong,PLTA Redelong,2026-08-23,11.17.05.2002,Bale Redelong,outlet_reference,yes,4.748139,96.977344,Asia/Jakarta,Forecast Redelong representative point. BMKG ADM4 reference: 11.17.05.2002 (Bale Redelong). Initial BMKG reference for Forecast Redelong Spatial role: outlet_reference. Titik referensi PLTA; tidak diberi bobot luas.,09:00,6,6.0,cukup,"CMA,ECMWF,GFS,ICON,METEOFRANCE,UKMO",Berawan,76.9,Sedang,23.12,+/-0.86,77.17,+/-7.47,0.0,+/-0.0,23.12,+/-0.86,0.0,50.0,50.0,0.0,0.0,0.0,0.86,7.47,0.0,0.86,7,0.8571,0.0,0.0
plta_redelong,PLTA Redelong,2026-08-23,11.17.05.2002,Bale Redelong,outlet_reference,yes,4.748139,96.977344,Asia/Jakarta,Forecast Redelong representative point. BMKG ADM4 reference: 11.17.05.2002 (Bale Redelong). Initial BMKG reference for Forecast Redelong Spatial role: outlet_reference. Titik referensi PLTA; tidak diberi bobot luas.,10:00,6,6.0,cukup,"CMA,ECMWF,GFS,ICON,METEOFRANCE,UKMO",Berawan,80.9,Tinggi,24.88,+/-0.95,70.83,+/-9.41,0.0,+/-0.0,24.52,+/-0.54,0.0,33.3,66.7,0.0,0.0,0.0,0.95,9.41,0.0,0.54,7,0.8571,0.0,0.0
plta_redelong,PLTA Redelong,2026-08-23,11.17.05.2002,Bale Redelong,outlet_reference,yes,4.748139,96.977344,Asia/Jakarta,Forecast Redelong representative point. BMKG ADM4 reference: 11.17.05.2002 (Bale Redelong). Initial BMKG reference for Forecast Redelong Spatial role: outlet_reference. Titik referensi PLTA; tidak diberi bobot luas.,11:00,6,6.0,cukup,"CMA,ECMWF,GFS,ICON,METEOFRANCE,UKMO",Hujan Ringan,80.5,Tinggi,25.45,+/-1.13,71.33,+/-10.01,0.58,+/-0.31,25.1,+/-0.89,0.0,16.7,0.0,66.7,0.0,16.7,1.13,10.01,0.31,0.89,7,0.8571,0.0,0.0
plta_redelong,PLTA Redelong,2026-08-23,11.17.05.2002,Bale Redelong,outlet_reference,yes,4.748139,96.977344,Asia/Jakarta,Forecast Redelong representative point. BMKG ADM4 reference: 11.17.05.2002 (Bale Redelong). Initial BMKG reference for Forecast Redelong Spatial role: outlet_reference. Titik referensi PLTA; tidak diberi bobot luas.,12:00,6,6.0,cukup,"CMA,ECMWF,GFS,ICON,METEOFRANCE,UKMO",Hujan Ringan,84.6,Tinggi,25.12,+/-1.35,77.17,+/-10.98,0.65,+/-0.2,25.77,+/-2.53,0.0,0.0,0.0,83.3,0.0,16.7,1.35,10.98,0.2,2.53,7,0.8571,0.0,0.0
plta_redelong,PLTA Redelong,2026-08-23,11.17.05.2002,Bale Redelong,outlet_reference,yes,4.748139,96.977344,Asia/Jakarta,Forecast Redelong representative point. BMKG ADM4 reference: 11.17.05.2002 (Bale Redelong). Initial BMKG reference for Forecast Redelong Spatial role: outlet_reference. Titik referensi PLTA; tidak diberi bobot luas.,13:00,6,6.0,cukup,"CMA,ECMWF,GFS,ICON,METEOFRANCE,UKMO",Hujan Ringan,84.5,Tinggi,24.5,+/-1.52,83.83,+/-11.14,0.78,+/-0.25,24.5,+/-1.52,0.0,0.0,0.0,83.3,0.0,16.7,1.52,11.14,0.25,1.52,7,0.8571,0.0,0.0
plta_redelong,PLTA Redelong,2026-08-23,11.17.05.2002,Bale Redelong,outlet_reference,yes,4.748139,96.977344,Asia/Jakarta,Forecast Redelong representative point. BMKG ADM4 reference: 11.17.05.2002 (Bale Redelong). Initial BMKG reference for Forecast Redelong Spatial role: outlet_reference. Titik referensi PLTA; tidak diberi bobot luas.,14:00,6,6.0,cukup,"CMA,ECMWF,GFS,ICON,METEOFRANCE,UKMO",Hujan Lebat,73.0,Sedang,24.17,+/-1.54,87.17,+/-10.71,5.07,+/-4.45,24.17,+/-1.54,0.0,0.0,0.0,33.3,16.7,50.0,1.54,10.71,4.45,1.54,7,0.8571,0.0,0.0
plta_redelong,PLTA Redelong,2026-08-23,11.17.05.2002,Bale Redelong,outlet_reference,yes,4.748139,96.977344,Asia/Jakarta,Forecast Redelong representative point. BMKG ADM4 reference: 11.17.05.2002 (Bale Redelong). Initial BMKG reference for Forecast Redelong Spatial role: outlet_reference. Titik referensi PLTA; tidak diberi bobot luas.,15:00,6,6.0,cukup,"CMA,ECMWF,GFS,ICON,METEOFRANCE,UKMO",Hujan Ringan,73.1,Sedang,23.6,+/-1.44,88.33,+/-9.71,5.08,+/-4.44,23.6,+/-1.44,0.0,0.0,0.0,50.0,16.7,33.3,1.44,9.71,4.44,1.44,7,0.8571,0.0,0.0
plta_redelong,PLTA Redelong,2026-08-23,11.17.05.2002,Bale Redelong,outlet_reference,yes,4.748139,96.977344,Asia/Jakarta,Forecast Redelong representative point. BMKG ADM4 reference: 11.17.05.2002 (Bale Redelong). Initial BMKG reference for Forecast Redelong Spatial role: outlet_reference. Titik referensi PLTA; tidak diberi bobot luas.,16:00,6,6.0,cukup,"CMA,ECMWF,GFS,ICON,METEOFRANCE,UKMO",Hujan Ringan,75.3,Sedang,23.0,+/-1.3,90.67,+/-7.63,3.4,+/-1.8,23.0,+/-1.3,0.0,0.0,0.0,50.0,16.7,33.3,1.3,7.63,1.8,1.3,7,0.8571,0.0,0.0
plta_redelong,PLTA Redelong,2026-08-23,11.17.05.2002,Bale Redelong,outlet_reference,yes,4.748139,96.977344,Asia/Jakarta,Forecast Redelong representative point. BMKG ADM4 reference: 11.17.05.2002 (Bale Redelong). Initial BMKG reference for Forecast Redelong Spatial role: outlet_reference. Titik referensi PLTA; tidak diberi bobot luas.,17:00,6,6.0,cukup,"CMA,ECMWF,GFS,ICON,METEOFRANCE,UKMO",Hujan Ringan,75.6,Sedang,22.45,+/-1.26,92.33,+/-5.31,2.32,+/-1.65,22.45,+/-1.26,0.0,0.0,16.7,50.0,33.3,0.0,1.26,5.31,1.65,1.26,7,0.8571,0.0,0.0
plta_redelong,PLTA Redelong,2026-08-23,11.17.05.2002,Bale Redelong,outlet_reference,yes,4.748139,96.977344,Asia/Jakarta,Forecast Redelong representative point. BMKG ADM4 reference: 11.17.05.2002 (Bale Redelong). Initial BMKG reference for Forecast Redelong Spatial role: outlet_reference. Titik referensi PLTA; tidak diberi bobot luas.,18:00,6,6.0,cukup,"CMA,ECMWF,GFS,ICON,METEOFRANCE,UKMO",Hujan Ringan,75.8,Sedang,21.78,+/-1.28,94.33,+/-2.92,2.33,+/-1.64,21.78,+/-1.28,0.0,0.0,16.7,50.0,33.3,0.0,1.28,2.92,1.64,1.28,7,0.8571,0.0,0.0
plta_redelong,PLTA Redelong,2026-08-23,11.17.05.2002,Bale Redelong,outlet_reference,yes,4.748139,96.977344,Asia/Jakarta,Forecast Redelong representative point. BMKG ADM4 reference: 11.17.05.2002 (Bale Redelong). Initial BMKG reference for Forecast Redelong Spatial role: outlet_reference. Titik referensi PLTA; tidak diberi bobot luas.,19:00,6,6.0,cukup,"CMA,ECMWF,GFS,ICON,METEOFRANCE,UKMO",Hujan Ringan,76.2,Sedang,20.66,+/-0.77,95.83,+/-2.11,2.42,+/-1.61,20.66,+/-0.77,0.0,0.0,16.7,50.0,33.3,0.0,0.77,2.11,1.61,0.77,7,0.8571,0.0,0.0
plta_redelong,PLTA Redelong,2026-08-23,11.17.05.2002,Bale Redelong,outlet_reference,yes,4.748139,96.977344,Asia/Jakarta,Forecast Redelong representative point. BMKG ADM4 reference: 11.17.05.2002 (Bale Redelong). Initial BMKG reference for Forecast Redelong Spatial role: outlet_reference. Titik referensi PLTA; tidak diberi bobot luas.,20:00,6,6.0,cukup,"CMA,ECMWF,GFS,ICON,METEOFRANCE,UKMO",Berawan,77.4,Sedang,20.3,+/-0.7,96.5,+/-1.61,0.03,+/-0.04,20.3,+/-0.7,0.0,0.0,50.0,33.3,0.0,16.7,0.7,1.61,0.04,0.7,7,0.8571,0.0,0.0
plta_redelong,PLTA Redelong,2026-08-23,11.17.05.2002,Bale Redelong,outlet_reference,yes,4.748139,96.977344,Asia/Jakarta,Forecast Redelong representative point. BMKG ADM4 reference: 11.17.05.2002 (Bale Redelong). Initial BMKG reference for Forecast Redelong Spatial role: outlet_reference. Titik referensi PLTA; tidak diberi bobot luas.,21:00,6,6.0,cukup,"CMA,ECMWF,GFS,ICON,METEOFRANCE,UKMO",Berawan,78.0,Sedang,19.96,+/-0.63,97.33,+/-0.94,2.22,+/-4.91,19.96,+/-0.63,0.0,0.0,66.7,16.7,0.0,16.7,0.63,0.94,4.91,0.63,7,0.8571,0.0,0.0
plta_redelong,PLTA Redelong,2026-08-23,11.17.05.2002,Bale Redelong,outlet_reference,yes,4.748139,96.977344,Asia/Jakarta,Forecast Redelong representative point. BMKG ADM4 reference: 11.17.05.2002 (Bale Redelong). Initial BMKG reference for Forecast Redelong Spatial role: outlet_reference. Titik referensi PLTA; tidak diberi bobot luas.,22:00,6,6.0,cukup,"CMA,ECMWF,GFS,ICON,METEOFRANCE,UKMO",Berawan,78.0,Sedang,19.68,+/-0.66,97.33,+/-1.37,2.22,+/-4.91,19.68,+/-0.66,0.0,0.0,66.7,16.7,0.0,16.7,0.66,1.37,4.91,0.66,7,0.8571,0.0,0.0
plta_redelong,PLTA Redelong,2026-08-23,11.17.05.2002,Bale Redelong,outlet_reference,yes,4.748139,96.977344,Asia/Jakarta,Forecast Redelong representative point. BMKG ADM4 reference: 11.17.05.2002 (Bale Redelong). Initial BMKG reference for Forecast Redelong Spatial role: outlet_reference. Titik referensi PLTA; tidak diberi bobot luas.,23:00,6,6.0,cukup,"CMA,ECMWF,GFS,ICON,METEOFRANCE,UKMO",Berawan,76.9,Sedang,19.48,+/-0.67,97.17,+/-1.21,0.38,+/-0.81,19.48,+/-0.67,16.7,0.0,50.0,33.3,0.0,0.0,0.67,1.21,0.81,0.67,7,0.8571,0.0,0.0
gpm1,GPM1,2026-08-20,11.17.05.2002,Bale Redelong,provisional_catchment,yes,4.81572033808049,96.877105410688,Asia/Jakarta,Forecast Redelong representative point. BMKG ADM4 reference: 11.17.05.2002 (Bale Redelong). Initial BMKG reference for catchment point Spatial role: provisional_catchment. Area analisis provisional; menunggu konfirmasi batas DAS resmi.,00:00,6,6.0,cukup,"CMA,ECMWF,GFS,ICON,METEOFRANCE,UKMO",Berawan,89.0,Tinggi,13.2,+/-1.62,76.67,+/-8.12,0.0,+/-0.0,13.2,+/-1.62,0.0,0.0,100.0,0.0,0.0,0.0,1.62,8.12,0.0,1.62,7,0.8571,0.0,0.0
gpm1,GPM1,2026-08-20,11.17.05.2002,Bale Redelong,provisional_catchment,yes,4.81572033808049,96.877105410688,Asia/Jakarta,Forecast Redelong representative point. BMKG ADM4 reference: 11.17.05.2002 (Bale Redelong). Initial BMKG reference for catchment point Spatial role: provisional_catchment. Area analisis provisional; menunggu konfirmasi batas DAS resmi.,01:00,6,6.0,cukup,"CMA,ECMWF,GFS,ICON,METEOFRANCE,UKMO",Berawan,89.0,Tinggi,13.18,+/-1.5,73.0,+/-9.29,0.0,+/-0.0,13.18,+/-1.5,0.0,0.0,100.0,0.0,0.0,0.0,1.5,9.29,0.0,1.5,7,0.8571,0.0,0.0
gpm1,GPM1,2026-08-20,11.17.05.2002,Bale Redelong,provisional_catchment,yes,4.81572033808049,96.877105410688,Asia/Jakarta,Forecast Redelong representative point. BMKG ADM4 reference: 11.17.05.2002 (Bale Redelong). Initial BMKG reference for catchment point Spatial role: provisional_catchment. Area analisis provisional; menunggu konfirmasi batas DAS resmi.,02:00,6,6.0,cukup,"CMA,ECMWF,GFS,ICON,METEOFRANCE,UKMO",Berawan,88.9,Tinggi,13.03,+/-1.64,72.0,+/-9.26,0.0,+/-0.0,13.03,+/-1.64,0.0,0.0,100.0,0.0,0.0,0.0,1.64,9.26,0.0,1.64,7,0.8571,0.0,0.0
gpm1,GPM1,2026-08-20,11.17.05.2002,Bale Redelong,provisional_catchment,yes,4.81572033808049,96.877105410688,Asia/Jakarta,Forecast Redelong representative point. BMKG ADM4 reference: 11.17.05.2002 (Bale Redelong). Initial BMKG reference for catchment point Spatial role: provisional_catchment. Area analisis provisional; menunggu konfirmasi batas DAS resmi.,03:00,6,6.0,cukup,"CMA,ECMWF,GFS,ICON,METEOFRANCE,UKMO",Berawan,88.7,Tinggi,12.58,+/-2.04,72.67,+/-9.81,0.0,+/-0.0,12.58,+/-2.04,0.0,0.0,100.0,0.0,0.0,0.0,2.04,9.81,0.0,2.04,7,0.8571,0.0,0.0
gpm1,GPM1,2026-08-20,11.17.05.2002,Bale Redelong,provisional_catchment,yes,4.81572033808049,96.877105410688,Asia/Jakarta,Forecast Redelong representative point. BMKG ADM4 reference: 11.17.05.2002 (Bale Redelong). Initial BMKG reference for catchment point Spatial role: provisional_catchment. Area analisis provisional; menunggu konfirmasi batas DAS resmi.,04:00,7,6.6868,cukup,"BMKG,CMA,ECMWF,GFS,ICON,METEOFRANCE,UKMO",Berawan,96.1,Tinggi,13.02,+/-2.53,69.88,+/-5.28,0.0,+/-0.0,13.02,+/-2.53,0.0,0.0,100.0,0.0,0.0,0.0,2.53,5.28,0.0,2.53,7,1.0,25.71,180.0
gpm1,GPM1,2026-08-20,11.17.05.2002,Bale Redelong,provisional_catchment,yes,4.81572033808049,96.877105410688,Asia/Jakarta,Forecast Redelong representative point. BMKG ADM4 reference: 11.17.05.2002 (Bale Redelong). Initial BMKG reference for catchment point Spatial role: provisional_catchment. Area analisis provisional; menunggu konfirmasi batas DAS resmi.,05:00,7,6.6868,cukup,"BMKG,CMA,ECMWF,GFS,ICON,METEOFRANCE,UKMO",Berawan,96.0,Tinggi,12.8,+/-2.62,70.93,+/-5.84,0.0,+/-0.0,12.8,+/-2.62,0.0,0.0,100.0,0.0,0.0,0.0,2.62,5.84,0.0,2.62,7,1.0,17.14,120.0
gpm1,GPM1,2026-08-20,11.17.05.2002,Bale Redelong,provisional_catchment,yes,4.81572033808049,96.877105410688,Asia/Jakarta,Forecast Redelong representative point. BMKG ADM4 reference: 11.17.05.2002 (Bale Redelong). Initial BMKG reference for catchment point Spatial role: provisional_catchment. Area analisis provisional; menunggu konfirmasi batas DAS resmi.,06:00,7,6.9366,cukup,"BMKG,CMA,ECMWF,GFS,ICON,METEOFRANCE,UKMO",Berawan,96.7,Tinggi,12.71,+/-2.81,72.54,+/-5.96,0.0,+/-0.0,12.71,+/-2.81,0.0,0.0,100.0,0.0,0.0,0.0,2.81,5.96,0.0,2.81,7,1.0,8.57,60.0
gpm1,GPM1,2026-08-20,11.17.05.2002,Bale Redelong,provisional_catchment,yes,4.81572033808049,96.877105410688,Asia/Jakarta,Forecast Redelong representative point. BMKG ADM4 reference: 11.17.05.2002 (Bale Redelong). Initial BMKG reference for catchment point Spatial role: provisional_catchment. Area analisis provisional; menunggu konfirmasi batas DAS resmi.,07:00,7,7.2488,cukup,"BMKG,CMA,ECMWF,GFS,ICON,METEOFRANCE,UKMO",Berawan,97.7,Tinggi,13.16,+/-2.69,76.73,+/-8.59,0.0,+/-0.0,13.16,+/-2.69,0.0,0.0,100.0,0.0,0.0,0.0,2.69,8.59,0.0,2.69,7,1.0,0.0,0.0
gpm1,GPM1,2026-08-20,11.17.05.2002,Bale Redelong,provisional_catchment,yes,4.81572033808049,96.877105410688,Asia/Jakarta,Forecast Redelong representative point. BMKG ADM4 reference: 11.17.05.2002 (Bale Redelong). Initial BMKG reference for catchment point Spatial role: provisional_catchment. Area analisis provisional; menunggu konfirmasi batas DAS resmi.,08:00,7,6.9366,cukup,"BMKG,CMA,ECMWF,GFS,ICON,METEOFRANCE,UKMO",Berawan,97.5,Tinggi,14.25,+/-1.08,73.9,+/-7.68,0.0,+/-0.0,14.25,+/-1.08,0.0,0.0,100.0,0.0,0.0,0.0,1.08,7.68,0.0,1.08,7,1.0,8.57,60.0
gpm1,GPM1,2026-08-20,11.17.05.2002,Bale Redelong,provisional_catchment,yes,4.81572033808049,96.877105410688,Asia/Jakarta,Forecast Redelong representative point. BMKG ADM4 reference: 11.17.05.2002 (Bale Redelong). Initial BMKG reference for catchment point Spatial role: provisional_catchment. Area analisis provisional; menunggu konfirmasi batas DAS resmi.,09:00,7,6.9366,cukup,"BMKG,CMA,ECMWF,GFS,ICON,METEOFRANCE,UKMO",Berawan,97.3,Tinggi,16.77,+/-0.88,60.73,+/-10.83,0.0,+/-0.0,16.77,+/-0.88,0.0,0.0,100.0,0.0,0.0,0.0,0.88,10.83,0.0,0.88,7,1.0,8.57,60.0
gpm1,GPM1,2026-08-20,11.17.05.2002,Bale Redelong,provisional_catchment,yes,4.81572033808049,96.877105410688,Asia/Jakarta,Forecast Redelong representative point. BMKG ADM4 reference: 11.17.05.2002 (Bale Redelong). Initial BMKG reference for catchment point Spatial role: provisional_catchment. Area analisis provisional; menunggu konfirmasi batas DAS resmi.,10:00,7,7.2488,cukup,"BMKG,CMA,ECMWF,GFS,ICON,METEOFRANCE,UKMO",Berawan,98.4,Tinggi,18.62,+/-0.84,53.9,+/-10.77,0.0,+/-0.0,18.62,+/-0.84,0.0,0.0,100.0,0.0,0.0,0.0,0.84,10.77,0.0,0.84,7,1.0,0.0,0.0
gpm1,GPM1,2026-08-20,11.17.05.2002,Bale Redelong,provisional_catchment,yes,4.81572033808049,96.877105410688,Asia/Jakarta,Forecast Redelong representative point. BMKG ADM4 reference: 11.17.05.2002 (Bale Redelong). Initial BMKG reference for catchment point Spatial role: provisional_catchment. Area analisis provisional; menunggu konfirmasi batas DAS resmi.,11:00,7,6.9366,cukup,"BMKG,CMA,ECMWF,GFS,ICON,METEOFRANCE,UKMO",Berawan,97.0,Tinggi,20.41,+/-1.45,50.5,+/-12.13,0.0,+/-0.0,20.41,+/-1.45,0.0,0.0,100.0,0.0,0.0,0.0,1.45,12.13,0.0,1.45,7,1.0,8.57,60.0
gpm1,GPM1,2026-08-20,11.17.05.2002,Bale Redelong,provisional_catchment,yes,4.81572033808049,96.877105410688,Asia/Jakarta,Forecast Redelong representative point. BMKG ADM4 reference: 11.17.05.2002 (Bale Redelong). Initial BMKG reference for catchment point Spatial role: provisional_catchment. Area analisis provisional; menunggu konfirmasi batas DAS resmi.,12:00,7,6.9366,cukup,"BMKG,CMA,ECMWF,GFS,ICON,METEOFRANCE,UKMO",Berawan,96.6,Tinggi,21.44,+/-1.85,48.49,+/-14.53,0.0,+/-0.0,21.44,+/-1.85,0.0,0.0,100.0,0.0,0.0,0.0,1.85,14.53,0.0,1.85,7,1.0,8.57,60.0
gpm1,GPM1,2026-08-20,11.17.05.2002,Bale Redelong,provisional_catchment,yes,4.81572033808049,96.877105410688,Asia/Jakarta,Forecast Redelong representative point. BMKG ADM4 reference: 11.17.05.2002 (Bale Redelong). Initial BMKG reference for catchment point Spatial role: provisional_catchment. Area analisis provisional; menunggu konfirmasi batas DAS resmi.,13:00,7,7.2488,cukup,"BMKG,CMA,ECMWF,GFS,ICON,METEOFRANCE,UKMO",Berawan,97.5,Tinggi,21.84,+/-2.01,49.17,+/-14.98,0.0,+/-0.0,21.84,+/-2.01,0.0,0.0,100.0,0.0,0.0,0.0,2.01,14.98,0.0,2.01,7,1.0,0.0,0.0
gpm1,GPM1,2026-08-20,11.17.05.2002,Bale Redelong,provisional_catchment,yes,4.81572033808049,96.877105410688,Asia/Jakarta,Forecast Redelong representative point. BMKG ADM4 reference: 11.17.05.2002 (Bale Redelong). Initial BMKG reference for catchment point Spatial role: provisional_catchment. Area analisis provisional; menunggu konfirmasi batas DAS resmi.,14:00,7,6.9366,cukup,"BMKG,CMA,ECMWF,GFS,ICON,METEOFRANCE,UKMO",Berawan,89.0,Tinggi,21.31,+/-2.14,53.82,+/-16.01,0.1,+/-0.18,21.31,+/-2.14,0.0,0.0,71.2,28.8,0.0,0.0,2.14,16.01,0.18,2.14,7,1.0,8.57,60.0
gpm1,GPM1,2026-08-20,11.17.05.2002,Bale Redelong,provisional_catchment,yes,4.81572033808049,96.877105410688,Asia/Jakarta,Forecast Redelong representative point. BMKG ADM4 reference: 11.17.05.2002 (Bale Redelong). Initial BMKG reference for catchment point Spatial role: provisional_catchment. Area analisis provisional; menunggu konfirmasi batas DAS resmi.,15:00,7,6.9366,cukup,"BMKG,CMA,ECMWF,GFS,ICON,METEOFRANCE,UKMO",Berawan,89.1,Tinggi,20.79,+/-1.18,62.68,+/-15.24,0.35,+/-0.74,20.79,+/-1.18,0.0,0.0,71.2,28.8,0.0,0.0,1.18,15.24,0.74,1.18,7,1.0,8.57,60.0
gpm1,GPM1,2026-08-20,11.17.05.2002,Bale Redelong,provisional_catchment,yes,4.81572033808049,96.877105410688,Asia/Jakarta,Forecast Redelong representative point. BMKG ADM4 reference: 11.17.05.2002 (Bale Redelong). Initial BMKG reference for catchment point Spatial role: provisional_catchment. Area analisis provisional; menunggu konfirmasi batas DAS resmi.,16:00,7,7.2488,cukup,"BMKG,CMA,ECMWF,GFS,ICON,METEOFRANCE,UKMO",Berawan,89.9,Tinggi,19.53,+/-1.78,67.66,+/-14.56,0.53,+/-1.15,19.53,+/-1.78,0.0,0.0,72.4,13.8,13.8,0.0,1.78,14.56,1.15,1.78,7,1.0,0.0,0.0
gpm1,GPM1,2026-08-20,11.17.05.2002,Bale Redelong,provisional_catchment,yes,4.81572033808049,96.877105410688,Asia/Jakarta,Forecast Redelong representative point. BMKG ADM4 reference: 11.17.05.2002 (Bale Redelong). Initial BMKG reference for catchment point Spatial role: provisional_catchment. Area analisis provisional; menunggu konfirmasi batas DAS resmi.,17:00,7,6.9366,cukup,"BMKG,CMA,ECMWF,GFS,ICON,METEOFRANCE,UKMO",Berawan,85.6,Tinggi,18.44,+/-2.03,72.92,+/-14.59,0.06,+/-0.08,18.44,+/-2.03,0.0,0.0,56.8,43.2,0.0,0.0,2.03,14.59,0.08,2.03,7,1.0,8.57,60.0
gpm1,GPM1,2026-08-20,11.17.05.2002,Bale Redelong,provisional_catchment,yes,4.81572033808049,96.877105410688,Asia/Jakarta,Forecast Redelong representative point. BMKG ADM4 reference: 11.17.05.2002 (Bale Redelong). Initial BMKG reference for catchment point Spatial role: provisional_catchment. Area analisis provisional; menunggu konfirmasi batas DAS resmi.,18:00,7,6.9366,cukup,"BMKG,CMA,ECMWF,GFS,ICON,METEOFRANCE,UKMO",Berawan,86.4,Tinggi,16.86,+/-1.61,86.67,+/-6.35,0.05,+/-0.08,16.86,+/-1.61,0.0,14.4,56.8,28.8,0.0,0.0,1.61,6.35,0.08,1.61,7,1.0,8.57,60.0
gpm1,GPM1,2026-08-20,11.17.05.2002,Bale Redelong,provisional_catchment,yes,4.81572033808049,96.877105410688,Asia/Jakarta,Forecast Redelong representative point. BMKG ADM4 reference: 11.17.05.2002 (Bale Redelong). Initial BMKG reference for catchment point Spatial role: provisional_catchment. Area analisis provisional; menunggu konfirmasi batas DAS resmi.,19:00,7,7.2488,cukup,"BMKG,CMA,ECMWF,GFS,ICON,METEOFRANCE,UKMO",Berawan,87.5,Tinggi,15.74,+/-1.94,89.03,+/-10.67,0.07,+/-0.07,15.74,+/-1.94,0.0,0.0,58.6,41.4,0.0,0.0,1.94,10.67,0.07,1.94,7,1.0,0.0,0.0
gpm1,GPM1,2026-08-20,11.17.05.2002,Bale Redelong,provisional_catchment,yes,4.81572033808049,96.877105410688,Asia/Jakarta,Forecast Redelong representative point. BMKG ADM4 reference: 11.17.05.2002 (Bale Redelong). Initial BMKG reference for catchment point Spatial role: provisional_catchment. Area analisis provisional; menunggu konfirmasi batas DAS resmi.,20:00,7,6.9366,cukup,"BMKG,CMA,ECMWF,GFS,ICON,METEOFRANCE,UKMO",Berawan,96.9,Tinggi,15.09,+/-1.92,91.33,+/-9.2,0.0,+/-0.0,15.09,+/-1.92,0.0,0.0,100.0,0.0,0.0,0.0,1.92,9.2,0.0,1.92,7,1.0,8.57,60.0
gpm1,GPM1,2026-08-20,11.17.05.2002,Bale Redelong,provisional_catchment,yes,4.81572033808049,96.877105410688,Asia/Jakarta,Forecast Redelong representative point. BMKG ADM4 reference: 11.17.05.2002 (Bale Redelong). Initial BMKG reference for catchment point Spatial role: provisional_catchment. Area analisis provisional; menunggu konfirmasi batas DAS resmi.,21:00,7,6.9366,cukup,"BMKG,CMA,ECMWF,GFS,ICON,METEOFRANCE,UKMO",Berawan,97.2,Tinggi,14.37,+/-1.67,92.59,+/-7.34,0.0,+/-0.0,14.37,+/-1.67,0.0,0.0,100.0,0.0,0.0,0.0,1.67,7.34,0.0,1.67,7,1.0,8.57,60.0
gpm1,GPM1,2026-08-20,11.17.05.2002,Bale Redelong,provisional_catchment,yes,4.81572033808049,96.877105410688,Asia/Jakarta,Forecast Redelong representative point. BMKG ADM4 reference: 11.17.05.2002 (Bale Redelong). Initial BMKG reference for catchment point Spatial role: provisional_catchment. Area analisis provisional; menunggu konfirmasi batas DAS resmi.,22:00,7,7.2488,cukup,"BMKG,CMA,ECMWF,GFS,ICON,METEOFRANCE,UKMO",Berawan,98.3,Tinggi,14.07,+/-1.8,92.21,+/-6.13,0.0,+/-0.0,14.07,+/-1.8,0.0,0.0,100.0,0.0,0.0,0.0,1.8,6.13,0.0,1.8,7,1.0,0.0,0.0
gpm1,GPM1,2026-08-20,11.17.05.2002,Bale Redelong,provisional_catchment,yes,4.81572033808049,96.877105410688,Asia/Jakarta,Forecast Redelong representative point. BMKG ADM4 reference: 11.17.05.2002 (Bale Redelong). Initial BMKG reference for catchment point Spatial role: provisional_catchment. Area analisis provisional; menunggu konfirmasi batas DAS resmi.,23:00,7,6.9366,cukup,"BMKG,CMA,ECMWF,GFS,ICON,METEOFRANCE,UKMO",Berawan,97.3,Tinggi,13.56,+/-1.93,92.59,+/-3.93,0.0,+/-0.0,13.56,+/-1.93,0.0,0.0,100.0,0.0,0.0,0.0,1.93,3.93,0.0,1.93,7,1.0,8.57,60.0
gpm1,GPM1,2026-08-21,11.17.05.2002,Bale Redelong,provisional_catchment,yes,4.81572033808049,96.877105410688,Asia/Jakarta,Forecast Redelong representative point. BMKG ADM4 reference: 11.17.05.2002 (Bale Redelong). Initial BMKG reference for catchment point Spatial role: provisional_catchment. Area analisis provisional; menunggu konfirmasi batas DAS resmi.,00:00,7,6.9284,cukup,"BMKG,CMA,ECMWF,GFS,ICON,METEOFRANCE,UKMO",Berawan,97.4,Tinggi,13.29,+/-1.9,92.71,+/-3.03,0.0,+/-0.0,13.29,+/-1.9,0.0,0.0,100.0,0.0,0.0,0.0,1.9,3.03,0.0,1.9,7,1.0,8.57,60.0
gpm1,GPM1,2026-08-21,11.17.05.2002,Bale Redelong,provisional_catchment,yes,4.81572033808049,96.877105410688,Asia/Jakarta,Forecast Redelong representative point. BMKG ADM4 reference: 11.17.05.2002 (Bale Redelong). Initial BMKG reference for catchment point Spatial role: provisional_catchment. Area analisis provisional; menunggu konfirmasi batas DAS resmi.,01:00,7,7.2379,cukup,"BMKG,CMA,ECMWF,GFS,ICON,METEOFRANCE,UKMO",Berawan,98.3,Tinggi,13.1,+/-2.02,92.45,+/-3.71,0.0,+/-0.0,13.1,+/-2.02,0.0,0.0,100.0,0.0,0.0,0.0,2.02,3.71,0.0,2.02,7,1.0,0.0,0.0
gpm1,GPM1,2026-08-21,11.17.05.2002,Bale Redelong,provisional_catchment,yes,4.81572033808049,96.877105410688,Asia/Jakarta,Forecast Redelong representative point. BMKG ADM4 reference: 11.17.05.2002 (Bale Redelong). Initial BMKG reference for catchment point Spatial role: provisional_catchment. Area analisis provisional; menunggu konfirmasi batas DAS resmi.,02:00,7,6.9284,cukup,"BMKG,CMA,ECMWF,GFS,ICON,METEOFRANCE,UKMO",Berawan,97.2,Tinggi,12.68,+/-2.06,92.57,+/-4.23,0.0,+/-0.0,12.68,+/-2.06,0.0,0.0,100.0,0.0,0.0,0.0,2.06,4.23,0.0,2.06,7,1.0,8.57,60.0
gpm1,GPM1,2026-08-21,11.17.05.2002,Bale Redelong,provisional_catchment,yes,4.81572033808049,96.877105410688,Asia/Jakarta,Forecast Redelong representative point. BMKG ADM4 reference: 11.17.05.2002 (Bale Redelong). Initial BMKG reference for catchment point Spatial role: provisional_catchment. Area analisis provisional; menunggu konfirmasi batas DAS resmi.,03:00,7,6.9284,cukup,"BMKG,CMA,ECMWF,GFS,ICON,METEOFRANCE,UKMO",Berawan,93.4,Tinggi,12.41,+/-2.21,90.91,+/-6.09,0.0,+/-0.0,12.41,+/-2.21,0.0,14.4,85.6,0.0,0.0,0.0,2.21,6.09,0.0,2.21,7,1.0,8.57,60.0
gpm1,GPM1,2026-08-21,11.17.05.2002,Bale Redelong,provisional_catchment,yes,4.81572033808049,96.877105410688,Asia/Jakarta,Forecast Redelong representative point. BMKG ADM4 reference: 11.17.05.2002 (Bale Redelong). Initial BMKG reference for catchment point Spatial role: provisional_catchment. Area analisis provisional; menunggu konfirmasi batas DAS resmi.,04:00,7,7.2379,cukup,"BMKG,CMA,ECMWF,GFS,ICON,METEOFRANCE,UKMO",Berawan,97.8,Tinggi,12.45,+/-2.39,88.49,+/-8.35,0.0,+/-0.0,12.45,+/-2.39,0.0,0.0,100.0,0.0,0.0,0.0,2.39,8.35,0.0,2.39,7,1.0,0.0,0.0
gpm1,GPM1,2026-08-21,11.17.05.2002,Bale Redelong,provisional_catchment,yes,4.81572033808049,96.877105410688,Asia/Jakarta,Forecast Redelong representative point. BMKG ADM4 reference: 11.17.05.2002 (Bale Redelong). Initial BMKG reference for catchment point Spatial role: provisional_catchment. Area analisis provisional; menunggu konfirmasi batas DAS resmi.,05:00,7,6.9284,cukup,"BMKG,CMA,ECMWF,GFS,ICON,METEOFRANCE,UKMO",Berawan,93.1,Tinggi,12.13,+/-2.27,87.01,+/-9.43,0.0,+/-0.0,12.13,+/-2.27,0.0,14.4,85.6,0.0,0.0,0.0,2.27,9.43,0.0,2.27,7,1.0,8.57,60.0
gpm1,GPM1,2026-08-21,11.17.05.2002,Bale Redelong,provisional_catchment,yes,4.81572033808049,96.877105410688,Asia/Jakarta,Forecast Redelong representative point. BMKG ADM4 reference: 11.17.05.2002 (Bale Redelong). Initial BMKG reference for catchment point Spatial role: provisional_catchment. Area analisis provisional; menunggu konfirmasi batas DAS resmi.,06:00,7,6.9284,cukup,"BMKG,CMA,ECMWF,GFS,ICON,METEOFRANCE,UKMO",Berawan,97.1,Tinggi,12.31,+/-2.77,93.0,+/-1.0,0.0,+/-0.0,12.31,+/-2.77,0.0,0.0,100.0,0.0,0.0,0.0,2.77,1.0,0.0,2.77,7,1.0,8.57,60.0
gpm1,GPM1,2026-08-21,11.17.05.2002,Bale Redelong,provisional_catchment,yes,4.81572033808049,96.877105410688,Asia/Jakarta,Forecast Redelong representative point. BMKG ADM4 reference: 11.17.05.2002 (Bale Redelong). Initial BMKG reference for catchment point Spatial role: provisional_catchment. Area analisis provisional; menunggu konfirmasi batas DAS resmi.,07:00,7,7.2379,cukup,"BMKG,CMA,ECMWF,GFS,ICON,METEOFRANCE,UKMO",Berawan,97.5,Tinggi,12.89,+/-2.7,83.11,+/-9.73,0.0,+/-0.0,12.89,+/-2.7,0.0,0.0,100.0,0.0,0.0,0.0,2.7,9.73,0.0,2.7,7,1.0,0.0,0.0
gpm1,GPM1,2026-08-21,11.17.05.2002,Bale Redelong,provisional_catchment,yes,4.81572033808049,96.877105410688,Asia/Jakarta,Forecast Redelong representative point. BMKG ADM4 reference: 11.17.05.2002 (Bale Redelong). Initial BMKG reference for catchment point Spatial role: provisional_catchment. Area analisis provisional; menunggu konfirmasi batas DAS resmi.,08:00,7,6.9284,cukup,"BMKG,CMA,ECMWF,GFS,ICON,METEOFRANCE,UKMO",Berawan,97.3,Tinggi,14.26,+/-1.91,83.23,+/-3.92,0.0,+/-0.0,14.26,+/-1.91,0.0,0.0,100.0,0.0,0.0,0.0,1.91,3.92,0.0,1.91,7,1.0,8.57,60.0
gpm1,GPM1,2026-08-21,11.17.05.2002,Bale Redelong,provisional_catchment,yes,4.81572033808049,96.877105410688,Asia/Jakarta,Forecast Redelong representative point. BMKG ADM4 reference: 11.17.05.2002 (Bale Redelong). Initial BMKG reference for catchment point Spatial role: provisional_catchment. Area analisis provisional; menunggu konfirmasi batas DAS resmi.,09:00,7,6.9284,cukup,"BMKG,CMA,ECMWF,GFS,ICON,METEOFRANCE,UKMO",Berawan,93.6,Tinggi,15.92,+/-1.3,69.64,+/-12.51,0.0,+/-0.0,15.92,+/-1.3,13.4,0.0,86.6,0.0,0.0,0.0,1.3,12.51,0.0,1.3,7,1.0,8.57,60.0
gpm1,GPM1,2026-08-21,11.17.05.2002,Bale Redelong,provisional_catchment,yes,4.81572033808049,96.877105410688,Asia/Jakarta,Forecast Redelong representative point. BMKG ADM4 reference: 11.17.05.2002 (Bale Redelong). Initial BMKG reference for catchment point Spatial role: provisional_catchment. Area analisis provisional; menunggu konfirmasi batas DAS resmi.,10:00,7,7.2379,cukup,"BMKG,CMA,ECMWF,GFS,ICON,METEOFRANCE,UKMO",Berawan,94.8,Tinggi,18.25,+/-0.7,67.4,+/-2.06,0.0,+/-0.0,18.25,+/-0.7,17.1,0.0,82.9,0.0,0.0,0.0,0.7,2.06,0.0,0.7,7,1.0,0.0,0.0
gpm1,GPM1,2026-08-21,11.17.05.2002,Bale Redelong,provisional_catchment,yes,4.81572033808049,96.877105410688,Asia/Jakarta,Forecast Redelong representative point. BMKG ADM4 reference: 11.17.05.2002 (Bale Redelong). Initial BMKG reference for catchment point Spatial role: provisional_catchment. Area analisis provisional; menunggu konfirmasi batas DAS resmi.,11:00,7,6.9284,cukup,"BMKG,CMA,ECMWF,GFS,ICON,METEOFRANCE,UKMO",Berawan,86.6,Tinggi,20.13,+/-1.39,56.79,+/-9.06,0.05,+/-0.08,20.13,+/-1.39,13.4,0.0,57.7,28.9,0.0,0.0,1.39,9.06,0.08,1.39,7,1.0,8.57,60.0
gpm1,GPM1,2026-08-21,11.17.05.2002,Bale Redelong,provisional_catchment,yes,4.81572033808049,96.877105410688,Asia/Jakarta,Forecast Redelong representative point. BMKG ADM4 reference: 11.17.05.2002 (Bale Redelong). Initial BMKG reference for catchment point Spatial role: provisional_catchment. Area analisis provisional; menunggu konfirmasi batas DAS resmi.,12:00,7,6.9284,cukup,"BMKG,CMA,ECMWF,GFS,ICON,METEOFRANCE,UKMO",Berawan,85.9,Tinggi,21.0,+/-2.02,55.21,+/-10.2,0.05,+/-0.08,21.0,+/-2.02,0.0,14.4,56.7,28.9,0.0,0.0,2.02,10.2,0.08,2.02,7,1.0,8.57,60.0
gpm1,GPM1,2026-08-21,11.17.05.2002,Bale Redelong,provisional_catchment,yes,4.81572033808049,96.877105410688,Asia/Jakarta,Forecast Redelong representative point. BMKG ADM4 reference: 11.17.05.2002 (Bale Redelong). Initial BMKG reference for catchment point Spatial role: provisional_catchment. Area analisis provisional; menunggu konfirmasi batas DAS resmi.,13:00,7,7.2379,cukup,"BMKG,CMA,ECMWF,GFS,ICON,METEOFRANCE,UKMO",Berawan,90.5,Tinggi,21.49,+/-2.43,55.49,+/-12.99,0.05,+/-0.08,21.49,+/-2.43,0.0,0.0,72.4,27.6,0.0,0.0,2.43,12.99,0.08,2.43,7,1.0,0.0,0.0
gpm1,GPM1,2026-08-21,11.17.05.2002,Bale Redelong,provisional_catchment,yes,4.81572033808049,96.877105410688,Asia/Jakarta,Forecast Redelong representative point. BMKG ADM4 reference: 11.17.05.2002 (Bale Redelong). Initial BMKG reference for catchment point Spatial role: provisional_catchment. Area analisis provisional; menunggu konfirmasi batas DAS resmi.,14:00,7,6.9284,cukup,"BMKG,CMA,ECMWF,GFS,ICON,METEOFRANCE,UKMO",Berawan,85.4,Tinggi,21.09,+/-2.37,57.37,+/-14.71,0.1,+/-0.13,21.09,+/-2.37,0.0,0.0,56.7,28.9,14.4,0.0,2.37,14.71,0.13,2.37,7,1.0,8.57,60.0
gpm1,GPM1,2026-08-21,11.17.05.2002,Bale Redelong,provisional_catchment,yes,4.81572033808049,96.877105410688,Asia/Jakarta,Forecast Redelong representative point. BMKG ADM4 reference: 11.17.05.2002 (Bale Redelong). Initial BMKG reference for catchment point Spatial role: provisional_catchment. Area analisis provisional; menunggu konfirmasi batas DAS resmi.,15:00,7,6.9284,cukup,"BMKG,CMA,ECMWF,GFS,ICON,METEOFRANCE,UKMO",Hujan Ringan,82.5,Tinggi,20.93,+/-1.46,64.19,+/-14.46,0.1,+/-0.09,20.93,+/-1.46,0.0,13.4,28.9,43.3,14.4,0.0,1.46,14.46,0.09,1.46,7,1.0,8.57,60.0
gpm1,GPM1,2026-08-21,11.17.05.2002,Bale Redelong,provisional_catchment,yes,4.81572033808049,96.877105410688,Asia/Jakarta,Forecast Redelong representative point. BMKG ADM4 reference: 11.17.05.2002 (Bale Redelong). Initial BMKG reference for catchment point Spatial role: provisional_catchment. Area analisis provisional; menunggu konfirmasi batas DAS resmi.,16:00,7,7.2379,cukup,"BMKG,CMA,ECMWF,GFS,ICON,METEOFRANCE,UKMO",Hujan Ringan,82.7,Tinggi,20.27,+/-2.0,71.05,+/-15.12,0.22,+/-0.22,20.27,+/-2.0,0.0,17.1,27.6,41.4,13.8,0.0,2.0,15.12,0.22,2.0,7,1.0,0.0,0.0
gpm1,GPM1,2026-08-21,11.17.05.2002,Bale Redelong,provisional_catchment,yes,4.81572033808049,96.877105410688,Asia/Jakarta,Forecast Redelong representative point. BMKG ADM4 reference: 11.17.05.2002 (Bale Redelong). Initial BMKG reference for catchment point Spatial role: provisional_catchment. Area analisis provisional; menunggu konfirmasi batas DAS resmi.,17:00,7,6.9284,cukup,"BMKG,CMA,ECMWF,GFS,ICON,METEOFRANCE,UKMO",Hujan Ringan,89.2,Tinggi,18.61,+/-2.46,77.46,+/-14.76,0.1,+/-0.07,18.61,+/-2.46,0.0,13.4,14.4,72.2,0.0,0.0,2.46,14.76,0.07,2.46,7,1.0,8.57,60.0
gpm1,GPM1,2026-08-21,11.17.05.2002,Bale Redelong,provisional_catchment,yes,4.81572033808049,96.877105410688,Asia/Jakarta,Forecast Redelong representative point. BMKG ADM4 reference: 11.17.05.2002 (Bale Redelong). Initial BMKG reference for catchment point Spatial role: provisional_catchment. Area analisis provisional; menunggu konfirmasi batas DAS resmi.,18:00,7,6.9284,cukup,"BMKG,CMA,ECMWF,GFS,ICON,METEOFRANCE,UKMO",Hujan Ringan,89.9,Tinggi,16.89,+/-1.53,86.89,+/-9.73,0.26,+/-0.24,16.89,+/-1.53,0.0,13.4,14.4,72.2,0.0,0.0,1.53,9.73,0.24,1.53,7,1.0,8.57,60.0
gpm1,GPM1,2026-08-21,11.17.05.2002,Bale Redelong,provisional_catchment,yes,4.81572033808049,96.877105410688,Asia/Jakarta,Forecast Redelong representative point. BMKG ADM4 reference: 11.17.05.2002 (Bale Redelong). Initial BMKG reference for catchment point Spatial role: provisional_catchment. Area analisis provisional; menunggu konfirmasi batas DAS resmi.,19:00,7,7.2379,cukup,"BMKG,CMA,ECMWF,GFS,ICON,METEOFRANCE,UKMO",Hujan Ringan,90.4,Tinggi,15.98,+/-1.72,90.63,+/-7.36,0.18,+/-0.11,15.98,+/-1.72,0.0,17.1,13.8,69.1,0.0,0.0,1.72,7.36,0.11,1.72,7,1.0,0.0,0.0
gpm1,GPM1,2026-08-21,11.17.05.2002,Bale Redelong,provisional_catchment,yes,4.81572033808049,96.877105410688,Asia/Jakarta,Forecast Redelong representative point. BMKG ADM4 reference: 11.17.05.2002 (Bale Redelong). Initial BMKG reference for catchment point Spatial role: provisional_catchment. Area analisis provisional; menunggu konfirmasi batas DAS resmi.,20:00,7,6.9284,cukup,"BMKG,CMA,ECMWF,GFS,ICON,METEOFRANCE,UKMO",Berawan,93.9,Tinggi,15.36,+/-1.79,92.66,+/-6.11,0.0,+/-0.0,15.36,+/-1.79,0.0,13.4,86.6,0.0,0.0,0.0,1.79,6.11,0.0,1.79,7,1.0,8.57,60.0
gpm1,GPM1,2026-08-21,11.17.05.2002,Bale Redelong,provisional_catchment,yes,4.81572033808049,96.877105410688,Asia/Jakarta,Forecast Redelong representative point. BMKG ADM4 reference: 11.17.05.2002 (Bale Redelong). Initial BMKG reference for catchment point Spatial role: provisional_catchment. Area analisis provisional; menunggu konfirmasi batas DAS resmi.,21:00,7,6.9284,cukup,"BMKG,CMA,ECMWF,GFS,ICON,METEOFRANCE,UKMO",Berawan,97.3,Tinggi,14.76,+/-1.77,93.36,+/-5.03,0.0,+/-0.0,14.76,+/-1.77,0.0,0.0,100.0,0.0,0.0,0.0,1.77,5.03,0.0,1.77,7,1.0,8.57,60.0
gpm1,GPM1,2026-08-21,11.17.05.2002,Bale Redelong,provisional_catchment,yes,4.81572033808049,96.877105410688,Asia/Jakarta,Forecast Redelong representative point. BMKG ADM4 reference: 11.17.05.2002 (Bale Redelong). Initial BMKG reference for catchment point Spatial role: provisional_catchment. Area analisis provisional; menunggu konfirmasi batas DAS resmi.,22:00,7,7.2379,cukup,"BMKG,CMA,ECMWF,GFS,ICON,METEOFRANCE,UKMO",Berawan,98.3,Tinggi,14.49,+/-1.88,93.18,+/-4.71,0.0,+/-0.0,14.49,+/-1.88,0.0,0.0,100.0,0.0,0.0,0.0,1.88,4.71,0.0,1.88,7,1.0,0.0,0.0
gpm1,GPM1,2026-08-21,11.17.05.2002,Bale Redelong,provisional_catchment,yes,4.81572033808049,96.877105410688,Asia/Jakarta,Forecast Redelong representative point. BMKG ADM4 reference: 11.17.05.2002 (Bale Redelong). Initial BMKG reference for catchment point Spatial role: provisional_catchment. Area analisis provisional; menunggu konfirmasi batas DAS resmi.,23:00,7,6.9284,cukup,"BMKG,CMA,ECMWF,GFS,ICON,METEOFRANCE,UKMO",Berawan,97.2,Tinggi,13.85,+/-2.07,94.23,+/-3.91,0.0,+/-0.0,13.85,+/-2.07,0.0,0.0,100.0,0.0,0.0,0.0,2.07,3.91,0.0,2.07,7,1.0,8.57,60.0
gpm1,GPM1,2026-08-22,11.17.05.2002,Bale Redelong,provisional_catchment,yes,4.81572033808049,96.877105410688,Asia/Jakarta,Forecast Redelong representative point. BMKG ADM4 reference: 11.17.05.2002 (Bale Redelong). Initial BMKG reference for catchment point Spatial role: provisional_catchment. Area analisis provisional; menunggu konfirmasi batas DAS resmi.,00:00,7,6.9312,cukup,"BMKG,CMA,ECMWF,GFS,ICON,METEOFRANCE,UKMO",Berawan,97.4,Tinggi,13.62,+/-1.97,95.83,+/-2.48,0.0,+/-0.0,13.62,+/-1.97,0.0,0.0,100.0,0.0,0.0,0.0,1.97,2.48,0.0,1.97,7,1.0,8.57,60.0
gpm1,GPM1,2026-08-22,11.17.05.2002,Bale Redelong,provisional_catchment,yes,4.81572033808049,96.877105410688,Asia/Jakarta,Forecast Redelong representative point. BMKG ADM4 reference: 11.17.05.2002 (Bale Redelong). Initial BMKG reference for catchment point Spatial role: provisional_catchment. Area analisis provisional; menunggu konfirmasi batas DAS resmi.,01:00,7,7.2416,cukup,"BMKG,CMA,ECMWF,GFS,ICON,METEOFRANCE,UKMO",Berawan,94.9,Tinggi,13.51,+/-2.18,96.0,+/-2.31,0.0,+/-0.0,13.51,+/-2.18,13.8,0.0,86.2,0.0,0.0,0.0,2.18,2.31,0.0,2.18,7,1.0,0.0,0.0
gpm1,GPM1,2026-08-22,11.17.05.2002,Bale Redelong,provisional_catchment,yes,4.81572033808049,96.877105410688,Asia/Jakarta,Forecast Redelong representative point. BMKG ADM4 reference: 11.17.05.2002 (Bale Redelong). Initial BMKG reference for catchment point Spatial role: provisional_catchment. Area analisis provisional; menunggu konfirmasi batas DAS resmi.,02:00,7,6.9312,cukup,"BMKG,CMA,ECMWF,GFS,ICON,METEOFRANCE,UKMO",Berawan,93.7,Tinggi,12.93,+/-2.25,96.83,+/-1.95,0.0,+/-0.0,12.93,+/-2.25,14.4,0.0,85.6,0.0,0.0,0.0,2.25,1.95,0.0,2.25,7,1.0,8.57,60.0
gpm1,GPM1,2026-08-22,11.17.05.2002,Bale Redelong,provisional_catchment,yes,4.81572033808049,96.877105410688,Asia/Jakarta,Forecast Redelong representative point. BMKG ADM4 reference: 11.17.05.2002 (Bale Redelong). Initial BMKG reference for catchment point Spatial role: provisional_catchment. Area analisis provisional; menunggu konfirmasi batas DAS resmi.,03:00,7,6.9312,cukup,"BMKG,CMA,ECMWF,GFS,ICON,METEOFRANCE,UKMO",Berawan,86.8,Tinggi,12.45,+/-2.14,97.17,+/-1.57,0.0,+/-0.0,12.45,+/-2.14,27.9,14.4,57.7,0.0,0.0,0.0,2.14,1.57,0.0,2.14,7,1.0,8.57,60.0
gpm1,GPM1,2026-08-22,11.17.05.2002,Bale Redelong,provisional_catchment,yes,4.81572033808049,96.877105410688,Asia/Jakarta,Forecast Redelong representative point. BMKG ADM4 reference: 11.17.05.2002 (Bale Redelong). Initial BMKG reference for catchment point Spatial role: provisional_catchment. Area analisis provisional; menunggu konfirmasi batas DAS resmi.,04:00,7,7.2416,cukup,"BMKG,CMA,ECMWF,GFS,ICON,METEOFRANCE,UKMO",Berawan,87.2,Tinggi,12.44,+/-2.25,96.83,+/-1.77,0.0,+/-0.0,12.44,+/-2.25,31.0,13.8,55.2,0.0,0.0,0.0,2.25,1.77,0.0,2.25,7,1.0,0.0,0.0
gpm1,GPM1,2026-08-22,11.17.05.2002,Bale Redelong,provisional_catchment,yes,4.81572033808049,96.877105410688,Asia/Jakarta,Forecast Redelong representative point. BMKG ADM4 reference: 11.17.05.2002 (Bale Redelong). Initial BMKG reference for catchment point Spatial role: provisional_catchment. Area analisis provisional; menunggu konfirmasi batas DAS resmi.,05:00,7,6.9312,cukup,"BMKG,CMA,ECMWF,GFS,ICON,METEOFRANCE,UKMO",Berawan,86.8,Tinggi,12.18,+/-2.07,96.5,+/-2.14,0.0,+/-0.0,12.18,+/-2.07,13.4,28.9,57.7,0.0,0.0,0.0,2.07,2.14,0.0,2.07,7,1.0,8.57,60.0
gpm1,GPM1,2026-08-22,11.17.05.2002,Bale Redelong,provisional_catchment,yes,4.81572033808049,96.877105410688,Asia/Jakarta,Forecast Redelong representative point. BMKG ADM4 reference: 11.17.05.2002 (Bale Redelong). Initial BMKG reference for catchment point Spatial role: provisional_catchment. Area analisis provisional; menunggu konfirmasi batas DAS resmi.,06:00,7,6.9312,cukup,"BMKG,CMA,ECMWF,GFS,ICON,METEOFRANCE,UKMO",Berawan,86.5,Tinggi,12.62,+/-2.78,96.8,+/-1.33,0.0,+/-0.0,12.62,+/-2.78,13.4,28.9,57.7,0.0,0.0,0.0,2.78,1.33,0.0,2.78,7,1.0,8.57,60.0
gpm1,GPM1,2026-08-22,11.17.05.2002,Bale Redelong,provisional_catchment,yes,4.81572033808049,96.877105410688,Asia/Jakarta,Forecast Redelong representative point. BMKG ADM4 reference: 11.17.05.2002 (Bale Redelong). Initial BMKG reference for catchment point Spatial role: provisional_catchment. Area analisis provisional; menunggu konfirmasi batas DAS resmi.,07:00,7,7.2416,cukup,"BMKG,CMA,ECMWF,GFS,ICON,METEOFRANCE,UKMO",Berawan,90.1,Tinggi,13.37,+/-2.75,90.74,+/-6.17,0.0,+/-0.0,13.37,+/-2.75,17.1,13.8,69.0,0.0,0.0,0.0,2.75,6.17,0.0,2.75,7,1.0,0.0,0.0
gpm1,GPM1,2026-08-22,11.17.05.2002,Bale Redelong,provisional_catchment,yes,4.81572033808049,96.877105410688,Asia/Jakarta,Forecast Redelong representative point. BMKG ADM4 reference: 11.17.05.2002 (Bale Redelong). Initial BMKG reference for catchment point Spatial role: provisional_catchment. Area analisis provisional; menunggu konfirmasi batas DAS resmi.,08:00,7,6.9312,cukup,"BMKG,CMA,ECMWF,GFS,ICON,METEOFRANCE,UKMO",Berawan,86.7,Tinggi,14.95,+/-1.79,85.35,+/-4.78,0.0,+/-0.0,14.95,+/-1.79,13.4,28.9,57.7,0.0,0.0,0.0,1.79,4.78,0.0,1.79,7,1.0,8.57,60.0
gpm1,GPM1,2026-08-22,11.17.05.2002,Bale Redelong,provisional_catchment,yes,4.81572033808049,96.877105410688,Asia/Jakarta,Forecast Redelong representative point. BMKG ADM4 reference: 11.17.05.2002 (Bale Redelong). Initial BMKG reference for catchment point Spatial role: provisional_catchment. Area analisis provisional; menunggu konfirmasi batas DAS resmi.,09:00,7,6.9312,cukup,"BMKG,CMA,ECMWF,GFS,ICON,METEOFRANCE,UKMO",Berawan,86.9,Tinggi,16.92,+/-0.75,72.62,+/-9.93,0.0,+/-0.0,16.92,+/-0.75,27.9,14.4,57.7,0.0,0.0,0.0,0.75,9.93,0.0,0.75,7,1.0,8.57,60.0
gpm1,GPM1,2026-08-22,11.17.05.2002,Bale Redelong,provisional_catchment,yes,4.81572033808049,96.877105410688,Asia/Jakarta,Forecast Redelong representative point. BMKG ADM4 reference: 11.17.05.2002 (Bale Redelong). Initial BMKG reference for catchment point Spatial role: provisional_catchment. Area analisis provisional; menunggu konfirmasi batas DAS resmi.,10:00,7,7.2416,cukup,"BMKG,CMA,ECMWF,GFS,ICON,METEOFRANCE,UKMO",Berawan,87.3,Tinggi,18.75,+/-0.78,66.39,+/-9.83,0.0,+/-0.0,18.75,+/-0.78,31.0,13.8,55.2,0.0,0.0,0.0,0.78,9.83,0.0,0.78,7,1.0,0.0,0.0
gpm1,GPM1,2026-08-22,11.17.05.2002,Bale Redelong,provisional_catchment,yes,4.81572033808049,96.877105410688,Asia/Jakarta,Forecast Redelong representative point. BMKG ADM4 reference: 11.17.05.2002 (Bale Redelong). Initial BMKG reference for catchment point Spatial role: provisional_catchment. Area analisis provisional; menunggu konfirmasi batas DAS resmi.,11:00,7,6.9312,cukup,"BMKG,CMA,ECMWF,GFS,ICON,METEOFRANCE,UKMO",Hujan Ringan,85.7,Tinggi,20.15,+/-1.89,65.84,+/-11.05,0.46,+/-0.64,20.15,+/-1.89,13.4,14.4,14.4,57.7,0.0,0.0,1.89,11.05,0.64,1.89,7,1.0,8.57,60.0
gpm1,GPM1,2026-08-22,11.17.05.2002,Bale Redelong,provisional_catchment,yes,4.81572033808049,96.877105410688,Asia/Jakarta,Forecast Redelong representative point. BMKG ADM4 reference: 11.17.05.2002 (Bale Redelong). Initial BMKG reference for catchment point Spatial role: provisional_catchment. Area analisis provisional; menunggu konfirmasi batas DAS resmi.,12:00,7,6.9312,cukup,"BMKG,CMA,ECMWF,GFS,ICON,METEOFRANCE,UKMO",Hujan Ringan,84.9,Tinggi,20.66,+/-2.75,65.66,+/-17.17,0.46,+/-0.64,20.66,+/-2.75,14.4,13.4,14.4,57.7,0.0,0.0,2.75,17.17,0.64,2.75,7,1.0,8.57,60.0
gpm1,GPM1,2026-08-22,11.17.05.2002,Bale Redelong,provisional_catchment,yes,4.81572033808049,96.877105410688,Asia/Jakarta,Forecast Redelong representative point. BMKG ADM4 reference: 11.17.05.2002 (Bale Redelong). Initial BMKG reference for catchment point Spatial role: provisional_catchment. Area analisis provisional; menunggu konfirmasi batas DAS resmi.,13:00,7,7.2416,cukup,"BMKG,CMA,ECMWF,GFS,ICON,METEOFRANCE,UKMO",Hujan Ringan,84.8,Tinggi,20.86,+/-3.19,66.44,+/-20.68,0.46,+/-0.64,20.86,+/-3.19,0.0,17.1,27.6,55.2,0.0,0.0,3.19,20.68,0.64,3.19,7,1.0,0.0,0.0
gpm1,GPM1,2026-08-22,11.17.05.2002,Bale Redelong,provisional_catchment,yes,4.81572033808049,96.877105410688,Asia/Jakarta,Forecast Redelong representative point. BMKG ADM4 reference: 11.17.05.2002 (Bale Redelong). Initial BMKG reference for catchment point Spatial role: provisional_catchment. Area analisis provisional; menunggu konfirmasi batas DAS resmi.,14:00,7,6.9312,cukup,"BMKG,CMA,ECMWF,GFS,ICON,METEOFRANCE,UKMO",Hujan Ringan,80.3,Tinggi,19.68,+/-3.04,73.45,+/-17.89,1.48,+/-1.66,19.68,+/-3.04,0.0,13.4,14.4,43.3,14.4,14.4,3.04,17.89,1.66,3.04,7,1.0,8.57,60.0
gpm1,GPM1,2026-08-22,11.17.05.2002,Bale Redelong,provisional_catchment,yes,4.81572033808049,96.877105410688,Asia/Jakarta,Forecast Redelong representative point. BMKG ADM4 reference: 11.17.05.2002 (Bale Redelong). Initial BMKG reference for catchment point Spatial role: provisional_catchment. Area analisis provisional; menunggu konfirmasi batas DAS resmi.,15:00,7,6.9312,cukup,"BMKG,CMA,ECMWF,GFS,ICON,METEOFRANCE,UKMO",Hujan Ringan,84.7,Tinggi,18.56,+/-2.44,81.01,+/-12.04,1.7,+/-1.53,18.56,+/-2.44,0.0,13.4,0.0,57.7,14.4,14.4,2.44,12.04,1.53,2.44,7,1.0,8.57,60.0
gpm1,GPM1,2026-08-22,11.17.05.2002,Bale Redelong,provisional_catchment,yes,4.81572033808049,96.877105410688,Asia/Jakarta,Forecast Redelong representative point. BMKG ADM4 reference: 11.17.05.2002 (Bale Redelong). Initial BMKG reference for catchment point Spatial role: provisional_catchment. Area analisis provisional; menunggu konfirmasi batas DAS resmi.,16:00,7,7.2416,cukup,"BMKG,CMA,ECMWF,GFS,ICON,METEOFRANCE,UKMO",Hujan Ringan,81.7,Tinggi,18.43,+/-2.52,81.43,+/-11.47,1.78,+/-1.51,18.43,+/-2.52,0.0,17.1,0.0,41.4,13.8,27.6,2.52,11.47,1.51,2.52,7,1.0,0.0,0.0
gpm1,GPM1,2026-08-22,11.17.05.2002,Bale Redelong,provisional_catchment,yes,4.81572033808049,96.877105410688,Asia/Jakarta,Forecast Redelong representative point. BMKG ADM4 reference: 11.17.05.2002 (Bale Redelong). Initial BMKG reference for catchment point Spatial role: provisional_catchment. Area analisis provisional; menunggu konfirmasi batas DAS resmi.,17:00,7,6.9312,cukup,"BMKG,CMA,ECMWF,GFS,ICON,METEOFRANCE,UKMO",Hujan Ringan,89.2,Tinggi,17.76,+/-2.48,83.76,+/-10.81,0.6,+/-0.44,17.76,+/-2.48,0.0,13.4,14.4,72.1,0.0,0.0,2.48,10.81,0.44,2.48,7,1.0,8.57,60.0
gpm1,GPM1,2026-08-22,11.17.05.2002,Bale Redelong,provisional_catchment,yes,4.81572033808049,96.877105410688,Asia/Jakarta,Forecast Redelong representative point. BMKG ADM4 reference: 11.17.05.2002 (Bale Redelong). Initial BMKG reference for catchment point Spatial role: provisional_catchment. Area analisis provisional; menunggu konfirmasi batas DAS resmi.,18:00,7,6.9312,cukup,"BMKG,CMA,ECMWF,GFS,ICON,METEOFRANCE,UKMO",Hujan Ringan,90.2,Tinggi,16.56,+/-1.72,93.48,+/-3.47,0.55,+/-0.45,16.56,+/-1.72,0.0,13.4,14.4,72.1,0.0,0.0,1.72,3.47,0.45,1.72,7,1.0,8.57,60.0
gpm1,GPM1,2026-08-22,11.17.05.2002,Bale Redelong,provisional_catchment,yes,4.81572033808049,96.877105410688,Asia/Jakarta,Forecast Redelong representative point. BMKG ADM4 reference: 11.17.05.2002 (Bale Redelong). Initial BMKG reference for catchment point Spatial role: provisional_catchment. Area analisis provisional; menunggu konfirmasi batas DAS resmi.,19:00,7,7.2416,cukup,"BMKG,CMA,ECMWF,GFS,ICON,METEOFRANCE,UKMO",Hujan Ringan,90.4,Tinggi,15.88,+/-2.14,95.8,+/-1.06,0.45,+/-0.47,15.88,+/-2.14,0.0,17.1,13.8,69.0,0.0,0.0,2.14,1.06,0.47,2.14,7,1.0,0.0,0.0
gpm1,GPM1,2026-08-22,11.17.05.2002,Bale Redelong,provisional_catchment,yes,4.81572033808049,96.877105410688,Asia/Jakarta,Forecast Redelong representative point. BMKG ADM4 reference: 11.17.05.2002 (Bale Redelong). Initial BMKG reference for catchment point Spatial role: provisional_catchment. Area analisis provisional; menunggu konfirmasi batas DAS resmi.,20:00,7,6.9312,cukup,"BMKG,CMA,ECMWF,GFS,ICON,METEOFRANCE,UKMO",Hujan Ringan,86.8,Tinggi,15.41,+/-2.2,96.52,+/-0.95,0.12,+/-0.09,15.41,+/-2.2,14.4,13.4,14.4,57.7,0.0,0.0,2.2,0.95,0.09,2.2,7,1.0,8.57,60.0
gpm1,GPM1,2026-08-22,11.17.05.2002,Bale Redelong,provisional_catchment,yes,4.81572033808049,96.877105410688,Asia/Jakarta,Forecast Redelong representative point. BMKG ADM4 reference: 11.17.05.2002 (Bale Redelong). Initial BMKG reference for catchment point Spatial role: provisional_catchment. Area analisis provisional; menunggu konfirmasi batas DAS resmi.,21:00,7,6.9312,cukup,"BMKG,CMA,ECMWF,GFS,ICON,METEOFRANCE,UKMO",Hujan Ringan,90.2,Tinggi,14.81,+/-1.9,95.39,+/-5.27,0.13,+/-0.07,14.81,+/-1.9,0.0,0.0,27.9,72.1,0.0,0.0,1.9,5.27,0.07,1.9,7,1.0,8.57,60.0
gpm1,GPM1,2026-08-22,11.17.05.2002,Bale Redelong,provisional_catchment,yes,4.81572033808049,96.877105410688,Asia/Jakarta,Forecast Redelong representative point. BMKG ADM4 reference: 11.17.05.2002 (Bale Redelong). Initial BMKG reference for catchment point Spatial role: provisional_catchment. Area analisis provisional; menunggu konfirmasi batas DAS resmi.,22:00,7,7.2416,cukup,"BMKG,CMA,ECMWF,GFS,ICON,METEOFRANCE,UKMO",Hujan Ringan,90.6,Tinggi,14.6,+/-1.98,96.38,+/-3.74,0.15,+/-0.08,14.6,+/-1.98,0.0,13.8,17.1,69.0,0.0,0.0,1.98,3.74,0.08,1.98,7,1.0,0.0,0.0
gpm1,GPM1,2026-08-22,11.17.05.2002,Bale Redelong,provisional_catchment,yes,4.81572033808049,96.877105410688,Asia/Jakarta,Forecast Redelong representative point. BMKG ADM4 reference: 11.17.05.2002 (Bale Redelong). Initial BMKG reference for catchment point Spatial role: provisional_catchment. Area analisis provisional; menunggu konfirmasi batas DAS resmi.,23:00,7,6.9312,cukup,"BMKG,CMA,ECMWF,GFS,ICON,METEOFRANCE,UKMO",Berawan,90.1,Tinggi,14.11,+/-1.98,96.84,+/-2.59,0.05,+/-0.08,14.11,+/-1.98,0.0,0.0,71.1,28.9,0.0,0.0,1.98,2.59,0.08,1.98,7,1.0,8.57,60.0
gpm1,GPM1,2026-08-23,11.17.05.2002,Bale Redelong,provisional_catchment,yes,4.81572033808049,96.877105410688,Asia/Jakarta,Forecast Redelong representative point. BMKG ADM4 reference: 11.17.05.2002 (Bale Redelong). Initial BMKG reference for catchment point Spatial role: provisional_catchment. Area analisis provisional; menunggu konfirmasi batas DAS resmi.,00:00,6,6.0,cukup,"CMA,ECMWF,GFS,ICON,METEOFRANCE,UKMO",Berawan,76.9,Sedang,13.37,+/-1.66,97.0,+/-2.08,0.03,+/-0.05,13.37,+/-1.66,0.0,16.7,50.0,33.3,0.0,0.0,1.66,2.08,0.05,1.66,7,0.8571,0.0,0.0
gpm1,GPM1,2026-08-23,11.17.05.2002,Bale Redelong,provisional_catchment,yes,4.81572033808049,96.877105410688,Asia/Jakarta,Forecast Redelong representative point. BMKG ADM4 reference: 11.17.05.2002 (Bale Redelong). Initial BMKG reference for catchment point Spatial role: provisional_catchment. Area analisis provisional; menunggu konfirmasi batas DAS resmi.,01:00,6,6.0,cukup,"CMA,ECMWF,GFS,ICON,METEOFRANCE,UKMO",Berawan,85.3,Tinggi,13.03,+/-1.51,97.33,+/-1.7,0.02,+/-0.04,13.03,+/-1.51,0.0,0.0,83.3,16.7,0.0,0.0,1.51,1.7,0.04,1.51,7,0.8571,0.0,0.0
gpm1,GPM1,2026-08-23,11.17.05.2002,Bale Redelong,provisional_catchment,yes,4.81572033808049,96.877105410688,Asia/Jakarta,Forecast Redelong representative point. BMKG ADM4 reference: 11.17.05.2002 (Bale Redelong). Initial BMKG reference for catchment point Spatial role: provisional_catchment. Area analisis provisional; menunggu konfirmasi batas DAS resmi.,02:00,6,6.0,cukup,"CMA,ECMWF,GFS,ICON,METEOFRANCE,UKMO",Berawan,81.2,Tinggi,12.82,+/-1.37,97.17,+/-1.95,0.0,+/-0.0,12.82,+/-1.37,0.0,33.3,66.7,0.0,0.0,0.0,1.37,1.95,0.0,1.37,7,0.8571,0.0,0.0
gpm1,GPM1,2026-08-23,11.17.05.2002,Bale Redelong,provisional_catchment,yes,4.81572033808049,96.877105410688,Asia/Jakarta,Forecast Redelong representative point. BMKG ADM4 reference: 11.17.05.2002 (Bale Redelong). Initial BMKG reference for catchment point Spatial role: provisional_catchment. Area analisis provisional; menunggu konfirmasi batas DAS resmi.,03:00,6,6.0,cukup,"CMA,ECMWF,GFS,ICON,METEOFRANCE,UKMO",Berawan,81.3,Tinggi,12.58,+/-1.24,97.0,+/-2.0,0.0,+/-0.0,12.58,+/-1.24,0.0,33.3,66.7,0.0,0.0,0.0,1.24,2.0,0.0,1.24,7,0.8571,0.0,0.0
gpm1,GPM1,2026-08-23,11.17.05.2002,Bale Redelong,provisional_catchment,yes,4.81572033808049,96.877105410688,Asia/Jakarta,Forecast Redelong representative point. BMKG ADM4 reference: 11.17.05.2002 (Bale Redelong). Initial BMKG reference for catchment point Spatial role: provisional_catchment. Area analisis provisional; menunggu konfirmasi batas DAS resmi.,04:00,6,6.0,cukup,"CMA,ECMWF,GFS,ICON,METEOFRANCE,UKMO",Berawan,81.3,Tinggi,12.37,+/-1.14,97.0,+/-2.31,0.0,+/-0.0,12.37,+/-1.14,0.0,33.3,66.7,0.0,0.0,0.0,1.14,2.31,0.0,1.14,7,0.8571,0.0,0.0
gpm1,GPM1,2026-08-23,11.17.05.2002,Bale Redelong,provisional_catchment,yes,4.81572033808049,96.877105410688,Asia/Jakarta,Forecast Redelong representative point. BMKG ADM4 reference: 11.17.05.2002 (Bale Redelong). Initial BMKG reference for catchment point Spatial role: provisional_catchment. Area analisis provisional; menunggu konfirmasi batas DAS resmi.,05:00,6,6.0,cukup,"CMA,ECMWF,GFS,ICON,METEOFRANCE,UKMO",Cerah Berawan,77.3,Sedang,12.02,+/-1.02,97.17,+/-1.95,0.0,+/-0.0,12.02,+/-1.02,16.7,50.0,33.3,0.0,0.0,0.0,1.02,1.95,0.0,1.02,7,0.8571,0.0,0.0
gpm1,GPM1,2026-08-23,11.17.05.2002,Bale Redelong,provisional_catchment,yes,4.81572033808049,96.877105410688,Asia/Jakarta,Forecast Redelong representative point. BMKG ADM4 reference: 11.17.05.2002 (Bale Redelong). Initial BMKG reference for catchment point Spatial role: provisional_catchment. Area analisis provisional; menunggu konfirmasi batas DAS resmi.,06:00,6,6.0,cukup,"CMA,ECMWF,GFS,ICON,METEOFRANCE,UKMO",Berawan,77.3,Sedang,11.67,+/-0.96,97.67,+/-2.21,0.0,+/-0.0,11.67,+/-0.96,16.7,33.3,50.0,0.0,0.0,0.0,0.96,2.21,0.0,0.96,7,0.8571,0.0,0.0
gpm1,GPM1,2026-08-23,11.17.05.2002,Bale Redelong,provisional_catchment,yes,4.81572033808049,96.877105410688,Asia/Jakarta,Forecast Redelong representative point. BMKG ADM4 reference: 11.17.05.2002 (Bale Redelong). Initial BMKG reference for catchment point Spatial role: provisional_catchment. Area analisis provisional; menunggu konfirmasi batas DAS resmi.,07:00,6,6.0,cukup,"CMA,ECMWF,GFS,ICON,METEOFRANCE,UKMO",Berawan,77.3,Sedang,12.02,+/-0.95,97.4,+/-1.2,0.0,+/-0.0,12.02,+/-0.95,0.0,50.0,50.0,0.0,0.0,0.0,0.95,1.2,0.0,0.95,7,0.8571,0.0,0.0
gpm1,GPM1,2026-08-23,11.17.05.2002,Bale Redelong,provisional_catchment,yes,4.81572033808049,96.877105410688,Asia/Jakarta,Forecast Redelong representative point. BMKG ADM4 reference: 11.17.05.2002 (Bale Redelong). Initial BMKG reference for catchment point Spatial role: provisional_catchment. Area analisis provisional; menunggu konfirmasi batas DAS resmi.,08:00,6,6.0,cukup,"CMA,ECMWF,GFS,ICON,METEOFRANCE,UKMO",Berawan,77.3,Sedang,14.0,+/-0.92,90.6,+/-1.36,0.0,+/-0.0,14.0,+/-0.92,0.0,50.0,50.0,0.0,0.0,0.0,0.92,1.36,0.0,0.92,7,0.8571,0.0,0.0
gpm1,GPM1,2026-08-23,11.17.05.2002,Bale Redelong,provisional_catchment,yes,4.81572033808049,96.877105410688,Asia/Jakarta,Forecast Redelong representative point. BMKG ADM4 reference: 11.17.05.2002 (Bale Redelong). Initial BMKG reference for catchment point Spatial role: provisional_catchment. Area analisis provisional; menunggu konfirmasi batas DAS resmi.,09:00,6,6.0,cukup,"CMA,ECMWF,GFS,ICON,METEOFRANCE,UKMO",Berawan,77.0,Sedang,16.67,+/-0.87,78.5,+/-6.16,0.0,+/-0.0,16.67,+/-0.87,0.0,50.0,50.0,0.0,0.0,0.0,0.87,6.16,0.0,0.87,7,0.8571,0.0,0.0
gpm1,GPM1,2026-08-23,11.17.05.2002,Bale Redelong,provisional_catchment,yes,4.81572033808049,96.877105410688,Asia/Jakarta,Forecast Redelong representative point. BMKG ADM4 reference: 11.17.05.2002 (Bale Redelong). Initial BMKG reference for catchment point Spatial role: provisional_catchment. Area analisis provisional; menunggu konfirmasi batas DAS resmi.,10:00,6,6.0,cukup,"CMA,ECMWF,GFS,ICON,METEOFRANCE,UKMO",Berawan,76.8,Sedang,18.75,+/-0.87,70.5,+/-8.28,0.02,+/-0.04,18.75,+/-0.87,0.0,33.3,50.0,16.7,0.0,0.0,0.87,8.28,0.04,0.87,7,0.8571,0.0,0.0
gpm1,GPM1,2026-08-23,11.17.05.2002,Bale Redelong,provisional_catchment,yes,4.81572033808049,96.877105410688,Asia/Jakarta,Forecast Redelong representative point. BMKG ADM4 reference: 11.17.05.2002 (Bale Redelong). Initial BMKG reference for catchment point Spatial role: provisional_catchment. Area analisis provisional; menunggu konfirmasi batas DAS resmi.,11:00,6,6.0,cukup,"CMA,ECMWF,GFS,ICON,METEOFRANCE,UKMO",Hujan Ringan,76.2,Sedang,19.63,+/-1.14,68.67,+/-11.57,0.38,+/-0.32,19.63,+/-1.14,0.0,16.7,16.7,50.0,16.7,0.0,1.14,11.57,0.32,1.14,7,0.8571,0.0,0.0
gpm1,GPM1,2026-08-23,11.17.05.2002,Bale Redelong,provisional_catchment,yes,4.81572033808049,96.877105410688,Asia/Jakarta,Forecast Redelong representative point. BMKG ADM4 reference: 11.17.05.2002 (Bale Redelong). Initial BMKG reference for catchment point Spatial role: provisional_catchment. Area analisis provisional; menunggu konfirmasi batas DAS resmi.,12:00,6,6.0,cukup,"CMA,ECMWF,GFS,ICON,METEOFRANCE,UKMO",Hujan Ringan,80.3,Tinggi,19.57,+/-1.17,72.33,+/-13.49,0.46,+/-0.27,19.57,+/-1.17,0.0,0.0,16.7,66.7,0.0,16.7,1.17,13.49,0.27,1.17,7,0.8571,0.0,0.0
gpm1,GPM1,2026-08-23,11.17.05.2002,Bale Redelong,provisional_catchment,yes,4.81572033808049,96.877105410688,Asia/Jakarta,Forecast Redelong representative point. BMKG ADM4 reference: 11.17.05.2002 (Bale Redelong). Initial BMKG reference for catchment point Spatial role: provisional_catchment. Area analisis provisional; menunggu konfirmasi batas DAS resmi.,13:00,6,6.0,cukup,"CMA,ECMWF,GFS,ICON,METEOFRANCE,UKMO",Hujan Ringan,80.2,Tinggi,19.12,+/-1.13,76.83,+/-14.3,0.52,+/-0.28,19.12,+/-1.13,0.0,0.0,16.7,66.7,0.0,16.7,1.13,14.3,0.28,1.13,7,0.8571,0.0,0.0
gpm1,GPM1,2026-08-23,11.17.05.2002,Bale Redelong,provisional_catchment,yes,4.81572033808049,96.877105410688,Asia/Jakarta,Forecast Redelong representative point. BMKG ADM4 reference: 11.17.05.2002 (Bale Redelong). Initial BMKG reference for catchment point Spatial role: provisional_catchment. Area analisis provisional; menunggu konfirmasi batas DAS resmi.,14:00,6,6.0,cukup,"CMA,ECMWF,GFS,ICON,METEOFRANCE,UKMO",Hujan Sedang,71.2,Sedang,18.22,+/-1.34,83.17,+/-12.28,2.62,+/-1.32,18.22,+/-1.34,0.0,0.0,0.0,33.3,33.3,33.3,1.34,12.28,1.32,1.34,7,0.8571,0.0,0.0
gpm1,GPM1,2026-08-23,11.17.05.2002,Bale Redelong,provisional_catchment,yes,4.81572033808049,96.877105410688,Asia/Jakarta,Forecast Redelong representative point. BMKG ADM4 reference: 11.17.05.2002 (Bale Redelong). Initial BMKG reference for catchment point Spatial role: provisional_catchment. Area analisis provisional; menunggu konfirmasi batas DAS resmi.,15:00,6,6.0,cukup,"CMA,ECMWF,GFS,ICON,METEOFRANCE,UKMO",Hujan Sedang,71.4,Sedang,17.58,+/-1.2,85.67,+/-10.32,2.6,+/-1.34,17.58,+/-1.2,0.0,0.0,0.0,33.3,33.3,33.3,1.2,10.32,1.34,1.2,7,0.8571,0.0,0.0
gpm1,GPM1,2026-08-23,11.17.05.2002,Bale Redelong,provisional_catchment,yes,4.81572033808049,96.877105410688,Asia/Jakarta,Forecast Redelong representative point. BMKG ADM4 reference: 11.17.05.2002 (Bale Redelong). Initial BMKG reference for catchment point Spatial role: provisional_catchment. Area analisis provisional; menunggu konfirmasi batas DAS resmi.,16:00,6,6.0,cukup,"CMA,ECMWF,GFS,ICON,METEOFRANCE,UKMO",Hujan Sedang,71.5,Sedang,16.9,+/-1.21,88.33,+/-8.77,2.58,+/-1.36,16.9,+/-1.21,0.0,0.0,0.0,33.3,33.3,33.3,1.21,8.77,1.36,1.21,7,0.8571,0.0,0.0
gpm1,GPM1,2026-08-23,11.17.05.2002,Bale Redelong,provisional_catchment,yes,4.81572033808049,96.877105410688,Asia/Jakarta,Forecast Redelong representative point. BMKG ADM4 reference: 11.17.05.2002 (Bale Redelong). Initial BMKG reference for catchment point Spatial role: provisional_catchment. Area analisis provisional; menunggu konfirmasi batas DAS resmi.,17:00,6,6.0,cukup,"CMA,ECMWF,GFS,ICON,METEOFRANCE,UKMO",Hujan Ringan,80.7,Tinggi,16.3,+/-1.27,90.5,+/-7.34,0.48,+/-0.2,16.3,+/-1.27,0.0,0.0,0.0,66.7,16.7,16.7,1.27,7.34,0.2,1.27,7,0.8571,0.0,0.0
gpm1,GPM1,2026-08-23,11.17.05.2002,Bale Redelong,provisional_catchment,yes,4.81572033808049,96.877105410688,Asia/Jakarta,Forecast Redelong representative point. BMKG ADM4 reference: 11.17.05.2002 (Bale Redelong). Initial BMKG reference for catchment point Spatial role: provisional_catchment. Area analisis provisional; menunggu konfirmasi batas DAS resmi.,18:00,6,6.0,cukup,"CMA,ECMWF,GFS,ICON,METEOFRANCE,UKMO",Hujan Ringan,81.0,Tinggi,15.62,+/-1.36,95.4,+/-2.58,0.53,+/-0.29,15.62,+/-1.36,0.0,0.0,0.0,66.7,16.7,16.7,1.36,2.58,0.29,1.36,7,0.8571,0.0,0.0
gpm1,GPM1,2026-08-23,11.17.05.2002,Bale Redelong,provisional_catchment,yes,4.81572033808049,96.877105410688,Asia/Jakarta,Forecast Redelong representative point. BMKG ADM4 reference: 11.17.05.2002 (Bale Redelong). Initial BMKG reference for catchment point Spatial role: provisional_catchment. Area analisis provisional; menunggu konfirmasi batas DAS resmi.,19:00,6,6.0,cukup,"CMA,ECMWF,GFS,ICON,METEOFRANCE,UKMO",Hujan Ringan,80.3,Tinggi,14.9,+/-1.62,97.0,+/-0.89,1.24,+/-1.26,14.9,+/-1.62,0.0,0.0,0.0,66.7,16.7,16.7,1.62,0.89,1.26,1.62,7,0.8571,0.0,0.0
gpm1,GPM1,2026-08-23,11.17.05.2002,Bale Redelong,provisional_catchment,yes,4.81572033808049,96.877105410688,Asia/Jakarta,Forecast Redelong representative point. BMKG ADM4 reference: 11.17.05.2002 (Bale Redelong). Initial BMKG reference for catchment point Spatial role: provisional_catchment. Area analisis provisional; menunggu konfirmasi batas DAS resmi.,20:00,6,6.0,cukup,"CMA,ECMWF,GFS,ICON,METEOFRANCE,UKMO",Berawan,77.1,Sedang,14.5,+/-1.54,97.4,+/-0.49,0.03,+/-0.04,14.5,+/-1.54,0.0,0.0,50.0,50.0,0.0,0.0,1.54,0.49,0.04,1.54,7,0.8571,0.0,0.0
gpm1,GPM1,2026-08-23,11.17.05.2002,Bale Redelong,provisional_catchment,yes,4.81572033808049,96.877105410688,Asia/Jakarta,Forecast Redelong representative point. BMKG ADM4 reference: 11.17.05.2002 (Bale Redelong). Initial BMKG reference for catchment point Spatial role: provisional_catchment. Area analisis provisional; menunggu konfirmasi batas DAS resmi.,21:00,6,6.0,cukup,"CMA,ECMWF,GFS,ICON,METEOFRANCE,UKMO",Berawan,77.1,Sedang,14.17,+/-1.44,97.6,+/-1.02,0.03,+/-0.04,14.17,+/-1.44,0.0,0.0,50.0,50.0,0.0,0.0,1.44,1.02,0.04,1.44,7,0.8571,0.0,0.0
gpm1,GPM1,2026-08-23,11.17.05.2002,Bale Redelong,provisional_catchment,yes,4.81572033808049,96.877105410688,Asia/Jakarta,Forecast Redelong representative point. BMKG ADM4 reference: 11.17.05.2002 (Bale Redelong). Initial BMKG reference for catchment point Spatial role: provisional_catchment. Area analisis provisional; menunggu konfirmasi batas DAS resmi.,22:00,6,6.0,cukup,"CMA,ECMWF,GFS,ICON,METEOFRANCE,UKMO",Berawan,77.0,Sedang,13.82,+/-1.43,96.67,+/-2.43,0.04,+/-0.05,13.82,+/-1.43,0.0,0.0,50.0,50.0,0.0,0.0,1.43,2.43,0.05,1.43,7,0.8571,0.0,0.0
gpm1,GPM1,2026-08-23,11.17.05.2002,Bale Redelong,provisional_catchment,yes,4.81572033808049,96.877105410688,Asia/Jakarta,Forecast Redelong representative point. BMKG ADM4 reference: 11.17.05.2002 (Bale Redelong). Initial BMKG reference for catchment point Spatial role: provisional_catchment. Area analisis provisional; menunggu konfirmasi batas DAS resmi.,23:00,6,6.0,cukup,"CMA,ECMWF,GFS,ICON,METEOFRANCE,UKMO",Berawan,76.9,Sedang,12.96,+/-1.0,97.17,+/-1.95,0.25,+/-0.52,12.96,+/-1.0,16.7,0.0,50.0,33.3,0.0,0.0,1.0,1.95,0.52,1.0,7,0.8571,0.0,0.0
gpm2,GPM2,2026-08-20,11.17.05.2002,Bale Redelong,provisional_catchment,yes,4.811672965065149,96.9505347134354,Asia/Jakarta,Forecast Redelong representative point. BMKG ADM4 reference: 11.17.05.2002 (Bale Redelong). Initial BMKG reference for catchment point Spatial role: provisional_catchment. Area analisis provisional; menunggu konfirmasi batas DAS resmi.,00:00,6,6.0,cukup,"CMA,ECMWF,GFS,ICON,METEOFRANCE,UKMO",Berawan,88.8,Tinggi,17.1,+/-1.84,78.33,+/-9.01,0.0,+/-0.0,17.1,+/-1.84,0.0,0.0,100.0,0.0,0.0,0.0,1.84,9.01,0.0,1.84,7,0.8571,0.0,0.0
gpm2,GPM2,2026-08-20,11.17.05.2002,Bale Redelong,provisional_catchment,yes,4.811672965065149,96.9505347134354,Asia/Jakarta,Forecast Redelong representative point. BMKG ADM4 reference: 11.17.05.2002 (Bale Redelong). Initial BMKG reference for catchment point Spatial role: provisional_catchment. Area analisis provisional; menunggu konfirmasi batas DAS resmi.,01:00,6,6.0,cukup,"CMA,ECMWF,GFS,ICON,METEOFRANCE,UKMO",Berawan,88.7,Tinggi,17.03,+/-1.84,74.67,+/-10.78,0.0,+/-0.0,17.03,+/-1.84,0.0,0.0,100.0,0.0,0.0,0.0,1.84,10.78,0.0,1.84,7,0.8571,0.0,0.0
gpm2,GPM2,2026-08-20,11.17.05.2002,Bale Redelong,provisional_catchment,yes,4.811672965065149,96.9505347134354,Asia/Jakarta,Forecast Redelong representative point. BMKG ADM4 reference: 11.17.05.2002 (Bale Redelong). Initial BMKG reference for catchment point Spatial role: provisional_catchment. Area analisis provisional; menunggu konfirmasi batas DAS resmi.,02:00,6,6.0,cukup,"CMA,ECMWF,GFS,ICON,METEOFRANCE,UKMO",Berawan,88.6,Tinggi,17.0,+/-1.95,73.0,+/-10.71,0.0,+/-0.0,17.0,+/-1.95,0.0,0.0,100.0,0.0,0.0,0.0,1.95,10.71,0.0,1.95,7,0.8571,0.0,0.0
gpm2,GPM2,2026-08-20,11.17.05.2002,Bale Redelong,provisional_catchment,yes,4.811672965065149,96.9505347134354,Asia/Jakarta,Forecast Redelong representative point. BMKG ADM4 reference: 11.17.05.2002 (Bale Redelong). Initial BMKG reference for catchment point Spatial role: provisional_catchment. Area analisis provisional; menunggu konfirmasi batas DAS resmi.,03:00,6,6.0,cukup,"CMA,ECMWF,GFS,ICON,METEOFRANCE,UKMO",Berawan,88.5,Tinggi,16.62,+/-2.24,72.83,+/-10.82,0.0,+/-0.0,16.62,+/-2.24,0.0,0.0,100.0,0.0,0.0,0.0,2.24,10.82,0.0,2.24,7,0.8571,0.0,0.0
gpm2,GPM2,2026-08-20,11.17.05.2002,Bale Redelong,provisional_catchment,yes,4.811672965065149,96.9505347134354,Asia/Jakarta,Forecast Redelong representative point. BMKG ADM4 reference: 11.17.05.2002 (Bale Redelong). Initial BMKG reference for catchment point Spatial role: provisional_catchment. Area analisis provisional; menunggu konfirmasi batas DAS resmi.,04:00,7,6.6868,cukup,"BMKG,CMA,ECMWF,GFS,ICON,METEOFRANCE,UKMO",Berawan,96.2,Tinggi,16.71,+/-2.06,69.0,+/-6.68,0.0,+/-0.0,16.71,+/-2.06,0.0,0.0,100.0,0.0,0.0,0.0,2.06,6.68,0.0,2.06,7,1.0,25.71,180.0
gpm2,GPM2,2026-08-20,11.17.05.2002,Bale Redelong,provisional_catchment,yes,4.811672965065149,96.9505347134354,Asia/Jakarta,Forecast Redelong representative point. BMKG ADM4 reference: 11.17.05.2002 (Bale Redelong). Initial BMKG reference for catchment point Spatial role: provisional_catchment. Area analisis provisional; menunggu konfirmasi batas DAS resmi.,05:00,7,6.6868,cukup,"BMKG,CMA,ECMWF,GFS,ICON,METEOFRANCE,UKMO",Berawan,92.2,Tinggi,16.53,+/-2.06,73.19,+/-10.05,0.0,+/-0.0,16.53,+/-2.06,0.0,15.0,85.0,0.0,0.0,0.0,2.06,10.05,0.0,2.06,7,1.0,17.14,120.0
gpm2,GPM2,2026-08-20,11.17.05.2002,Bale Redelong,provisional_catchment,yes,4.811672965065149,96.9505347134354,Asia/Jakarta,Forecast Redelong representative point. BMKG ADM4 reference: 11.17.05.2002 (Bale Redelong). Initial BMKG reference for catchment point Spatial role: provisional_catchment. Area analisis provisional; menunggu konfirmasi batas DAS resmi.,06:00,7,6.9366,cukup,"BMKG,CMA,ECMWF,GFS,ICON,METEOFRANCE,UKMO",Berawan,96.8,Tinggi,16.34,+/-2.04,74.33,+/-9.94,0.0,+/-0.0,16.34,+/-2.04,0.0,0.0,100.0,0.0,0.0,0.0,2.04,9.94,0.0,2.04,7,1.0,8.57,60.0
gpm2,GPM2,2026-08-20,11.17.05.2002,Bale Redelong,provisional_catchment,yes,4.811672965065149,96.9505347134354,Asia/Jakarta,Forecast Redelong representative point. BMKG ADM4 reference: 11.17.05.2002 (Bale Redelong). Initial BMKG reference for catchment point Spatial role: provisional_catchment. Area analisis provisional; menunggu konfirmasi batas DAS resmi.,07:00,7,7.2488,cukup,"BMKG,CMA,ECMWF,GFS,ICON,METEOFRANCE,UKMO",Berawan,98.1,Tinggi,16.72,+/-1.7,75.48,+/-9.29,0.0,+/-0.0,16.72,+/-1.7,0.0,0.0,100.0,0.0,0.0,0.0,1.7,9.29,0.0,1.7,7,1.0,0.0,0.0
gpm2,GPM2,2026-08-20,11.17.05.2002,Bale Redelong,provisional_catchment,yes,4.811672965065149,96.9505347134354,Asia/Jakarta,Forecast Redelong representative point. BMKG ADM4 reference: 11.17.05.2002 (Bale Redelong). Initial BMKG reference for catchment point Spatial role: provisional_catchment. Area analisis provisional; menunggu konfirmasi batas DAS resmi.,08:00,7,6.9366,cukup,"BMKG,CMA,ECMWF,GFS,ICON,METEOFRANCE,UKMO",Berawan,97.6,Tinggi,18.0,+/-0.57,72.75,+/-9.23,0.0,+/-0.0,18.0,+/-0.57,0.0,0.0,100.0,0.0,0.0,0.0,0.57,9.23,0.0,0.57,7,1.0,8.57,60.0
gpm2,GPM2,2026-08-20,11.17.05.2002,Bale Redelong,provisional_catchment,yes,4.811672965065149,96.9505347134354,Asia/Jakarta,Forecast Redelong representative point. BMKG ADM4 reference: 11.17.05.2002 (Bale Redelong). Initial BMKG reference for catchment point Spatial role: provisional_catchment. Area analisis provisional; menunggu konfirmasi batas DAS resmi.,09:00,7,6.9366,cukup,"BMKG,CMA,ECMWF,GFS,ICON,METEOFRANCE,UKMO",Berawan,97.1,Tinggi,21.43,+/-0.92,59.15,+/-13.17,0.0,+/-0.0,21.43,+/-0.92,0.0,0.0,100.0,0.0,0.0,0.0,0.92,13.17,0.0,0.92,7,1.0,8.57,60.0
gpm2,GPM2,2026-08-20,11.17.05.2002,Bale Redelong,provisional_catchment,yes,4.811672965065149,96.9505347134354,Asia/Jakarta,Forecast Redelong representative point. BMKG ADM4 reference: 11.17.05.2002 (Bale Redelong). Initial BMKG reference for catchment point Spatial role: provisional_catchment. Area analisis provisional; menunggu konfirmasi batas DAS resmi.,10:00,7,7.2488,cukup,"BMKG,CMA,ECMWF,GFS,ICON,METEOFRANCE,UKMO",Berawan,98.5,Tinggi,22.99,+/-0.72,56.44,+/-11.22,0.0,+/-0.0,22.99,+/-0.72,0.0,0.0,100.0,0.0,0.0,0.0,0.72,11.22,0.0,0.72,7,1.0,0.0,0.0
gpm2,GPM2,2026-08-20,11.17.05.2002,Bale Redelong,provisional_catchment,yes,4.811672965065149,96.9505347134354,Asia/Jakarta,Forecast Redelong representative point. BMKG ADM4 reference: 11.17.05.2002 (Bale Redelong). Initial BMKG reference for catchment point Spatial role: provisional_catchment. Area analisis provisional; menunggu konfirmasi batas DAS resmi.,11:00,7,6.9366,cukup,"BMKG,CMA,ECMWF,GFS,ICON,METEOFRANCE,UKMO",Berawan,97.5,Tinggi,24.1,+/-1.12,58.4,+/-7.58,0.0,+/-0.0,24.1,+/-1.12,0.0,0.0,100.0,0.0,0.0,0.0,1.12,7.58,0.0,1.12,7,1.0,8.57,60.0
gpm2,GPM2,2026-08-20,11.17.05.2002,Bale Redelong,provisional_catchment,yes,4.811672965065149,96.9505347134354,Asia/Jakarta,Forecast Redelong representative point. BMKG ADM4 reference: 11.17.05.2002 (Bale Redelong). Initial BMKG reference for catchment point Spatial role: provisional_catchment. Area analisis provisional; menunggu konfirmasi batas DAS resmi.,12:00,7,6.9366,cukup,"BMKG,CMA,ECMWF,GFS,ICON,METEOFRANCE,UKMO",Berawan,97.0,Tinggi,24.96,+/-1.13,50.07,+/-13.97,0.0,+/-0.0,24.96,+/-1.13,0.0,0.0,100.0,0.0,0.0,0.0,1.13,13.97,0.0,1.13,7,1.0,8.57,60.0
gpm2,GPM2,2026-08-20,11.17.05.2002,Bale Redelong,provisional_catchment,yes,4.811672965065149,96.9505347134354,Asia/Jakarta,Forecast Redelong representative point. BMKG ADM4 reference: 11.17.05.2002 (Bale Redelong). Initial BMKG reference for catchment point Spatial role: provisional_catchment. Area analisis provisional; menunggu konfirmasi batas DAS resmi.,13:00,7,7.2488,cukup,"BMKG,CMA,ECMWF,GFS,ICON,METEOFRANCE,UKMO",Berawan,98.3,Tinggi,25.4,+/-0.78,51.24,+/-12.76,0.0,+/-0.0,25.4,+/-0.78,0.0,0.0,100.0,0.0,0.0,0.0,0.78,12.76,0.0,0.78,7,1.0,0.0,0.0
gpm2,GPM2,2026-08-20,11.17.05.2002,Bale Redelong,provisional_catchment,yes,4.811672965065149,96.9505347134354,Asia/Jakarta,Forecast Redelong representative point. BMKG ADM4 reference: 11.17.05.2002 (Bale Redelong). Initial BMKG reference for catchment point Spatial role: provisional_catchment. Area analisis provisional; menunggu konfirmasi batas DAS resmi.,14:00,7,6.9366,cukup,"BMKG,CMA,ECMWF,GFS,ICON,METEOFRANCE,UKMO",Berawan,89.5,Tinggi,24.67,+/-1.39,56.13,+/-14.26,0.1,+/-0.18,24.67,+/-1.39,0.0,0.0,71.2,28.8,0.0,0.0,1.39,14.26,0.18,1.39,7,1.0,8.57,60.0
gpm2,GPM2,2026-08-20,11.17.05.2002,Bale Redelong,provisional_catchment,yes,4.811672965065149,96.9505347134354,Asia/Jakarta,Forecast Redelong representative point. BMKG ADM4 reference: 11.17.05.2002 (Bale Redelong). Initial BMKG reference for catchment point Spatial role: provisional_catchment. Area analisis provisional; menunggu konfirmasi batas DAS resmi.,15:00,7,6.9366,cukup,"BMKG,CMA,ECMWF,GFS,ICON,METEOFRANCE,UKMO",Berawan,89.0,Tinggi,23.63,+/-1.6,64.85,+/-13.86,0.35,+/-0.74,23.63,+/-1.6,0.0,0.0,71.2,28.8,0.0,0.0,1.6,13.86,0.74,1.6,7,1.0,8.57,60.0
gpm2,GPM2,2026-08-20,11.17.05.2002,Bale Redelong,provisional_catchment,yes,4.811672965065149,96.9505347134354,Asia/Jakarta,Forecast Redelong representative point. BMKG ADM4 reference: 11.17.05.2002 (Bale Redelong). Initial BMKG reference for catchment point Spatial role: provisional_catchment. Area analisis provisional; menunggu konfirmasi batas DAS resmi.,16:00,7,7.2488,cukup,"BMKG,CMA,ECMWF,GFS,ICON,METEOFRANCE,UKMO",Berawan,90.5,Tinggi,22.77,+/-1.49,74.8,+/-8.83,0.53,+/-1.15,22.77,+/-1.49,0.0,0.0,72.4,13.8,13.8,0.0,1.49,8.83,1.15,1.49,7,1.0,0.0,0.0
gpm2,GPM2,2026-08-20,11.17.05.2002,Bale Redelong,provisional_catchment,yes,4.811672965065149,96.9505347134354,Asia/Jakarta,Forecast Redelong representative point. BMKG ADM4 reference: 11.17.05.2002 (Bale Redelong). Initial BMKG reference for catchment point Spatial role: provisional_catchment. Area analisis provisional; menunggu konfirmasi batas DAS resmi.,17:00,7,6.9366,cukup,"BMKG,CMA,ECMWF,GFS,ICON,METEOFRANCE,UKMO",Berawan,86.1,Tinggi,21.94,+/-1.4,76.09,+/-12.11,0.06,+/-0.08,21.94,+/-1.4,0.0,0.0,56.8,43.2,0.0,0.0,1.4,12.11,0.08,1.4,7,1.0,8.57,60.0
gpm2,GPM2,2026-08-20,11.17.05.2002,Bale Redelong,provisional_catchment,yes,4.811672965065149,96.9505347134354,Asia/Jakarta,Forecast Redelong representative point. BMKG ADM4 reference: 11.17.05.2002 (Bale Redelong). Initial BMKG reference for catchment point Spatial role: provisional_catchment. Area analisis provisional; menunggu konfirmasi batas DAS resmi.,18:00,7,6.9366,cukup,"BMKG,CMA,ECMWF,GFS,ICON,METEOFRANCE,UKMO",Berawan,86.4,Tinggi,20.39,+/-1.56,85.57,+/-6.75,0.05,+/-0.08,20.39,+/-1.56,0.0,14.4,56.8,28.8,0.0,0.0,1.56,6.75,0.08,1.56,7,1.0,8.57,60.0
gpm2,GPM2,2026-08-20,11.17.05.2002,Bale Redelong,provisional_catchment,yes,4.811672965065149,96.9505347134354,Asia/Jakarta,Forecast Redelong representative point. BMKG ADM4 reference: 11.17.05.2002 (Bale Redelong). Initial BMKG reference for catchment point Spatial role: provisional_catchment. Area analisis provisional; menunggu konfirmasi batas DAS resmi.,19:00,7,7.2488,cukup,"BMKG,CMA,ECMWF,GFS,ICON,METEOFRANCE,UKMO",Berawan,88.2,Tinggi,19.02,+/-1.44,92.35,+/-4.55,0.07,+/-0.07,19.02,+/-1.44,0.0,0.0,58.6,41.4,0.0,0.0,1.44,4.55,0.07,1.44,7,1.0,0.0,0.0
gpm2,GPM2,2026-08-20,11.17.05.2002,Bale Redelong,provisional_catchment,yes,4.811672965065149,96.9505347134354,Asia/Jakarta,Forecast Redelong representative point. BMKG ADM4 reference: 11.17.05.2002 (Bale Redelong). Initial BMKG reference for catchment point Spatial role: provisional_catchment. Area analisis provisional; menunggu konfirmasi batas DAS resmi.,20:00,7,6.9366,cukup,"BMKG,CMA,ECMWF,GFS,ICON,METEOFRANCE,UKMO",Berawan,93.9,Tinggi,18.58,+/-1.35,94.94,+/-4.74,0.02,+/-0.04,18.58,+/-1.35,0.0,0.0,85.6,14.4,0.0,0.0,1.35,4.74,0.04,1.35,7,1.0,8.57,60.0
gpm2,GPM2,2026-08-20,11.17.05.2002,Bale Redelong,provisional_catchment,yes,4.811672965065149,96.9505347134354,Asia/Jakarta,Forecast Redelong representative point. BMKG ADM4 reference: 11.17.05.2002 (Bale Redelong). Initial BMKG reference for catchment point Spatial role: provisional_catchment. Area analisis provisional; menunggu konfirmasi batas DAS resmi.,21:00,7,6.9366,cukup,"BMKG,CMA,ECMWF,GFS,ICON,METEOFRANCE,UKMO",Berawan,93.8,Tinggi,17.93,+/-1.6,95.48,+/-4.33,0.02,+/-0.04,17.93,+/-1.6,0.0,0.0,85.6,14.4,0.0,0.0,1.6,4.33,0.04,1.6,7,1.0,8.57,60.0
gpm2,GPM2,2026-08-20,11.17.05.2002,Bale Redelong,provisional_catchment,yes,4.811672965065149,96.9505347134354,Asia/Jakarta,Forecast Redelong representative point. BMKG ADM4 reference: 11.17.05.2002 (Bale Redelong). Initial BMKG reference for catchment point Spatial role: provisional_catchment. Area analisis provisional; menunggu konfirmasi batas DAS resmi.,22:00,7,7.2488,cukup,"BMKG,CMA,ECMWF,GFS,ICON,METEOFRANCE,UKMO",Berawan,95.3,Tinggi,17.06,+/-1.08,93.86,+/-4.0,0.02,+/-0.04,17.06,+/-1.08,0.0,0.0,86.2,13.8,0.0,0.0,1.08,4.0,0.04,1.08,7,1.0,0.0,0.0
gpm2,GPM2,2026-08-20,11.17.05.2002,Bale Redelong,provisional_catchment,yes,4.811672965065149,96.9505347134354,Asia/Jakarta,Forecast Redelong representative point. BMKG ADM4 reference: 11.17.05.2002 (Bale Redelong). Initial BMKG reference for catchment point Spatial role: provisional_catchment. Area analisis provisional; menunggu konfirmasi batas DAS resmi.,23:00,7,6.9366,cukup,"BMKG,CMA,ECMWF,GFS,ICON,METEOFRANCE,UKMO",Berawan,97.7,Tinggi,16.64,+/-1.16,93.03,+/-4.22,0.0,+/-0.0,16.64,+/-1.16,0.0,0.0,100.0,0.0,0.0,0.0,1.16,4.22,0.0,1.16,7,1.0,8.57,60.0
gpm2,GPM2,2026-08-21,11.17.05.2002,Bale Redelong,provisional_catchment,yes,4.811672965065149,96.9505347134354,Asia/Jakarta,Forecast Redelong representative point. BMKG ADM4 reference: 11.17.05.2002 (Bale Redelong). Initial BMKG reference for catchment point Spatial role: provisional_catchment. Area analisis provisional; menunggu konfirmasi batas DAS resmi.,00:00,7,6.9284,cukup,"BMKG,CMA,ECMWF,GFS,ICON,METEOFRANCE,UKMO",Berawan,97.4,Tinggi,16.91,+/-1.68,92.71,+/-4.01,0.0,+/-0.0,16.91,+/-1.68,0.0,0.0,100.0,0.0,0.0,0.0,1.68,4.01,0.0,1.68,7,1.0,8.57,60.0
gpm2,GPM2,2026-08-21,11.17.05.2002,Bale Redelong,provisional_catchment,yes,4.811672965065149,96.9505347134354,Asia/Jakarta,Forecast Redelong representative point. BMKG ADM4 reference: 11.17.05.2002 (Bale Redelong). Initial BMKG reference for catchment point Spatial role: provisional_catchment. Area analisis provisional; menunggu konfirmasi batas DAS resmi.,01:00,7,7.2379,cukup,"BMKG,CMA,ECMWF,GFS,ICON,METEOFRANCE,UKMO",Berawan,98.8,Tinggi,16.03,+/-1.02,91.89,+/-3.95,0.0,+/-0.0,16.03,+/-1.02,0.0,0.0,100.0,0.0,0.0,0.0,1.02,3.95,0.0,1.02,7,1.0,0.0,0.0
gpm2,GPM2,2026-08-21,11.17.05.2002,Bale Redelong,provisional_catchment,yes,4.811672965065149,96.9505347134354,Asia/Jakarta,Forecast Redelong representative point. BMKG ADM4 reference: 11.17.05.2002 (Bale Redelong). Initial BMKG reference for catchment point Spatial role: provisional_catchment. Area analisis provisional; menunggu konfirmasi batas DAS resmi.,02:00,7,6.9284,cukup,"BMKG,CMA,ECMWF,GFS,ICON,METEOFRANCE,UKMO",Berawan,97.6,Tinggi,15.78,+/-1.16,91.41,+/-4.49,0.0,+/-0.0,15.78,+/-1.16,0.0,0.0,100.0,0.0,0.0,0.0,1.16,4.49,0.0,1.16,7,1.0,8.57,60.0
gpm2,GPM2,2026-08-21,11.17.05.2002,Bale Redelong,provisional_catchment,yes,4.811672965065149,96.9505347134354,Asia/Jakarta,Forecast Redelong representative point. BMKG ADM4 reference: 11.17.05.2002 (Bale Redelong). Initial BMKG reference for catchment point Spatial role: provisional_catchment. Area analisis provisional; menunggu konfirmasi batas DAS resmi.,03:00,7,6.9284,cukup,"BMKG,CMA,ECMWF,GFS,ICON,METEOFRANCE,UKMO",Berawan,93.6,Tinggi,15.97,+/-1.78,89.03,+/-6.0,0.0,+/-0.0,15.97,+/-1.78,0.0,14.4,85.6,0.0,0.0,0.0,1.78,6.0,0.0,1.78,7,1.0,8.57,60.0
gpm2,GPM2,2026-08-21,11.17.05.2002,Bale Redelong,provisional_catchment,yes,4.811672965065149,96.9505347134354,Asia/Jakarta,Forecast Redelong representative point. BMKG ADM4 reference: 11.17.05.2002 (Bale Redelong). Initial BMKG reference for catchment point Spatial role: provisional_catchment. Area analisis provisional; menunggu konfirmasi batas DAS resmi.,04:00,7,7.2379,cukup,"BMKG,CMA,ECMWF,GFS,ICON,METEOFRANCE,UKMO",Berawan,98.1,Tinggi,15.88,+/-1.81,86.69,+/-8.11,0.0,+/-0.0,15.88,+/-1.81,0.0,0.0,100.0,0.0,0.0,0.0,1.81,8.11,0.0,1.81,7,1.0,0.0,0.0
gpm2,GPM2,2026-08-21,11.17.05.2002,Bale Redelong,provisional_catchment,yes,4.811672965065149,96.9505347134354,Asia/Jakarta,Forecast Redelong representative point. BMKG ADM4 reference: 11.17.05.2002 (Bale Redelong). Initial BMKG reference for catchment point Spatial role: provisional_catchment. Area analisis provisional; menunggu konfirmasi batas DAS resmi.,05:00,7,6.9284,cukup,"BMKG,CMA,ECMWF,GFS,ICON,METEOFRANCE,UKMO",Berawan,93.4,Tinggi,15.74,+/-1.78,85.57,+/-9.27,0.0,+/-0.0,15.74,+/-1.78,0.0,14.4,85.6,0.0,0.0,0.0,1.78,9.27,0.0,1.78,7,1.0,8.57,60.0
gpm2,GPM2,2026-08-21,11.17.05.2002,Bale Redelong,provisional_catchment,yes,4.811672965065149,96.9505347134354,Asia/Jakarta,Forecast Redelong representative point. BMKG ADM4 reference: 11.17.05.2002 (Bale Redelong). Initial BMKG reference for catchment point Spatial role: provisional_catchment. Area analisis provisional; menunggu konfirmasi batas DAS resmi.,06:00,7,6.9284,cukup,"BMKG,CMA,ECMWF,GFS,ICON,METEOFRANCE,UKMO",Berawan,96.8,Tinggi,15.89,+/-1.93,84.06,+/-10.16,0.0,+/-0.0,15.89,+/-1.93,0.0,0.0,100.0,0.0,0.0,0.0,1.93,10.16,0.0,1.93,7,1.0,8.57,60.0
gpm2,GPM2,2026-08-21,11.17.05.2002,Bale Redelong,provisional_catchment,yes,4.811672965065149,96.9505347134354,Asia/Jakarta,Forecast Redelong representative point. BMKG ADM4 reference: 11.17.05.2002 (Bale Redelong). Initial BMKG reference for catchment point Spatial role: provisional_catchment. Area analisis provisional; menunggu konfirmasi batas DAS resmi.,07:00,7,7.2379,cukup,"BMKG,CMA,ECMWF,GFS,ICON,METEOFRANCE,UKMO",Berawan,98.1,Tinggi,16.42,+/-1.6,82.56,+/-9.61,0.0,+/-0.0,16.42,+/-1.6,0.0,0.0,100.0,0.0,0.0,0.0,1.6,9.61,0.0,1.6,7,1.0,0.0,0.0
gpm2,GPM2,2026-08-21,11.17.05.2002,Bale Redelong,provisional_catchment,yes,4.811672965065149,96.9505347134354,Asia/Jakarta,Forecast Redelong representative point. BMKG ADM4 reference: 11.17.05.2002 (Bale Redelong). Initial BMKG reference for catchment point Spatial role: provisional_catchment. Area analisis provisional; menunggu konfirmasi batas DAS resmi.,08:00,7,6.9284,cukup,"BMKG,CMA,ECMWF,GFS,ICON,METEOFRANCE,UKMO",Berawan,97.9,Tinggi,18.1,+/-1.09,81.45,+/-1.82,0.0,+/-0.0,18.1,+/-1.09,0.0,0.0,100.0,0.0,0.0,0.0,1.09,1.82,0.0,1.09,7,1.0,8.57,60.0
gpm2,GPM2,2026-08-21,11.17.05.2002,Bale Redelong,provisional_catchment,yes,4.811672965065149,96.9505347134354,Asia/Jakarta,Forecast Redelong representative point. BMKG ADM4 reference: 11.17.05.2002 (Bale Redelong). Initial BMKG reference for catchment point Spatial role: provisional_catchment. Area analisis provisional; menunggu konfirmasi batas DAS resmi.,09:00,7,6.9284,cukup,"BMKG,CMA,ECMWF,GFS,ICON,METEOFRANCE,UKMO",Berawan,93.7,Tinggi,20.85,+/-1.08,68.92,+/-12.55,0.0,+/-0.0,20.85,+/-1.08,13.4,0.0,86.6,0.0,0.0,0.0,1.08,12.55,0.0,1.08,7,1.0,8.57,60.0
gpm2,GPM2,2026-08-21,11.17.05.2002,Bale Redelong,provisional_catchment,yes,4.811672965065149,96.9505347134354,Asia/Jakarta,Forecast Redelong representative point. BMKG ADM4 reference: 11.17.05.2002 (Bale Redelong). Initial BMKG reference for catchment point Spatial role: provisional_catchment. Area analisis provisional; menunggu konfirmasi batas DAS resmi.,10:00,7,7.2379,cukup,"BMKG,CMA,ECMWF,GFS,ICON,METEOFRANCE,UKMO",Berawan,94.2,Tinggi,22.34,+/-0.81,61.02,+/-10.31,0.0,+/-0.0,22.34,+/-0.81,17.1,0.0,82.9,0.0,0.0,0.0,0.81,10.31,0.0,0.81,7,1.0,0.0,0.0
gpm2,GPM2,2026-08-21,11.17.05.2002,Bale Redelong,provisional_catchment,yes,4.811672965065149,96.9505347134354,Asia/Jakarta,Forecast Redelong representative point. BMKG ADM4 reference: 11.17.05.2002 (Bale Redelong). Initial BMKG reference for catchment point Spatial role: provisional_catchment. Area analisis provisional; menunggu konfirmasi batas DAS resmi.,11:00,7,6.9284,cukup,"BMKG,CMA,ECMWF,GFS,ICON,METEOFRANCE,UKMO",Berawan,86.4,Tinggi,23.51,+/-0.99,58.24,+/-10.63,0.2,+/-0.4,23.51,+/-0.99,13.4,0.0,57.7,28.9,0.0,0.0,0.99,10.63,0.4,0.99,7,1.0,8.57,60.0
gpm2,GPM2,2026-08-21,11.17.05.2002,Bale Redelong,provisional_catchment,yes,4.811672965065149,96.9505347134354,Asia/Jakarta,Forecast Redelong representative point. BMKG ADM4 reference: 11.17.05.2002 (Bale Redelong). Initial BMKG reference for catchment point Spatial role: provisional_catchment. Area analisis provisional; menunggu konfirmasi batas DAS resmi.,12:00,7,6.9284,cukup,"BMKG,CMA,ECMWF,GFS,ICON,METEOFRANCE,UKMO",Berawan,89.3,Tinggi,24.26,+/-1.65,58.53,+/-12.72,0.2,+/-0.4,24.26,+/-1.65,0.0,0.0,71.1,28.9,0.0,0.0,1.65,12.72,0.4,1.65,7,1.0,8.57,60.0
gpm2,GPM2,2026-08-21,11.17.05.2002,Bale Redelong,provisional_catchment,yes,4.811672965065149,96.9505347134354,Asia/Jakarta,Forecast Redelong representative point. BMKG ADM4 reference: 11.17.05.2002 (Bale Redelong). Initial BMKG reference for catchment point Spatial role: provisional_catchment. Area analisis provisional; menunggu konfirmasi batas DAS resmi.,13:00,7,7.2379,cukup,"BMKG,CMA,ECMWF,GFS,ICON,METEOFRANCE,UKMO",Berawan,90.4,Tinggi,24.41,+/-2.24,59.91,+/-16.03,0.04,+/-0.05,24.6,+/-2.48,0.0,0.0,72.4,27.6,0.0,0.0,2.24,16.03,0.05,2.48,7,1.0,0.0,0.0
gpm2,GPM2,2026-08-21,11.17.05.2002,Bale Redelong,provisional_catchment,yes,4.811672965065149,96.9505347134354,Asia/Jakarta,Forecast Redelong representative point. BMKG ADM4 reference: 11.17.05.2002 (Bale Redelong). Initial BMKG reference for catchment point Spatial role: provisional_catchment. Area analisis provisional; menunggu konfirmasi batas DAS resmi.,14:00,7,6.9284,cukup,"BMKG,CMA,ECMWF,GFS,ICON,METEOFRANCE,UKMO",Hujan Ringan,81.5,Tinggi,24.13,+/-2.43,63.72,+/-17.99,0.32,+/-0.41,24.13,+/-2.43,0.0,0.0,42.3,43.3,0.0,14.4,2.43,17.99,0.41,2.43,7,1.0,8.57,60.0
gpm2,GPM2,2026-08-21,11.17.05.2002,Bale Redelong,provisional_catchment,yes,4.811672965065149,96.9505347134354,Asia/Jakarta,Forecast Redelong representative point. BMKG ADM4 reference: 11.17.05.2002 (Bale Redelong). Initial BMKG reference for catchment point Spatial role: provisional_catchment. Area analisis provisional; menunggu konfirmasi batas DAS resmi.,15:00,7,6.9284,cukup,"BMKG,CMA,ECMWF,GFS,ICON,METEOFRANCE,UKMO",Hujan Ringan,85.6,Tinggi,23.29,+/-2.19,69.67,+/-16.57,0.12,+/-0.08,23.29,+/-2.19,0.0,13.4,14.4,57.7,0.0,14.4,2.19,16.57,0.08,2.19,7,1.0,8.57,60.0
gpm2,GPM2,2026-08-21,11.17.05.2002,Bale Redelong,provisional_catchment,yes,4.811672965065149,96.9505347134354,Asia/Jakarta,Forecast Redelong representative point. BMKG ADM4 reference: 11.17.05.2002 (Bale Redelong). Initial BMKG reference for catchment point Spatial role: provisional_catchment. Area analisis provisional; menunggu konfirmasi batas DAS resmi.,16:00,7,7.2379,cukup,"BMKG,CMA,ECMWF,GFS,ICON,METEOFRANCE,UKMO",Hujan Ringan,85.8,Tinggi,22.6,+/-1.94,74.65,+/-15.85,0.58,+/-0.64,22.6,+/-1.94,0.0,17.1,13.8,55.3,0.0,13.8,1.94,15.85,0.64,1.94,7,1.0,0.0,0.0
gpm2,GPM2,2026-08-21,11.17.05.2002,Bale Redelong,provisional_catchment,yes,4.811672965065149,96.9505347134354,Asia/Jakarta,Forecast Redelong representative point. BMKG ADM4 reference: 11.17.05.2002 (Bale Redelong). Initial BMKG reference for catchment point Spatial role: provisional_catchment. Area analisis provisional; menunggu konfirmasi batas DAS resmi.,17:00,7,6.9284,cukup,"BMKG,CMA,ECMWF,GFS,ICON,METEOFRANCE,UKMO",Hujan Ringan,92.7,Tinggi,21.66,+/-1.65,80.78,+/-14.08,0.9,+/-0.8,21.66,+/-1.65,0.0,13.4,0.0,86.6,0.0,0.0,1.65,14.08,0.8,1.65,7,1.0,8.57,60.0
gpm2,GPM2,2026-08-21,11.17.05.2002,Bale Redelong,provisional_catchment,yes,4.811672965065149,96.9505347134354,Asia/Jakarta,Forecast Redelong representative point. BMKG ADM4 reference: 11.17.05.2002 (Bale Redelong). Initial BMKG reference for catchment point Spatial role: provisional_catchment. Area analisis provisional; menunggu konfirmasi batas DAS resmi.,18:00,7,6.9284,cukup,"BMKG,CMA,ECMWF,GFS,ICON,METEOFRANCE,UKMO",Hujan Ringan,93.8,Tinggi,19.95,+/-1.53,90.35,+/-6.43,0.34,+/-0.21,19.95,+/-1.53,0.0,13.4,0.0,86.6,0.0,0.0,1.53,6.43,0.21,1.53,7,1.0,8.57,60.0
gpm2,GPM2,2026-08-21,11.17.05.2002,Bale Redelong,provisional_catchment,yes,4.811672965065149,96.9505347134354,Asia/Jakarta,Forecast Redelong representative point. BMKG ADM4 reference: 11.17.05.2002 (Bale Redelong). Initial BMKG reference for catchment point Spatial role: provisional_catchment. Area analisis provisional; menunggu konfirmasi batas DAS resmi.,19:00,7,7.2379,cukup,"BMKG,CMA,ECMWF,GFS,ICON,METEOFRANCE,UKMO",Hujan Ringan,90.7,Tinggi,18.97,+/-1.45,93.53,+/-5.25,0.23,+/-0.11,18.97,+/-1.45,0.0,17.1,13.8,69.1,0.0,0.0,1.45,5.25,0.11,1.45,7,1.0,0.0,0.0
gpm2,GPM2,2026-08-21,11.17.05.2002,Bale Redelong,provisional_catchment,yes,4.811672965065149,96.9505347134354,Asia/Jakarta,Forecast Redelong representative point. BMKG ADM4 reference: 11.17.05.2002 (Bale Redelong). Initial BMKG reference for catchment point Spatial role: provisional_catchment. Area analisis provisional; menunggu konfirmasi batas DAS resmi.,20:00,7,6.9284,cukup,"BMKG,CMA,ECMWF,GFS,ICON,METEOFRANCE,UKMO",Berawan,94.2,Tinggi,18.59,+/-1.37,95.11,+/-5.06,0.0,+/-0.0,18.59,+/-1.37,0.0,13.4,86.6,0.0,0.0,0.0,1.37,5.06,0.0,1.37,7,1.0,8.57,60.0
gpm2,GPM2,2026-08-21,11.17.05.2002,Bale Redelong,provisional_catchment,yes,4.811672965065149,96.9505347134354,Asia/Jakarta,Forecast Redelong representative point. BMKG ADM4 reference: 11.17.05.2002 (Bale Redelong). Initial BMKG reference for catchment point Spatial role: provisional_catchment. Area analisis provisional; menunggu konfirmasi batas DAS resmi.,21:00,7,6.9284,cukup,"BMKG,CMA,ECMWF,GFS,ICON,METEOFRANCE,UKMO",Berawan,97.9,Tinggi,17.34,+/-0.64,95.09,+/-4.27,0.0,+/-0.0,17.34,+/-0.64,0.0,0.0,100.0,0.0,0.0,0.0,0.64,4.27,0.0,0.64,7,1.0,8.57,60.0
gpm2,GPM2,2026-08-21,11.17.05.2002,Bale Redelong,provisional_catchment,yes,4.811672965065149,96.9505347134354,Asia/Jakarta,Forecast Redelong representative point. BMKG ADM4 reference: 11.17.05.2002 (Bale Redelong). Initial BMKG reference for catchment point Spatial role: provisional_catchment. Area analisis provisional; menunggu konfirmasi batas DAS resmi.,22:00,7,7.2379,cukup,"BMKG,CMA,ECMWF,GFS,ICON,METEOFRANCE,UKMO",Berawan,98.9,Tinggi,17.35,+/-0.79,94.01,+/-4.42,0.0,+/-0.0,17.35,+/-0.79,0.0,0.0,100.0,0.0,0.0,0.0,0.79,4.42,0.0,0.79,7,1.0,0.0,0.0
gpm2,GPM2,2026-08-21,11.17.05.2002,Bale Redelong,provisional_catchment,yes,4.811672965065149,96.9505347134354,Asia/Jakarta,Forecast Redelong representative point. BMKG ADM4 reference: 11.17.05.2002 (Bale Redelong). Initial BMKG reference for catchment point Spatial role: provisional_catchment. Area analisis provisional; menunggu konfirmasi batas DAS resmi.,23:00,7,6.9284,cukup,"BMKG,CMA,ECMWF,GFS,ICON,METEOFRANCE,UKMO",Berawan,97.6,Tinggi,17.43,+/-1.57,95.33,+/-2.36,0.0,+/-0.0,17.43,+/-1.57,0.0,0.0,100.0,0.0,0.0,0.0,1.57,2.36,0.0,1.57,7,1.0,8.57,60.0
gpm2,GPM2,2026-08-22,11.17.05.2002,Bale Redelong,provisional_catchment,yes,4.811672965065149,96.9505347134354,Asia/Jakarta,Forecast Redelong representative point. BMKG ADM4 reference: 11.17.05.2002 (Bale Redelong). Initial BMKG reference for catchment point Spatial role: provisional_catchment. Area analisis provisional; menunggu konfirmasi batas DAS resmi.,00:00,7,6.9312,cukup,"BMKG,CMA,ECMWF,GFS,ICON,METEOFRANCE,UKMO",Berawan,97.9,Tinggi,16.75,+/-0.96,95.17,+/-2.85,0.0,+/-0.0,16.75,+/-0.96,0.0,0.0,100.0,0.0,0.0,0.0,0.96,2.85,0.0,0.96,7,1.0,8.57,60.0
gpm2,GPM2,2026-08-22,11.17.05.2002,Bale Redelong,provisional_catchment,yes,4.811672965065149,96.9505347134354,Asia/Jakarta,Forecast Redelong representative point. BMKG ADM4 reference: 11.17.05.2002 (Bale Redelong). Initial BMKG reference for catchment point Spatial role: provisional_catchment. Area analisis provisional; menunggu konfirmasi batas DAS resmi.,01:00,7,7.2416,cukup,"BMKG,CMA,ECMWF,GFS,ICON,METEOFRANCE,UKMO",Berawan,95.0,Tinggi,17.01,+/-1.5,92.32,+/-6.19,0.0,+/-0.0,17.01,+/-1.5,13.8,0.0,86.2,0.0,0.0,0.0,1.5,6.19,0.0,1.5,7,1.0,0.0,0.0
gpm2,GPM2,2026-08-22,11.17.05.2002,Bale Redelong,provisional_catchment,yes,4.811672965065149,96.9505347134354,Asia/Jakarta,Forecast Redelong representative point. BMKG ADM4 reference: 11.17.05.2002 (Bale Redelong). Initial BMKG reference for catchment point Spatial role: provisional_catchment. Area analisis provisional; menunggu konfirmasi batas DAS resmi.,02:00,7,6.9312,cukup,"BMKG,CMA,ECMWF,GFS,ICON,METEOFRANCE,UKMO",Berawan,93.7,Tinggi,16.61,+/-1.61,93.41,+/-5.82,0.0,+/-0.0,16.61,+/-1.61,14.4,0.0,85.6,0.0,0.0,0.0,1.61,5.82,0.0,1.61,7,1.0,8.57,60.0
gpm2,GPM2,2026-08-22,11.17.05.2002,Bale Redelong,provisional_catchment,yes,4.811672965065149,96.9505347134354,Asia/Jakarta,Forecast Redelong representative point. BMKG ADM4 reference: 11.17.05.2002 (Bale Redelong). Initial BMKG reference for catchment point Spatial role: provisional_catchment. Area analisis provisional; menunggu konfirmasi batas DAS resmi.,03:00,7,6.9312,cukup,"BMKG,CMA,ECMWF,GFS,ICON,METEOFRANCE,UKMO",Berawan,87.0,Tinggi,16.13,+/-1.61,95.67,+/-2.62,0.0,+/-0.0,16.13,+/-1.61,27.9,14.4,57.7,0.0,0.0,0.0,1.61,2.62,0.0,1.61,7,1.0,8.57,60.0
gpm2,GPM2,2026-08-22,11.17.05.2002,Bale Redelong,provisional_catchment,yes,4.811672965065149,96.9505347134354,Asia/Jakarta,Forecast Redelong representative point. BMKG ADM4 reference: 11.17.05.2002 (Bale Redelong). Initial BMKG reference for catchment point Spatial role: provisional_catchment. Area analisis provisional; menunggu konfirmasi batas DAS resmi.,04:00,7,7.2416,cukup,"BMKG,CMA,ECMWF,GFS,ICON,METEOFRANCE,UKMO",Berawan,87.2,Tinggi,15.99,+/-1.57,92.81,+/-6.68,0.0,+/-0.0,15.99,+/-1.57,31.0,13.8,55.2,0.0,0.0,0.0,1.57,6.68,0.0,1.57,7,1.0,0.0,0.0
gpm2,GPM2,2026-08-22,11.17.05.2002,Bale Redelong,provisional_catchment,yes,4.811672965065149,96.9505347134354,Asia/Jakarta,Forecast Redelong representative point. BMKG ADM4 reference: 11.17.05.2002 (Bale Redelong). Initial BMKG reference for catchment point Spatial role: provisional_catchment. Area analisis provisional; menunggu konfirmasi batas DAS resmi.,05:00,7,6.9312,cukup,"BMKG,CMA,ECMWF,GFS,ICON,METEOFRANCE,UKMO",Berawan,86.8,Tinggi,15.93,+/-1.44,92.99,+/-6.02,0.0,+/-0.0,15.93,+/-1.44,13.4,28.9,57.7,0.0,0.0,0.0,1.44,6.02,0.0,1.44,7,1.0,8.57,60.0
gpm2,GPM2,2026-08-22,11.17.05.2002,Bale Redelong,provisional_catchment,yes,4.811672965065149,96.9505347134354,Asia/Jakarta,Forecast Redelong representative point. BMKG ADM4 reference: 11.17.05.2002 (Bale Redelong). Initial BMKG reference for catchment point Spatial role: provisional_catchment. Area analisis provisional; menunggu konfirmasi batas DAS resmi.,06:00,7,6.9312,cukup,"BMKG,CMA,ECMWF,GFS,ICON,METEOFRANCE,UKMO",Berawan,86.7,Tinggi,16.43,+/-1.61,92.42,+/-6.04,0.0,+/-0.0,16.43,+/-1.61,13.4,28.9,57.7,0.0,0.0,0.0,1.61,6.04,0.0,1.61,7,1.0,8.57,60.0
gpm2,GPM2,2026-08-22,11.17.05.2002,Bale Redelong,provisional_catchment,yes,4.811672965065149,96.9505347134354,Asia/Jakarta,Forecast Redelong representative point. BMKG ADM4 reference: 11.17.05.2002 (Bale Redelong). Initial BMKG reference for catchment point Spatial role: provisional_catchment. Area analisis provisional; menunggu konfirmasi batas DAS resmi.,07:00,7,7.2416,cukup,"BMKG,CMA,ECMWF,GFS,ICON,METEOFRANCE,UKMO",Berawan,90.8,Tinggi,17.03,+/-1.37,89.91,+/-5.79,0.0,+/-0.0,17.03,+/-1.37,17.1,13.8,69.0,0.0,0.0,0.0,1.37,5.79,0.0,1.37,7,1.0,0.0,0.0
gpm2,GPM2,2026-08-22,11.17.05.2002,Bale Redelong,provisional_catchment,yes,4.811672965065149,96.9505347134354,Asia/Jakarta,Forecast Redelong representative point. BMKG ADM4 reference: 11.17.05.2002 (Bale Redelong). Initial BMKG reference for catchment point Spatial role: provisional_catchment. Area analisis provisional; menunggu konfirmasi batas DAS resmi.,08:00,7,6.9312,cukup,"BMKG,CMA,ECMWF,GFS,ICON,METEOFRANCE,UKMO",Berawan,87.2,Tinggi,18.68,+/-0.84,85.49,+/-4.48,0.0,+/-0.0,18.68,+/-0.84,13.4,28.9,57.7,0.0,0.0,0.0,0.84,4.48,0.0,0.84,7,1.0,8.57,60.0
gpm2,GPM2,2026-08-22,11.17.05.2002,Bale Redelong,provisional_catchment,yes,4.811672965065149,96.9505347134354,Asia/Jakarta,Forecast Redelong representative point. BMKG ADM4 reference: 11.17.05.2002 (Bale Redelong). Initial BMKG reference for catchment point Spatial role: provisional_catchment. Area analisis provisional; menunggu konfirmasi batas DAS resmi.,09:00,7,6.9312,cukup,"BMKG,CMA,ECMWF,GFS,ICON,METEOFRANCE,UKMO",Berawan,86.9,Tinggi,20.9,+/-0.72,74.21,+/-10.4,0.0,+/-0.0,20.9,+/-0.72,27.9,14.4,57.7,0.0,0.0,0.0,0.72,10.4,0.0,0.72,7,1.0,8.57,60.0
gpm2,GPM2,2026-08-22,11.17.05.2002,Bale Redelong,provisional_catchment,yes,4.811672965065149,96.9505347134354,Asia/Jakarta,Forecast Redelong representative point. BMKG ADM4 reference: 11.17.05.2002 (Bale Redelong). Initial BMKG reference for catchment point Spatial role: provisional_catchment. Area analisis provisional; menunggu konfirmasi batas DAS resmi.,10:00,7,7.2416,cukup,"BMKG,CMA,ECMWF,GFS,ICON,METEOFRANCE,UKMO",Berawan,87.0,Tinggi,22.83,+/-1.13,69.16,+/-11.2,0.0,+/-0.0,22.83,+/-1.13,31.0,13.8,55.2,0.0,0.0,0.0,1.13,11.2,0.0,1.13,7,1.0,0.0,0.0
gpm2,GPM2,2026-08-22,11.17.05.2002,Bale Redelong,provisional_catchment,yes,4.811672965065149,96.9505347134354,Asia/Jakarta,Forecast Redelong representative point. BMKG ADM4 reference: 11.17.05.2002 (Bale Redelong). Initial BMKG reference for catchment point Spatial role: provisional_catchment. Area analisis provisional; menunggu konfirmasi batas DAS resmi.,11:00,7,6.9312,cukup,"BMKG,CMA,ECMWF,GFS,ICON,METEOFRANCE,UKMO",Hujan Ringan,86.1,Tinggi,23.44,+/-1.48,69.3,+/-13.09,0.3,+/-0.28,23.44,+/-1.48,13.4,14.4,14.4,57.7,0.0,0.0,1.48,13.09,0.28,1.48,7,1.0,8.57,60.0
gpm2,GPM2,2026-08-22,11.17.05.2002,Bale Redelong,provisional_catchment,yes,4.811672965065149,96.9505347134354,Asia/Jakarta,Forecast Redelong representative point. BMKG ADM4 reference: 11.17.05.2002 (Bale Redelong). Initial BMKG reference for catchment point Spatial role: provisional_catchment. Area analisis provisional; menunggu konfirmasi batas DAS resmi.,12:00,7,6.9312,cukup,"BMKG,CMA,ECMWF,GFS,ICON,METEOFRANCE,UKMO",Hujan Ringan,89.1,Tinggi,24.07,+/-1.91,69.27,+/-18.02,0.34,+/-0.27,24.07,+/-1.91,14.4,13.4,0.0,72.1,0.0,0.0,1.91,18.02,0.27,1.91,7,1.0,8.57,60.0
gpm2,GPM2,2026-08-22,11.17.05.2002,Bale Redelong,provisional_catchment,yes,4.811672965065149,96.9505347134354,Asia/Jakarta,Forecast Redelong representative point. BMKG ADM4 reference: 11.17.05.2002 (Bale Redelong). Initial BMKG reference for catchment point Spatial role: provisional_catchment. Area analisis provisional; menunggu konfirmasi batas DAS resmi.,13:00,7,7.2416,cukup,"BMKG,CMA,ECMWF,GFS,ICON,METEOFRANCE,UKMO",Hujan Ringan,85.2,Tinggi,24.09,+/-2.18,69.89,+/-20.53,0.85,+/-0.79,24.12,+/-2.21,0.0,17.1,13.8,55.2,0.0,13.8,2.18,20.53,0.79,2.21,7,1.0,0.0,0.0
gpm2,GPM2,2026-08-22,11.17.05.2002,Bale Redelong,provisional_catchment,yes,4.811672965065149,96.9505347134354,Asia/Jakarta,Forecast Redelong representative point. BMKG ADM4 reference: 11.17.05.2002 (Bale Redelong). Initial BMKG reference for catchment point Spatial role: provisional_catchment. Area analisis provisional; menunggu konfirmasi batas DAS resmi.,14:00,7,6.9312,cukup,"BMKG,CMA,ECMWF,GFS,ICON,METEOFRANCE,UKMO",Hujan Lebat,80.8,Tinggi,23.0,+/-2.1,76.34,+/-17.95,2.26,+/-1.57,23.0,+/-2.1,0.0,13.4,0.0,28.9,14.4,43.3,2.1,17.95,1.57,2.1,7,1.0,8.57,60.0
gpm2,GPM2,2026-08-22,11.17.05.2002,Bale Redelong,provisional_catchment,yes,4.811672965065149,96.9505347134354,Asia/Jakarta,Forecast Redelong representative point. BMKG ADM4 reference: 11.17.05.2002 (Bale Redelong). Initial BMKG reference for catchment point Spatial role: provisional_catchment. Area analisis provisional; menunggu konfirmasi batas DAS resmi.,15:00,7,6.9312,cukup,"BMKG,CMA,ECMWF,GFS,ICON,METEOFRANCE,UKMO",Hujan Ringan,82.1,Tinggi,21.86,+/-1.81,90.6,+/-3.01,2.34,+/-1.52,21.86,+/-1.81,0.0,13.4,0.0,43.3,14.4,28.9,1.81,3.01,1.52,1.81,7,1.0,8.57,60.0
gpm2,GPM2,2026-08-22,11.17.05.2002,Bale Redelong,provisional_catchment,yes,4.811672965065149,96.9505347134354,Asia/Jakarta,Forecast Redelong representative point. BMKG ADM4 reference: 11.17.05.2002 (Bale Redelong). Initial BMKG reference for catchment point Spatial role: provisional_catchment. Area analisis provisional; menunggu konfirmasi batas DAS resmi.,16:00,7,7.2416,cukup,"BMKG,CMA,ECMWF,GFS,ICON,METEOFRANCE,UKMO",Hujan Ringan,82.7,Tinggi,21.58,+/-1.67,91.2,+/-3.71,2.54,+/-1.59,21.58,+/-1.67,0.0,17.1,0.0,41.4,13.8,27.6,1.67,3.71,1.59,1.67,7,1.0,0.0,0.0
gpm2,GPM2,2026-08-22,11.17.05.2002,Bale Redelong,provisional_catchment,yes,4.811672965065149,96.9505347134354,Asia/Jakarta,Forecast Redelong representative point. BMKG ADM4 reference: 11.17.05.2002 (Bale Redelong). Initial BMKG reference for catchment point Spatial role: provisional_catchment. Area analisis provisional; menunggu konfirmasi batas DAS resmi.,17:00,7,6.9312,cukup,"BMKG,CMA,ECMWF,GFS,ICON,METEOFRANCE,UKMO",Hujan Ringan,89.7,Tinggi,21.1,+/-1.6,89.5,+/-6.78,0.97,+/-0.75,21.1,+/-1.6,0.0,13.4,0.0,72.1,0.0,14.4,1.6,6.78,0.75,1.6,7,1.0,8.57,60.0
gpm2,GPM2,2026-08-22,11.17.05.2002,Bale Redelong,provisional_catchment,yes,4.811672965065149,96.9505347134354,Asia/Jakarta,Forecast Redelong representative point. BMKG ADM4 reference: 11.17.05.2002 (Bale Redelong). Initial BMKG reference for catchment point Spatial role: provisional_catchment. Area analisis provisional; menunggu konfirmasi batas DAS resmi.,18:00,7,6.9312,cukup,"BMKG,CMA,ECMWF,GFS,ICON,METEOFRANCE,UKMO",Hujan Ringan,94.0,Tinggi,19.98,+/-1.36,93.27,+/-3.25,0.73,+/-0.44,19.98,+/-1.36,0.0,13.4,0.0,86.6,0.0,0.0,1.36,3.25,0.44,1.36,7,1.0,8.57,60.0
gpm2,GPM2,2026-08-22,11.17.05.2002,Bale Redelong,provisional_catchment,yes,4.811672965065149,96.9505347134354,Asia/Jakarta,Forecast Redelong representative point. BMKG ADM4 reference: 11.17.05.2002 (Bale Redelong). Initial BMKG reference for catchment point Spatial role: provisional_catchment. Area analisis provisional; menunggu konfirmasi batas DAS resmi.,19:00,7,7.2416,cukup,"BMKG,CMA,ECMWF,GFS,ICON,METEOFRANCE,UKMO",Hujan Ringan,90.9,Tinggi,19.18,+/-1.43,96.1,+/-1.24,0.24,+/-0.21,19.18,+/-1.43,0.0,17.1,13.8,69.0,0.0,0.0,1.43,1.24,0.21,1.43,7,1.0,0.0,0.0
gpm2,GPM2,2026-08-22,11.17.05.2002,Bale Redelong,provisional_catchment,yes,4.811672965065149,96.9505347134354,Asia/Jakarta,Forecast Redelong representative point. BMKG ADM4 reference: 11.17.05.2002 (Bale Redelong). Initial BMKG reference for catchment point Spatial role: provisional_catchment. Area analisis provisional; menunggu konfirmasi batas DAS resmi.,20:00,7,6.9312,cukup,"BMKG,CMA,ECMWF,GFS,ICON,METEOFRANCE,UKMO",Hujan Ringan,83.5,Tinggi,18.8,+/-1.52,96.88,+/-1.24,0.08,+/-0.09,18.8,+/-1.52,14.4,13.4,28.9,43.3,0.0,0.0,1.52,1.24,0.09,1.52,7,1.0,8.57,60.0
gpm2,GPM2,2026-08-22,11.17.05.2002,Bale Redelong,provisional_catchment,yes,4.811672965065149,96.9505347134354,Asia/Jakarta,Forecast Redelong representative point. BMKG ADM4 reference: 11.17.05.2002 (Bale Redelong). Initial BMKG reference for catchment point Spatial role: provisional_catchment. Area analisis provisional; menunggu konfirmasi batas DAS resmi.,21:00,7,6.9312,cukup,"BMKG,CMA,ECMWF,GFS,ICON,METEOFRANCE,UKMO",Hujan Ringan,87.4,Tinggi,17.61,+/-0.91,97.7,+/-1.28,0.1,+/-0.08,17.61,+/-0.91,0.0,0.0,42.3,57.7,0.0,0.0,0.91,1.28,0.08,0.91,7,1.0,8.57,60.0
gpm2,GPM2,2026-08-22,11.17.05.2002,Bale Redelong,provisional_catchment,yes,4.811672965065149,96.9505347134354,Asia/Jakarta,Forecast Redelong representative point. BMKG ADM4 reference: 11.17.05.2002 (Bale Redelong). Initial BMKG reference for catchment point Spatial role: provisional_catchment. Area analisis provisional; menunggu konfirmasi batas DAS resmi.,22:00,7,7.2416,cukup,"BMKG,CMA,ECMWF,GFS,ICON,METEOFRANCE,UKMO",Hujan Ringan,87.7,Tinggi,17.34,+/-0.99,97.34,+/-2.17,0.12,+/-0.09,17.34,+/-0.99,0.0,0.0,44.8,55.2,0.0,0.0,0.99,2.17,0.09,0.99,7,1.0,0.0,0.0
gpm2,GPM2,2026-08-22,11.17.05.2002,Bale Redelong,provisional_catchment,yes,4.811672965065149,96.9505347134354,Asia/Jakarta,Forecast Redelong representative point. BMKG ADM4 reference: 11.17.05.2002 (Bale Redelong). Initial BMKG reference for catchment point Spatial role: provisional_catchment. Area analisis provisional; menunggu konfirmasi batas DAS resmi.,23:00,7,6.9312,cukup,"BMKG,CMA,ECMWF,GFS,ICON,METEOFRANCE,UKMO",Berawan,90.6,Tinggi,17.12,+/-0.99,96.69,+/-3.42,0.05,+/-0.08,17.12,+/-0.99,0.0,0.0,71.1,28.9,0.0,0.0,0.99,3.42,0.08,0.99,7,1.0,8.57,60.0
gpm2,GPM2,2026-08-23,11.17.05.2002,Bale Redelong,provisional_catchment,yes,4.811672965065149,96.9505347134354,Asia/Jakarta,Forecast Redelong representative point. BMKG ADM4 reference: 11.17.05.2002 (Bale Redelong). Initial BMKG reference for catchment point Spatial role: provisional_catchment. Area analisis provisional; menunggu konfirmasi batas DAS resmi.,00:00,6,6.0,cukup,"CMA,ECMWF,GFS,ICON,METEOFRANCE,UKMO",Berawan,76.9,Sedang,17.55,+/-1.67,97.8,+/-1.47,0.03,+/-0.05,17.55,+/-1.67,0.0,16.7,50.0,33.3,0.0,0.0,1.67,1.47,0.05,1.67,7,0.8571,0.0,0.0
gpm2,GPM2,2026-08-23,11.17.05.2002,Bale Redelong,provisional_catchment,yes,4.811672965065149,96.9505347134354,Asia/Jakarta,Forecast Redelong representative point. BMKG ADM4 reference: 11.17.05.2002 (Bale Redelong). Initial BMKG reference for catchment point Spatial role: provisional_catchment. Area analisis provisional; menunggu konfirmasi batas DAS resmi.,01:00,6,6.0,cukup,"CMA,ECMWF,GFS,ICON,METEOFRANCE,UKMO",Berawan,81.1,Tinggi,17.25,+/-1.54,96.67,+/-2.87,0.02,+/-0.04,17.25,+/-1.54,0.0,16.7,66.7,16.7,0.0,0.0,1.54,2.87,0.04,1.54,7,0.8571,0.0,0.0
gpm2,GPM2,2026-08-23,11.17.05.2002,Bale Redelong,provisional_catchment,yes,4.811672965065149,96.9505347134354,Asia/Jakarta,Forecast Redelong representative point. BMKG ADM4 reference: 11.17.05.2002 (Bale Redelong). Initial BMKG reference for catchment point Spatial role: provisional_catchment. Area analisis provisional; menunggu konfirmasi batas DAS resmi.,02:00,6,6.0,cukup,"CMA,ECMWF,GFS,ICON,METEOFRANCE,UKMO",Berawan,81.1,Tinggi,17.1,+/-1.4,96.17,+/-3.58,0.0,+/-0.0,17.1,+/-1.4,0.0,33.3,66.7,0.0,0.0,0.0,1.4,3.58,0.0,1.4,7,0.8571,0.0,0.0
gpm2,GPM2,2026-08-23,11.17.05.2002,Bale Redelong,provisional_catchment,yes,4.811672965065149,96.9505347134354,Asia/Jakarta,Forecast Redelong representative point. BMKG ADM4 reference: 11.17.05.2002 (Bale Redelong). Initial BMKG reference for catchment point Spatial role: provisional_catchment. Area analisis provisional; menunggu konfirmasi batas DAS resmi.,03:00,6,6.0,cukup,"CMA,ECMWF,GFS,ICON,METEOFRANCE,UKMO",Berawan,77.0,Sedang,16.87,+/-1.27,96.17,+/-3.24,0.0,+/-0.0,16.87,+/-1.27,0.0,50.0,50.0,0.0,0.0,0.0,1.27,3.24,0.0,1.27,7,0.8571,0.0,0.0
gpm2,GPM2,2026-08-23,11.17.05.2002,Bale Redelong,provisional_catchment,yes,4.811672965065149,96.9505347134354,Asia/Jakarta,Forecast Redelong representative point. BMKG ADM4 reference: 11.17.05.2002 (Bale Redelong). Initial BMKG reference for catchment point Spatial role: provisional_catchment. Area analisis provisional; menunggu konfirmasi batas DAS resmi.,04:00,6,6.0,cukup,"CMA,ECMWF,GFS,ICON,METEOFRANCE,UKMO",Berawan,81.3,Tinggi,16.67,+/-1.14,96.17,+/-3.39,0.0,+/-0.0,16.67,+/-1.14,0.0,33.3,66.7,0.0,0.0,0.0,1.14,3.39,0.0,1.14,7,0.8571,0.0,0.0
gpm2,GPM2,2026-08-23,11.17.05.2002,Bale Redelong,provisional_catchment,yes,4.811672965065149,96.9505347134354,Asia/Jakarta,Forecast Redelong representative point. BMKG ADM4 reference: 11.17.05.2002 (Bale Redelong). Initial BMKG reference for catchment point Spatial role: provisional_catchment. Area analisis provisional; menunggu konfirmasi batas DAS resmi.,05:00,6,6.0,cukup,"CMA,ECMWF,GFS,ICON,METEOFRANCE,UKMO",Cerah Berawan,77.1,Sedang,16.4,+/-1.02,96.0,+/-3.65,0.0,+/-0.0,16.4,+/-1.02,16.7,50.0,33.3,0.0,0.0,0.0,1.02,3.65,0.0,1.02,7,0.8571,0.0,0.0
gpm2,GPM2,2026-08-23,11.17.05.2002,Bale Redelong,provisional_catchment,yes,4.811672965065149,96.9505347134354,Asia/Jakarta,Forecast Redelong representative point. BMKG ADM4 reference: 11.17.05.2002 (Bale Redelong). Initial BMKG reference for catchment point Spatial role: provisional_catchment. Area analisis provisional; menunggu konfirmasi batas DAS resmi.,06:00,6,6.0,cukup,"CMA,ECMWF,GFS,ICON,METEOFRANCE,UKMO",Berawan,77.2,Sedang,16.07,+/-0.97,96.67,+/-3.64,0.0,+/-0.0,16.07,+/-0.97,16.7,33.3,50.0,0.0,0.0,0.0,0.97,3.64,0.0,0.97,7,0.8571,0.0,0.0
gpm2,GPM2,2026-08-23,11.17.05.2002,Bale Redelong,provisional_catchment,yes,4.811672965065149,96.9505347134354,Asia/Jakarta,Forecast Redelong representative point. BMKG ADM4 reference: 11.17.05.2002 (Bale Redelong). Initial BMKG reference for catchment point Spatial role: provisional_catchment. Area analisis provisional; menunggu konfirmasi batas DAS resmi.,07:00,6,6.0,cukup,"CMA,ECMWF,GFS,ICON,METEOFRANCE,UKMO",Berawan,77.1,Sedang,16.45,+/-0.99,95.33,+/-3.54,0.0,+/-0.0,16.45,+/-0.99,0.0,50.0,50.0,0.0,0.0,0.0,0.99,3.54,0.0,0.99,7,0.8571,0.0,0.0
gpm2,GPM2,2026-08-23,11.17.05.2002,Bale Redelong,provisional_catchment,yes,4.811672965065149,96.9505347134354,Asia/Jakarta,Forecast Redelong representative point. BMKG ADM4 reference: 11.17.05.2002 (Bale Redelong). Initial BMKG reference for catchment point Spatial role: provisional_catchment. Area analisis provisional; menunggu konfirmasi batas DAS resmi.,08:00,6,6.0,cukup,"CMA,ECMWF,GFS,ICON,METEOFRANCE,UKMO",Berawan,77.1,Sedang,18.32,+/-0.9,88.5,+/-4.19,0.0,+/-0.0,18.32,+/-0.9,0.0,50.0,50.0,0.0,0.0,0.0,0.9,4.19,0.0,0.9,7,0.8571,0.0,0.0
gpm2,GPM2,2026-08-23,11.17.05.2002,Bale Redelong,provisional_catchment,yes,4.811672965065149,96.9505347134354,Asia/Jakarta,Forecast Redelong representative point. BMKG ADM4 reference: 11.17.05.2002 (Bale Redelong). Initial BMKG reference for catchment point Spatial role: provisional_catchment. Area analisis provisional; menunggu konfirmasi batas DAS resmi.,09:00,6,6.0,cukup,"CMA,ECMWF,GFS,ICON,METEOFRANCE,UKMO",Berawan,77.2,Sedang,20.78,+/-0.9,82.0,+/-2.83,0.0,+/-0.0,20.78,+/-0.9,0.0,50.0,50.0,0.0,0.0,0.0,0.9,2.83,0.0,0.9,7,0.8571,0.0,0.0
gpm2,GPM2,2026-08-23,11.17.05.2002,Bale Redelong,provisional_catchment,yes,4.811672965065149,96.9505347134354,Asia/Jakarta,Forecast Redelong representative point. BMKG ADM4 reference: 11.17.05.2002 (Bale Redelong). Initial BMKG reference for catchment point Spatial role: provisional_catchment. Area analisis provisional; menunggu konfirmasi batas DAS resmi.,10:00,6,6.0,cukup,"CMA,ECMWF,GFS,ICON,METEOFRANCE,UKMO",Berawan,76.7,Sedang,22.68,+/-1.06,72.5,+/-9.07,0.02,+/-0.04,22.68,+/-1.06,0.0,33.3,50.0,16.7,0.0,0.0,1.06,9.07,0.04,1.06,7,0.8571,0.0,0.0
gpm2,GPM2,2026-08-23,11.17.05.2002,Bale Redelong,provisional_catchment,yes,4.811672965065149,96.9505347134354,Asia/Jakarta,Forecast Redelong representative point. BMKG ADM4 reference: 11.17.05.2002 (Bale Redelong). Initial BMKG reference for catchment point Spatial role: provisional_catchment. Area analisis provisional; menunggu konfirmasi batas DAS resmi.,11:00,6,6.0,cukup,"CMA,ECMWF,GFS,ICON,METEOFRANCE,UKMO",Hujan Ringan,76.0,Sedang,23.38,+/-1.45,72.33,+/-11.74,0.62,+/-0.37,23.38,+/-1.45,0.0,16.7,0.0,50.0,16.7,16.7,1.45,11.74,0.37,1.45,7,0.8571,0.0,0.0
gpm2,GPM2,2026-08-23,11.17.05.2002,Bale Redelong,provisional_catchment,yes,4.811672965065149,96.9505347134354,Asia/Jakarta,Forecast Redelong representative point. BMKG ADM4 reference: 11.17.05.2002 (Bale Redelong). Initial BMKG reference for catchment point Spatial role: provisional_catchment. Area analisis provisional; menunggu konfirmasi batas DAS resmi.,12:00,6,6.0,cukup,"CMA,ECMWF,GFS,ICON,METEOFRANCE,UKMO",Hujan Ringan,80.1,Tinggi,23.17,+/-1.58,77.67,+/-13.34,0.7,+/-0.25,23.17,+/-1.58,0.0,0.0,0.0,66.7,0.0,33.3,1.58,13.34,0.25,1.58,7,0.8571,0.0,0.0
gpm2,GPM2,2026-08-23,11.17.05.2002,Bale Redelong,provisional_catchment,yes,4.811672965065149,96.9505347134354,Asia/Jakarta,Forecast Redelong representative point. BMKG ADM4 reference: 11.17.05.2002 (Bale Redelong). Initial BMKG reference for catchment point Spatial role: provisional_catchment. Area analisis provisional; menunggu konfirmasi batas DAS resmi.,13:00,6,6.0,cukup,"CMA,ECMWF,GFS,ICON,METEOFRANCE,UKMO",Hujan Ringan,80.1,Tinggi,22.63,+/-1.56,83.0,+/-14.25,0.76,+/-0.21,22.63,+/-1.56,0.0,0.0,0.0,66.7,0.0,33.3,1.56,14.25,0.21,1.56,7,0.8571,0.0,0.0
gpm2,GPM2,2026-08-23,11.17.05.2002,Bale Redelong,provisional_catchment,yes,4.811672965065149,96.9505347134354,Asia/Jakarta,Forecast Redelong representative point. BMKG ADM4 reference: 11.17.05.2002 (Bale Redelong). Initial BMKG reference for catchment point Spatial role: provisional_catchment. Area analisis provisional; menunggu konfirmasi batas DAS resmi.,14:00,6,6.0,cukup,"CMA,ECMWF,GFS,ICON,METEOFRANCE,UKMO",Hujan Lebat,75.0,Sedang,21.82,+/-1.44,88.67,+/-10.87,3.34,+/-1.87,21.82,+/-1.44,0.0,0.0,0.0,33.3,16.7,50.0,1.44,10.87,1.87,1.44,7,0.8571,0.0,0.0
gpm2,GPM2,2026-08-23,11.17.05.2002,Bale Redelong,provisional_catchment,yes,4.811672965065149,96.9505347134354,Asia/Jakarta,Forecast Redelong representative point. BMKG ADM4 reference: 11.17.05.2002 (Bale Redelong). Initial BMKG reference for catchment point Spatial role: provisional_catchment. Area analisis provisional; menunggu konfirmasi batas DAS resmi.,15:00,6,6.0,cukup,"CMA,ECMWF,GFS,ICON,METEOFRANCE,UKMO",Hujan Sedang,71.0,Sedang,21.38,+/-1.22,89.17,+/-9.33,3.32,+/-1.89,21.38,+/-1.22,0.0,0.0,0.0,33.3,33.3,33.3,1.22,9.33,1.89,1.22,7,0.8571,0.0,0.0
gpm2,GPM2,2026-08-23,11.17.05.2002,Bale Redelong,provisional_catchment,yes,4.811672965065149,96.9505347134354,Asia/Jakarta,Forecast Redelong representative point. BMKG ADM4 reference: 11.17.05.2002 (Bale Redelong). Initial BMKG reference for catchment point Spatial role: provisional_catchment. Area analisis provisional; menunggu konfirmasi batas DAS resmi.,16:00,6,6.0,cukup,"CMA,ECMWF,GFS,ICON,METEOFRANCE,UKMO",Hujan Sedang,71.2,Sedang,20.88,+/-1.14,90.33,+/-7.41,3.3,+/-1.91,20.88,+/-1.14,0.0,0.0,0.0,33.3,33.3,33.3,1.14,7.41,1.91,1.14,7,0.8571,0.0,0.0
gpm2,GPM2,2026-08-23,11.17.05.2002,Bale Redelong,provisional_catchment,yes,4.811672965065149,96.9505347134354,Asia/Jakarta,Forecast Redelong representative point. BMKG ADM4 reference: 11.17.05.2002 (Bale Redelong). Initial BMKG reference for catchment point Spatial role: provisional_catchment. Area analisis provisional; menunggu konfirmasi batas DAS resmi.,17:00,6,6.0,cukup,"CMA,ECMWF,GFS,ICON,METEOFRANCE,UKMO",Hujan Ringan,76.5,Sedang,20.3,+/-0.29,92.0,+/-5.07,1.44,+/-1.16,20.3,+/-0.29,0.0,0.0,16.7,50.0,16.7,16.7,0.29,5.07,1.16,0.29,7,0.8571,0.0,0.0
gpm2,GPM2,2026-08-23,11.17.05.2002,Bale Redelong,provisional_catchment,yes,4.811672965065149,96.9505347134354,Asia/Jakarta,Forecast Redelong representative point. BMKG ADM4 reference: 11.17.05.2002 (Bale Redelong). Initial BMKG reference for catchment point Spatial role: provisional_catchment. Area analisis provisional; menunggu konfirmasi batas DAS resmi.,18:00,6,6.0,cukup,"CMA,ECMWF,GFS,ICON,METEOFRANCE,UKMO",Hujan Ringan,76.5,Sedang,19.22,+/-0.75,94.17,+/-2.67,1.48,+/-1.14,19.22,+/-0.75,0.0,0.0,16.7,50.0,16.7,16.7,0.75,2.67,1.14,0.75,7,0.8571,0.0,0.0
gpm2,GPM2,2026-08-23,11.17.05.2002,Bale Redelong,provisional_catchment,yes,4.811672965065149,96.9505347134354,Asia/Jakarta,Forecast Redelong representative point. BMKG ADM4 reference: 11.17.05.2002 (Bale Redelong). Initial BMKG reference for catchment point Spatial role: provisional_catchment. Area analisis provisional; menunggu konfirmasi batas DAS resmi.,19:00,6,6.0,cukup,"CMA,ECMWF,GFS,ICON,METEOFRANCE,UKMO",Hujan Ringan,76.2,Sedang,18.95,+/-1.53,95.83,+/-2.03,1.58,+/-1.11,18.95,+/-1.53,0.0,0.0,16.7,50.0,16.7,16.7,1.53,2.03,1.11,1.53,7,0.8571,0.0,0.0
gpm2,GPM2,2026-08-23,11.17.05.2002,Bale Redelong,provisional_catchment,yes,4.811672965065149,96.9505347134354,Asia/Jakarta,Forecast Redelong representative point. BMKG ADM4 reference: 11.17.05.2002 (Bale Redelong). Initial BMKG reference for catchment point Spatial role: provisional_catchment. Area analisis provisional; menunggu konfirmasi batas DAS resmi.,20:00,6,6.0,cukup,"CMA,ECMWF,GFS,ICON,METEOFRANCE,UKMO",Berawan,77.0,Sedang,18.57,+/-1.55,96.67,+/-1.37,0.03,+/-0.04,18.57,+/-1.55,0.0,0.0,50.0,50.0,0.0,0.0,1.55,1.37,0.04,1.55,7,0.8571,0.0,0.0
gpm2,GPM2,2026-08-23,11.17.05.2002,Bale Redelong,provisional_catchment,yes,4.811672965065149,96.9505347134354,Asia/Jakarta,Forecast Redelong representative point. BMKG ADM4 reference: 11.17.05.2002 (Bale Redelong). Initial BMKG reference for catchment point Spatial role: provisional_catchment. Area analisis provisional; menunggu konfirmasi batas DAS resmi.,21:00,6,6.0,cukup,"CMA,ECMWF,GFS,ICON,METEOFRANCE,UKMO",Berawan,77.1,Sedang,18.18,+/-1.51,97.67,+/-0.75,0.03,+/-0.04,18.18,+/-1.51,0.0,0.0,50.0,50.0,0.0,0.0,1.51,0.75,0.04,1.51,7,0.8571,0.0,0.0
gpm2,GPM2,2026-08-23,11.17.05.2002,Bale Redelong,provisional_catchment,yes,4.811672965065149,96.9505347134354,Asia/Jakarta,Forecast Redelong representative point. BMKG ADM4 reference: 11.17.05.2002 (Bale Redelong). Initial BMKG reference for catchment point Spatial role: provisional_catchment. Area analisis provisional; menunggu konfirmasi batas DAS resmi.,22:00,6,6.0,cukup,"CMA,ECMWF,GFS,ICON,METEOFRANCE,UKMO",Berawan,77.0,Sedang,17.82,+/-1.51,97.83,+/-1.07,0.04,+/-0.05,17.82,+/-1.51,0.0,0.0,50.0,50.0,0.0,0.0,1.51,1.07,0.05,1.51,7,0.8571,0.0,0.0
gpm2,GPM2,2026-08-23,11.17.05.2002,Bale Redelong,provisional_catchment,yes,4.811672965065149,96.9505347134354,Asia/Jakarta,Forecast Redelong representative point. BMKG ADM4 reference: 11.17.05.2002 (Bale Redelong). Initial BMKG reference for catchment point Spatial role: provisional_catchment. Area analisis provisional; menunggu konfirmasi batas DAS resmi.,23:00,6,6.0,cukup,"CMA,ECMWF,GFS,ICON,METEOFRANCE,UKMO",Berawan,76.7,Sedang,17.55,+/-1.5,97.67,+/-1.37,0.25,+/-0.52,17.55,+/-1.5,16.7,0.0,50.0,33.3,0.0,0.0,1.5,1.37,0.52,1.5,7,0.8571,0.0,0.0
gpm3,GPM3,2026-08-20,11.17.05.2002,Bale Redelong,provisional_catchment,yes,4.815409756944025,97.009911990332,Asia/Jakarta,Forecast Redelong representative point. BMKG ADM4 reference: 11.17.05.2002 (Bale Redelong). Initial BMKG reference for catchment point Spatial role: provisional_catchment. Area analisis provisional; menunggu konfirmasi batas DAS resmi.,00:00,6,6.0,cukup,"CMA,ECMWF,GFS,ICON,METEOFRANCE,UKMO",Berawan,88.8,Tinggi,15.98,+/-1.86,78.33,+/-9.01,0.0,+/-0.0,15.98,+/-1.86,0.0,0.0,100.0,0.0,0.0,0.0,1.86,9.01,0.0,1.86,7,0.8571,0.0,0.0
gpm3,GPM3,2026-08-20,11.17.05.2002,Bale Redelong,provisional_catchment,yes,4.815409756944025,97.009911990332,Asia/Jakarta,Forecast Redelong representative point. BMKG ADM4 reference: 11.17.05.2002 (Bale Redelong). Initial BMKG reference for catchment point Spatial role: provisional_catchment. Area analisis provisional; menunggu konfirmasi batas DAS resmi.,01:00,6,6.0,cukup,"CMA,ECMWF,GFS,ICON,METEOFRANCE,UKMO",Berawan,88.7,Tinggi,15.92,+/-1.84,74.67,+/-10.78,0.0,+/-0.0,15.92,+/-1.84,0.0,0.0,100.0,0.0,0.0,0.0,1.84,10.78,0.0,1.84,7,0.8571,0.0,0.0
gpm3,GPM3,2026-08-20,11.17.05.2002,Bale Redelong,provisional_catchment,yes,4.815409756944025,97.009911990332,Asia/Jakarta,Forecast Redelong representative point. BMKG ADM4 reference: 11.17.05.2002 (Bale Redelong). Initial BMKG reference for catchment point Spatial role: provisional_catchment. Area analisis provisional; menunggu konfirmasi batas DAS resmi.,02:00,6,6.0,cukup,"CMA,ECMWF,GFS,ICON,METEOFRANCE,UKMO",Berawan,88.6,Tinggi,15.88,+/-1.96,73.0,+/-10.71,0.0,+/-0.0,15.88,+/-1.96,0.0,0.0,100.0,0.0,0.0,0.0,1.96,10.71,0.0,1.96,7,0.8571,0.0,0.0
gpm3,GPM3,2026-08-20,11.17.05.2002,Bale Redelong,provisional_catchment,yes,4.815409756944025,97.009911990332,Asia/Jakarta,Forecast Redelong representative point. BMKG ADM4 reference: 11.17.05.2002 (Bale Redelong). Initial BMKG reference for catchment point Spatial role: provisional_catchment. Area analisis provisional; menunggu konfirmasi batas DAS resmi.,03:00,6,6.0,cukup,"CMA,ECMWF,GFS,ICON,METEOFRANCE,UKMO",Berawan,88.5,Tinggi,15.47,+/-2.27,72.83,+/-10.82,0.0,+/-0.0,15.47,+/-2.27,0.0,0.0,100.0,0.0,0.0,0.0,2.27,10.82,0.0,2.27,7,0.8571,0.0,0.0
gpm3,GPM3,2026-08-20,11.17.05.2002,Bale Redelong,provisional_catchment,yes,4.815409756944025,97.009911990332,Asia/Jakarta,Forecast Redelong representative point. BMKG ADM4 reference: 11.17.05.2002 (Bale Redelong). Initial BMKG reference for catchment point Spatial role: provisional_catchment. Area analisis provisional; menunggu konfirmasi batas DAS resmi.,04:00,7,6.6868,cukup,"BMKG,CMA,ECMWF,GFS,ICON,METEOFRANCE,UKMO",Berawan,96.1,Tinggi,15.68,+/-2.19,69.0,+/-6.68,0.0,+/-0.0,15.68,+/-2.19,0.0,0.0,100.0,0.0,0.0,0.0,2.19,6.68,0.0,2.19,7,1.0,25.71,180.0
gpm3,GPM3,2026-08-20,11.17.05.2002,Bale Redelong,provisional_catchment,yes,4.815409756944025,97.009911990332,Asia/Jakarta,Forecast Redelong representative point. BMKG ADM4 reference: 11.17.05.2002 (Bale Redelong). Initial BMKG reference for catchment point Spatial role: provisional_catchment. Area analisis provisional; menunggu konfirmasi batas DAS resmi.,05:00,7,6.6868,cukup,"BMKG,CMA,ECMWF,GFS,ICON,METEOFRANCE,UKMO",Berawan,92.2,Tinggi,15.52,+/-2.19,73.19,+/-10.05,0.0,+/-0.0,15.52,+/-2.19,0.0,15.0,85.0,0.0,0.0,0.0,2.19,10.05,0.0,2.19,7,1.0,17.14,120.0
gpm3,GPM3,2026-08-20,11.17.05.2002,Bale Redelong,provisional_catchment,yes,4.815409756944025,97.009911990332,Asia/Jakarta,Forecast Redelong representative point. BMKG ADM4 reference: 11.17.05.2002 (Bale Redelong). Initial BMKG reference for catchment point Spatial role: provisional_catchment. Area analisis provisional; menunggu konfirmasi batas DAS resmi.,06:00,7,6.9366,cukup,"BMKG,CMA,ECMWF,GFS,ICON,METEOFRANCE,UKMO",Berawan,96.7,Tinggi,15.38,+/-2.2,74.33,+/-9.94,0.0,+/-0.0,15.38,+/-2.2,0.0,0.0,100.0,0.0,0.0,0.0,2.2,9.94,0.0,2.2,7,1.0,8.57,60.0
gpm3,GPM3,2026-08-20,11.17.05.2002,Bale Redelong,provisional_catchment,yes,4.815409756944025,97.009911990332,Asia/Jakarta,Forecast Redelong representative point. BMKG ADM4 reference: 11.17.05.2002 (Bale Redelong). Initial BMKG reference for catchment point Spatial role: provisional_catchment. Area analisis provisional; menunggu konfirmasi batas DAS resmi.,07:00,7,7.2488,cukup,"BMKG,CMA,ECMWF,GFS,ICON,METEOFRANCE,UKMO",Berawan,98.0,Tinggi,15.78,+/-1.9,75.48,+/-9.29,0.0,+/-0.0,15.78,+/-1.9,0.0,0.0,100.0,0.0,0.0,0.0,1.9,9.29,0.0,1.9,7,1.0,0.0,0.0
gpm3,GPM3,2026-08-20,11.17.05.2002,Bale Redelong,provisional_catchment,yes,4.815409756944025,97.009911990332,Asia/Jakarta,Forecast Redelong representative point. BMKG ADM4 reference: 11.17.05.2002 (Bale Redelong). Initial BMKG reference for catchment point Spatial role: provisional_catchment. Area analisis provisional; menunggu konfirmasi batas DAS resmi.,08:00,7,6.9366,cukup,"BMKG,CMA,ECMWF,GFS,ICON,METEOFRANCE,UKMO",Berawan,97.4,Tinggi,17.39,+/-1.05,72.75,+/-9.23,0.0,+/-0.0,17.39,+/-1.05,0.0,0.0,100.0,0.0,0.0,0.0,1.05,9.23,0.0,1.05,7,1.0,8.57,60.0
gpm3,GPM3,2026-08-20,11.17.05.2002,Bale Redelong,provisional_catchment,yes,4.815409756944025,97.009911990332,Asia/Jakarta,Forecast Redelong representative point. BMKG ADM4 reference: 11.17.05.2002 (Bale Redelong). Initial BMKG reference for catchment point Spatial role: provisional_catchment. Area analisis provisional; menunggu konfirmasi batas DAS resmi.,09:00,7,6.9366,cukup,"BMKG,CMA,ECMWF,GFS,ICON,METEOFRANCE,UKMO",Berawan,97.0,Tinggi,20.46,+/-1.22,59.15,+/-13.17,0.0,+/-0.0,20.46,+/-1.22,0.0,0.0,100.0,0.0,0.0,0.0,1.22,13.17,0.0,1.22,7,1.0,8.57,60.0
gpm3,GPM3,2026-08-20,11.17.05.2002,Bale Redelong,provisional_catchment,yes,4.815409756944025,97.009911990332,Asia/Jakarta,Forecast Redelong representative point. BMKG ADM4 reference: 11.17.05.2002 (Bale Redelong). Initial BMKG reference for catchment point Spatial role: provisional_catchment. Area analisis provisional; menunggu konfirmasi batas DAS resmi.,10:00,7,7.2488,cukup,"BMKG,CMA,ECMWF,GFS,ICON,METEOFRANCE,UKMO",Berawan,98.4,Tinggi,22.06,+/-0.82,56.44,+/-11.22,0.0,+/-0.0,22.06,+/-0.82,0.0,0.0,100.0,0.0,0.0,0.0,0.82,11.22,0.0,0.82,7,1.0,0.0,0.0
gpm3,GPM3,2026-08-20,11.17.05.2002,Bale Redelong,provisional_catchment,yes,4.815409756944025,97.009911990332,Asia/Jakarta,Forecast Redelong representative point. BMKG ADM4 reference: 11.17.05.2002 (Bale Redelong). Initial BMKG reference for catchment point Spatial role: provisional_catchment. Area analisis provisional; menunggu konfirmasi batas DAS resmi.,11:00,7,6.9366,cukup,"BMKG,CMA,ECMWF,GFS,ICON,METEOFRANCE,UKMO",Berawan,97.5,Tinggi,23.12,+/-1.04,58.4,+/-7.58,0.0,+/-0.0,23.12,+/-1.04,0.0,0.0,100.0,0.0,0.0,0.0,1.04,7.58,0.0,1.04,7,1.0,8.57,60.0
gpm3,GPM3,2026-08-20,11.17.05.2002,Bale Redelong,provisional_catchment,yes,4.815409756944025,97.009911990332,Asia/Jakarta,Forecast Redelong representative point. BMKG ADM4 reference: 11.17.05.2002 (Bale Redelong). Initial BMKG reference for catchment point Spatial role: provisional_catchment. Area analisis provisional; menunggu konfirmasi batas DAS resmi.,12:00,7,6.9366,cukup,"BMKG,CMA,ECMWF,GFS,ICON,METEOFRANCE,UKMO",Berawan,96.9,Tinggi,23.96,+/-1.22,50.07,+/-13.97,0.0,+/-0.0,23.96,+/-1.22,0.0,0.0,100.0,0.0,0.0,0.0,1.22,13.97,0.0,1.22,7,1.0,8.57,60.0
gpm3,GPM3,2026-08-20,11.17.05.2002,Bale Redelong,provisional_catchment,yes,4.815409756944025,97.009911990332,Asia/Jakarta,Forecast Redelong representative point. BMKG ADM4 reference: 11.17.05.2002 (Bale Redelong). Initial BMKG reference for catchment point Spatial role: provisional_catchment. Area analisis provisional; menunggu konfirmasi batas DAS resmi.,13:00,7,7.2488,cukup,"BMKG,CMA,ECMWF,GFS,ICON,METEOFRANCE,UKMO",Berawan,98.1,Tinggi,24.1,+/-1.23,51.24,+/-12.76,0.0,+/-0.0,24.1,+/-1.23,0.0,0.0,100.0,0.0,0.0,0.0,1.23,12.76,0.0,1.23,7,1.0,0.0,0.0
gpm3,GPM3,2026-08-20,11.17.05.2002,Bale Redelong,provisional_catchment,yes,4.815409756944025,97.009911990332,Asia/Jakarta,Forecast Redelong representative point. BMKG ADM4 reference: 11.17.05.2002 (Bale Redelong). Initial BMKG reference for catchment point Spatial role: provisional_catchment. Area analisis provisional; menunggu konfirmasi batas DAS resmi.,14:00,7,6.9366,cukup,"BMKG,CMA,ECMWF,GFS,ICON,METEOFRANCE,UKMO",Berawan,89.4,Tinggi,23.7,+/-1.49,56.13,+/-14.26,0.1,+/-0.18,23.7,+/-1.49,0.0,0.0,71.2,28.8,0.0,0.0,1.49,14.26,0.18,1.49,7,1.0,8.57,60.0
gpm3,GPM3,2026-08-20,11.17.05.2002,Bale Redelong,provisional_catchment,yes,4.815409756944025,97.009911990332,Asia/Jakarta,Forecast Redelong representative point. BMKG ADM4 reference: 11.17.05.2002 (Bale Redelong). Initial BMKG reference for catchment point Spatial role: provisional_catchment. Area analisis provisional; menunggu konfirmasi batas DAS resmi.,15:00,7,6.9366,cukup,"BMKG,CMA,ECMWF,GFS,ICON,METEOFRANCE,UKMO",Berawan,89.0,Tinggi,22.63,+/-1.53,64.85,+/-13.86,0.35,+/-0.74,22.63,+/-1.53,0.0,0.0,71.2,28.8,0.0,0.0,1.53,13.86,0.74,1.53,7,1.0,8.57,60.0
gpm3,GPM3,2026-08-20,11.17.05.2002,Bale Redelong,provisional_catchment,yes,4.815409756944025,97.009911990332,Asia/Jakarta,Forecast Redelong representative point. BMKG ADM4 reference: 11.17.05.2002 (Bale Redelong). Initial BMKG reference for catchment point Spatial role: provisional_catchment. Area analisis provisional; menunggu konfirmasi batas DAS resmi.,16:00,7,7.2488,cukup,"BMKG,CMA,ECMWF,GFS,ICON,METEOFRANCE,UKMO",Berawan,90.5,Tinggi,21.86,+/-1.44,74.8,+/-8.83,0.53,+/-1.15,21.86,+/-1.44,0.0,0.0,72.4,13.8,13.8,0.0,1.44,8.83,1.15,1.44,7,1.0,0.0,0.0
gpm3,GPM3,2026-08-20,11.17.05.2002,Bale Redelong,provisional_catchment,yes,4.815409756944025,97.009911990332,Asia/Jakarta,Forecast Redelong representative point. BMKG ADM4 reference: 11.17.05.2002 (Bale Redelong). Initial BMKG reference for catchment point Spatial role: provisional_catchment. Area analisis provisional; menunggu konfirmasi batas DAS resmi.,17:00,7,6.9366,cukup,"BMKG,CMA,ECMWF,GFS,ICON,METEOFRANCE,UKMO",Berawan,86.1,Tinggi,20.95,+/-1.5,76.09,+/-12.11,0.06,+/-0.08,20.95,+/-1.5,0.0,0.0,56.8,43.2,0.0,0.0,1.5,12.11,0.08,1.5,7,1.0,8.57,60.0
gpm3,GPM3,2026-08-20,11.17.05.2002,Bale Redelong,provisional_catchment,yes,4.815409756944025,97.009911990332,Asia/Jakarta,Forecast Redelong representative point. BMKG ADM4 reference: 11.17.05.2002 (Bale Redelong). Initial BMKG reference for catchment point Spatial role: provisional_catchment. Area analisis provisional; menunggu konfirmasi batas DAS resmi.,18:00,7,6.9366,cukup,"BMKG,CMA,ECMWF,GFS,ICON,METEOFRANCE,UKMO",Berawan,86.5,Tinggi,19.43,+/-1.38,85.57,+/-6.75,0.05,+/-0.08,19.43,+/-1.38,0.0,14.4,56.8,28.8,0.0,0.0,1.38,6.75,0.08,1.38,7,1.0,8.57,60.0
gpm3,GPM3,2026-08-20,11.17.05.2002,Bale Redelong,provisional_catchment,yes,4.815409756944025,97.009911990332,Asia/Jakarta,Forecast Redelong representative point. BMKG ADM4 reference: 11.17.05.2002 (Bale Redelong). Initial BMKG reference for catchment point Spatial role: provisional_catchment. Area analisis provisional; menunggu konfirmasi batas DAS resmi.,19:00,7,7.2488,cukup,"BMKG,CMA,ECMWF,GFS,ICON,METEOFRANCE,UKMO",Berawan,88.2,Tinggi,18.11,+/-1.37,92.35,+/-4.55,0.07,+/-0.07,18.11,+/-1.37,0.0,0.0,58.6,41.4,0.0,0.0,1.37,4.55,0.07,1.37,7,1.0,0.0,0.0
gpm3,GPM3,2026-08-20,11.17.05.2002,Bale Redelong,provisional_catchment,yes,4.815409756944025,97.009911990332,Asia/Jakarta,Forecast Redelong representative point. BMKG ADM4 reference: 11.17.05.2002 (Bale Redelong). Initial BMKG reference for catchment point Spatial role: provisional_catchment. Area analisis provisional; menunggu konfirmasi batas DAS resmi.,20:00,7,6.9366,cukup,"BMKG,CMA,ECMWF,GFS,ICON,METEOFRANCE,UKMO",Berawan,93.9,Tinggi,17.63,+/-1.34,94.94,+/-4.74,0.02,+/-0.04,17.63,+/-1.34,0.0,0.0,85.6,14.4,0.0,0.0,1.34,4.74,0.04,1.34,7,1.0,8.57,60.0
gpm3,GPM3,2026-08-20,11.17.05.2002,Bale Redelong,provisional_catchment,yes,4.815409756944025,97.009911990332,Asia/Jakarta,Forecast Redelong representative point. BMKG ADM4 reference: 11.17.05.2002 (Bale Redelong). Initial BMKG reference for catchment point Spatial role: provisional_catchment. Area analisis provisional; menunggu konfirmasi batas DAS resmi.,21:00,7,6.9366,cukup,"BMKG,CMA,ECMWF,GFS,ICON,METEOFRANCE,UKMO",Berawan,94.2,Tinggi,16.44,+/-0.84,95.48,+/-4.33,0.02,+/-0.04,16.44,+/-0.84,0.0,0.0,85.6,14.4,0.0,0.0,0.84,4.33,0.04,0.84,7,1.0,8.57,60.0
gpm3,GPM3,2026-08-20,11.17.05.2002,Bale Redelong,provisional_catchment,yes,4.815409756944025,97.009911990332,Asia/Jakarta,Forecast Redelong representative point. BMKG ADM4 reference: 11.17.05.2002 (Bale Redelong). Initial BMKG reference for catchment point Spatial role: provisional_catchment. Area analisis provisional; menunggu konfirmasi batas DAS resmi.,22:00,7,7.2488,cukup,"BMKG,CMA,ECMWF,GFS,ICON,METEOFRANCE,UKMO",Berawan,95.4,Tinggi,16.16,+/-0.96,93.86,+/-4.0,0.02,+/-0.04,16.16,+/-0.96,0.0,0.0,86.2,13.8,0.0,0.0,0.96,4.0,0.04,0.96,7,1.0,0.0,0.0
gpm3,GPM3,2026-08-20,11.17.05.2002,Bale Redelong,provisional_catchment,yes,4.815409756944025,97.009911990332,Asia/Jakarta,Forecast Redelong representative point. BMKG ADM4 reference: 11.17.05.2002 (Bale Redelong). Initial BMKG reference for catchment point Spatial role: provisional_catchment. Area analisis provisional; menunggu konfirmasi batas DAS resmi.,23:00,7,6.9366,cukup,"BMKG,CMA,ECMWF,GFS,ICON,METEOFRANCE,UKMO",Berawan,97.4,Tinggi,16.26,+/-1.73,93.03,+/-4.22,0.0,+/-0.0,16.26,+/-1.73,0.0,0.0,100.0,0.0,0.0,0.0,1.73,4.22,0.0,1.73,7,1.0,8.57,60.0
gpm3,GPM3,2026-08-21,11.17.05.2002,Bale Redelong,provisional_catchment,yes,4.815409756944025,97.009911990332,Asia/Jakarta,Forecast Redelong representative point. BMKG ADM4 reference: 11.17.05.2002 (Bale Redelong). Initial BMKG reference for catchment point Spatial role: provisional_catchment. Area analisis provisional; menunggu konfirmasi batas DAS resmi.,00:00,7,6.9284,cukup,"BMKG,CMA,ECMWF,GFS,ICON,METEOFRANCE,UKMO",Berawan,97.4,Tinggi,15.94,+/-1.66,92.71,+/-4.01,0.0,+/-0.0,15.94,+/-1.66,0.0,0.0,100.0,0.0,0.0,0.0,1.66,4.01,0.0,1.66,7,1.0,8.57,60.0
gpm3,GPM3,2026-08-21,11.17.05.2002,Bale Redelong,provisional_catchment,yes,4.815409756944025,97.009911990332,Asia/Jakarta,Forecast Redelong representative point. BMKG ADM4 reference: 11.17.05.2002 (Bale Redelong). Initial BMKG reference for catchment point Spatial role: provisional_catchment. Area analisis provisional; menunggu konfirmasi batas DAS resmi.,01:00,7,7.2379,cukup,"BMKG,CMA,ECMWF,GFS,ICON,METEOFRANCE,UKMO",Berawan,98.5,Tinggi,15.6,+/-1.63,91.89,+/-3.95,0.0,+/-0.0,15.6,+/-1.63,0.0,0.0,100.0,0.0,0.0,0.0,1.63,3.95,0.0,1.63,7,1.0,0.0,0.0
gpm3,GPM3,2026-08-21,11.17.05.2002,Bale Redelong,provisional_catchment,yes,4.815409756944025,97.009911990332,Asia/Jakarta,Forecast Redelong representative point. BMKG ADM4 reference: 11.17.05.2002 (Bale Redelong). Initial BMKG reference for catchment point Spatial role: provisional_catchment. Area analisis provisional; menunggu konfirmasi batas DAS resmi.,02:00,7,6.9284,cukup,"BMKG,CMA,ECMWF,GFS,ICON,METEOFRANCE,UKMO",Berawan,97.4,Tinggi,15.34,+/-1.69,91.41,+/-4.49,0.0,+/-0.0,15.34,+/-1.69,0.0,0.0,100.0,0.0,0.0,0.0,1.69,4.49,0.0,1.69,7,1.0,8.57,60.0
gpm3,GPM3,2026-08-21,11.17.05.2002,Bale Redelong,provisional_catchment,yes,4.815409756944025,97.009911990332,Asia/Jakarta,Forecast Redelong representative point. BMKG ADM4 reference: 11.17.05.2002 (Bale Redelong). Initial BMKG reference for catchment point Spatial role: provisional_catchment. Area analisis provisional; menunggu konfirmasi batas DAS resmi.,03:00,7,6.9284,cukup,"BMKG,CMA,ECMWF,GFS,ICON,METEOFRANCE,UKMO",Berawan,93.6,Tinggi,14.99,+/-1.84,89.03,+/-6.0,0.0,+/-0.0,14.99,+/-1.84,0.0,14.4,85.6,0.0,0.0,0.0,1.84,6.0,0.0,1.84,7,1.0,8.57,60.0
gpm3,GPM3,2026-08-21,11.17.05.2002,Bale Redelong,provisional_catchment,yes,4.815409756944025,97.009911990332,Asia/Jakarta,Forecast Redelong representative point. BMKG ADM4 reference: 11.17.05.2002 (Bale Redelong). Initial BMKG reference for catchment point Spatial role: provisional_catchment. Area analisis provisional; menunggu konfirmasi batas DAS resmi.,04:00,7,7.2379,cukup,"BMKG,CMA,ECMWF,GFS,ICON,METEOFRANCE,UKMO",Berawan,98.1,Tinggi,14.94,+/-1.9,86.69,+/-8.11,0.0,+/-0.0,14.94,+/-1.9,0.0,0.0,100.0,0.0,0.0,0.0,1.9,8.11,0.0,1.9,7,1.0,0.0,0.0
gpm3,GPM3,2026-08-21,11.17.05.2002,Bale Redelong,provisional_catchment,yes,4.815409756944025,97.009911990332,Asia/Jakarta,Forecast Redelong representative point. BMKG ADM4 reference: 11.17.05.2002 (Bale Redelong). Initial BMKG reference for catchment point Spatial role: provisional_catchment. Area analisis provisional; menunggu konfirmasi batas DAS resmi.,05:00,7,6.9284,cukup,"BMKG,CMA,ECMWF,GFS,ICON,METEOFRANCE,UKMO",Berawan,93.3,Tinggi,14.77,+/-1.85,85.57,+/-9.27,0.0,+/-0.0,14.77,+/-1.85,0.0,14.4,85.6,0.0,0.0,0.0,1.85,9.27,0.0,1.85,7,1.0,8.57,60.0
gpm3,GPM3,2026-08-21,11.17.05.2002,Bale Redelong,provisional_catchment,yes,4.815409756944025,97.009911990332,Asia/Jakarta,Forecast Redelong representative point. BMKG ADM4 reference: 11.17.05.2002 (Bale Redelong). Initial BMKG reference for catchment point Spatial role: provisional_catchment. Area analisis provisional; menunggu konfirmasi batas DAS resmi.,06:00,7,6.9284,cukup,"BMKG,CMA,ECMWF,GFS,ICON,METEOFRANCE,UKMO",Berawan,96.7,Tinggi,14.91,+/-2.15,84.06,+/-10.16,0.0,+/-0.0,14.91,+/-2.15,0.0,0.0,100.0,0.0,0.0,0.0,2.15,10.16,0.0,2.15,7,1.0,8.57,60.0
gpm3,GPM3,2026-08-21,11.17.05.2002,Bale Redelong,provisional_catchment,yes,4.815409756944025,97.009911990332,Asia/Jakarta,Forecast Redelong representative point. BMKG ADM4 reference: 11.17.05.2002 (Bale Redelong). Initial BMKG reference for catchment point Spatial role: provisional_catchment. Area analisis provisional; menunggu konfirmasi batas DAS resmi.,07:00,7,7.2379,cukup,"BMKG,CMA,ECMWF,GFS,ICON,METEOFRANCE,UKMO",Berawan,98.0,Tinggi,15.47,+/-1.86,82.56,+/-9.61,0.0,+/-0.0,15.47,+/-1.86,0.0,0.0,100.0,0.0,0.0,0.0,1.86,9.61,0.0,1.86,7,1.0,0.0,0.0
gpm3,GPM3,2026-08-21,11.17.05.2002,Bale Redelong,provisional_catchment,yes,4.815409756944025,97.009911990332,Asia/Jakarta,Forecast Redelong representative point. BMKG ADM4 reference: 11.17.05.2002 (Bale Redelong). Initial BMKG reference for catchment point Spatial role: provisional_catchment. Area analisis provisional; menunggu konfirmasi batas DAS resmi.,08:00,7,6.9284,cukup,"BMKG,CMA,ECMWF,GFS,ICON,METEOFRANCE,UKMO",Berawan,97.8,Tinggi,17.12,+/-1.16,81.45,+/-1.82,0.0,+/-0.0,17.12,+/-1.16,0.0,0.0,100.0,0.0,0.0,0.0,1.16,1.82,0.0,1.16,7,1.0,8.57,60.0
gpm3,GPM3,2026-08-21,11.17.05.2002,Bale Redelong,provisional_catchment,yes,4.815409756944025,97.009911990332,Asia/Jakarta,Forecast Redelong representative point. BMKG ADM4 reference: 11.17.05.2002 (Bale Redelong). Initial BMKG reference for catchment point Spatial role: provisional_catchment. Area analisis provisional; menunggu konfirmasi batas DAS resmi.,09:00,7,6.9284,cukup,"BMKG,CMA,ECMWF,GFS,ICON,METEOFRANCE,UKMO",Berawan,93.6,Tinggi,19.87,+/-1.42,68.92,+/-12.55,0.0,+/-0.0,19.87,+/-1.42,13.4,0.0,86.6,0.0,0.0,0.0,1.42,12.55,0.0,1.42,7,1.0,8.57,60.0
gpm3,GPM3,2026-08-21,11.17.05.2002,Bale Redelong,provisional_catchment,yes,4.815409756944025,97.009911990332,Asia/Jakarta,Forecast Redelong representative point. BMKG ADM4 reference: 11.17.05.2002 (Bale Redelong). Initial BMKG reference for catchment point Spatial role: provisional_catchment. Area analisis provisional; menunggu konfirmasi batas DAS resmi.,10:00,7,7.2379,cukup,"BMKG,CMA,ECMWF,GFS,ICON,METEOFRANCE,UKMO",Berawan,94.0,Tinggi,21.4,+/-1.05,61.02,+/-10.31,0.0,+/-0.0,21.4,+/-1.05,17.1,0.0,82.9,0.0,0.0,0.0,1.05,10.31,0.0,1.05,7,1.0,0.0,0.0
gpm3,GPM3,2026-08-21,11.17.05.2002,Bale Redelong,provisional_catchment,yes,4.815409756944025,97.009911990332,Asia/Jakarta,Forecast Redelong representative point. BMKG ADM4 reference: 11.17.05.2002 (Bale Redelong). Initial BMKG reference for catchment point Spatial role: provisional_catchment. Area analisis provisional; menunggu konfirmasi batas DAS resmi.,11:00,7,6.9284,cukup,"BMKG,CMA,ECMWF,GFS,ICON,METEOFRANCE,UKMO",Berawan,86.4,Tinggi,22.51,+/-1.01,58.24,+/-10.63,0.2,+/-0.4,22.51,+/-1.01,13.4,0.0,57.7,28.9,0.0,0.0,1.01,10.63,0.4,1.01,7,1.0,8.57,60.0
gpm3,GPM3,2026-08-21,11.17.05.2002,Bale Redelong,provisional_catchment,yes,4.815409756944025,97.009911990332,Asia/Jakarta,Forecast Redelong representative point. BMKG ADM4 reference: 11.17.05.2002 (Bale Redelong). Initial BMKG reference for catchment point Spatial role: provisional_catchment. Area analisis provisional; menunggu konfirmasi batas DAS resmi.,12:00,7,6.9284,cukup,"BMKG,CMA,ECMWF,GFS,ICON,METEOFRANCE,UKMO",Berawan,89.2,Tinggi,23.28,+/-1.79,58.53,+/-12.72,0.2,+/-0.4,23.28,+/-1.79,0.0,0.0,71.1,28.9,0.0,0.0,1.79,12.72,0.4,1.79,7,1.0,8.57,60.0
gpm3,GPM3,2026-08-21,11.17.05.2002,Bale Redelong,provisional_catchment,yes,4.815409756944025,97.009911990332,Asia/Jakarta,Forecast Redelong representative point. BMKG ADM4 reference: 11.17.05.2002 (Bale Redelong). Initial BMKG reference for catchment point Spatial role: provisional_catchment. Area analisis provisional; menunggu konfirmasi batas DAS resmi.,13:00,7,7.2379,cukup,"BMKG,CMA,ECMWF,GFS,ICON,METEOFRANCE,UKMO",Berawan,90.3,Tinggi,23.48,+/-2.34,59.91,+/-16.03,0.04,+/-0.05,23.48,+/-2.34,0.0,0.0,72.4,27.6,0.0,0.0,2.34,16.03,0.05,2.34,7,1.0,0.0,0.0
gpm3,GPM3,2026-08-21,11.17.05.2002,Bale Redelong,provisional_catchment,yes,4.815409756944025,97.009911990332,Asia/Jakarta,Forecast Redelong representative point. BMKG ADM4 reference: 11.17.05.2002 (Bale Redelong). Initial BMKG reference for catchment point Spatial role: provisional_catchment. Area analisis provisional; menunggu konfirmasi batas DAS resmi.,14:00,7,6.9284,cukup,"BMKG,CMA,ECMWF,GFS,ICON,METEOFRANCE,UKMO",Hujan Ringan,81.5,Tinggi,23.15,+/-2.54,63.72,+/-17.99,0.32,+/-0.41,23.15,+/-2.54,0.0,0.0,42.3,43.3,0.0,14.4,2.54,17.99,0.41,2.54,7,1.0,8.57,60.0
gpm3,GPM3,2026-08-21,11.17.05.2002,Bale Redelong,provisional_catchment,yes,4.815409756944025,97.009911990332,Asia/Jakarta,Forecast Redelong representative point. BMKG ADM4 reference: 11.17.05.2002 (Bale Redelong). Initial BMKG reference for catchment point Spatial role: provisional_catchment. Area analisis provisional; menunggu konfirmasi batas DAS resmi.,15:00,7,6.9284,cukup,"BMKG,CMA,ECMWF,GFS,ICON,METEOFRANCE,UKMO",Hujan Ringan,85.6,Tinggi,22.32,+/-2.21,69.67,+/-16.57,0.12,+/-0.08,22.32,+/-2.21,0.0,13.4,14.4,57.7,0.0,14.4,2.21,16.57,0.08,2.21,7,1.0,8.57,60.0
gpm3,GPM3,2026-08-21,11.17.05.2002,Bale Redelong,provisional_catchment,yes,4.815409756944025,97.009911990332,Asia/Jakarta,Forecast Redelong representative point. BMKG ADM4 reference: 11.17.05.2002 (Bale Redelong). Initial BMKG reference for catchment point Spatial role: provisional_catchment. Area analisis provisional; menunggu konfirmasi batas DAS resmi.,16:00,7,7.2379,cukup,"BMKG,CMA,ECMWF,GFS,ICON,METEOFRANCE,UKMO",Hujan Ringan,85.7,Tinggi,21.66,+/-2.06,74.65,+/-15.85,0.58,+/-0.64,21.66,+/-2.06,0.0,17.1,13.8,55.3,0.0,13.8,2.06,15.85,0.64,2.06,7,1.0,0.0,0.0
gpm3,GPM3,2026-08-21,11.17.05.2002,Bale Redelong,provisional_catchment,yes,4.815409756944025,97.009911990332,Asia/Jakarta,Forecast Redelong representative point. BMKG ADM4 reference: 11.17.05.2002 (Bale Redelong). Initial BMKG reference for catchment point Spatial role: provisional_catchment. Area analisis provisional; menunggu konfirmasi batas DAS resmi.,17:00,7,6.9284,cukup,"BMKG,CMA,ECMWF,GFS,ICON,METEOFRANCE,UKMO",Hujan Ringan,92.6,Tinggi,20.68,+/-1.84,80.78,+/-14.08,0.9,+/-0.8,20.68,+/-1.84,0.0,13.4,0.0,86.6,0.0,0.0,1.84,14.08,0.8,1.84,7,1.0,8.57,60.0
gpm3,GPM3,2026-08-21,11.17.05.2002,Bale Redelong,provisional_catchment,yes,4.815409756944025,97.009911990332,Asia/Jakarta,Forecast Redelong representative point. BMKG ADM4 reference: 11.17.05.2002 (Bale Redelong). Initial BMKG reference for catchment point Spatial role: provisional_catchment. Area analisis provisional; menunggu konfirmasi batas DAS resmi.,18:00,7,6.9284,cukup,"BMKG,CMA,ECMWF,GFS,ICON,METEOFRANCE,UKMO",Hujan Ringan,93.9,Tinggi,18.97,+/-1.38,90.35,+/-6.43,0.34,+/-0.21,18.97,+/-1.38,0.0,13.4,0.0,86.6,0.0,0.0,1.38,6.43,0.21,1.38,7,1.0,8.57,60.0
gpm3,GPM3,2026-08-21,11.17.05.2002,Bale Redelong,provisional_catchment,yes,4.815409756944025,97.009911990332,Asia/Jakarta,Forecast Redelong representative point. BMKG ADM4 reference: 11.17.05.2002 (Bale Redelong). Initial BMKG reference for catchment point Spatial role: provisional_catchment. Area analisis provisional; menunggu konfirmasi batas DAS resmi.,19:00,7,7.2379,cukup,"BMKG,CMA,ECMWF,GFS,ICON,METEOFRANCE,UKMO",Hujan Ringan,90.7,Tinggi,18.06,+/-1.38,93.53,+/-5.25,0.23,+/-0.11,18.06,+/-1.38,0.0,17.1,13.8,69.1,0.0,0.0,1.38,5.25,0.11,1.38,7,1.0,0.0,0.0
gpm3,GPM3,2026-08-21,11.17.05.2002,Bale Redelong,provisional_catchment,yes,4.815409756944025,97.009911990332,Asia/Jakarta,Forecast Redelong representative point. BMKG ADM4 reference: 11.17.05.2002 (Bale Redelong). Initial BMKG reference for catchment point Spatial role: provisional_catchment. Area analisis provisional; menunggu konfirmasi batas DAS resmi.,20:00,7,6.9284,cukup,"BMKG,CMA,ECMWF,GFS,ICON,METEOFRANCE,UKMO",Berawan,94.4,Tinggi,17.16,+/-0.88,95.11,+/-5.06,0.0,+/-0.0,17.16,+/-0.88,0.0,13.4,86.6,0.0,0.0,0.0,0.88,5.06,0.0,0.88,7,1.0,8.57,60.0
gpm3,GPM3,2026-08-21,11.17.05.2002,Bale Redelong,provisional_catchment,yes,4.815409756944025,97.009911990332,Asia/Jakarta,Forecast Redelong representative point. BMKG ADM4 reference: 11.17.05.2002 (Bale Redelong). Initial BMKG reference for catchment point Spatial role: provisional_catchment. Area analisis provisional; menunggu konfirmasi batas DAS resmi.,21:00,7,6.9284,cukup,"BMKG,CMA,ECMWF,GFS,ICON,METEOFRANCE,UKMO",Berawan,97.6,Tinggi,17.14,+/-1.37,95.09,+/-4.27,0.0,+/-0.0,17.14,+/-1.37,0.0,0.0,100.0,0.0,0.0,0.0,1.37,4.27,0.0,1.37,7,1.0,8.57,60.0
gpm3,GPM3,2026-08-21,11.17.05.2002,Bale Redelong,provisional_catchment,yes,4.815409756944025,97.009911990332,Asia/Jakarta,Forecast Redelong representative point. BMKG ADM4 reference: 11.17.05.2002 (Bale Redelong). Initial BMKG reference for catchment point Spatial role: provisional_catchment. Area analisis provisional; menunggu konfirmasi batas DAS resmi.,22:00,7,7.2379,cukup,"BMKG,CMA,ECMWF,GFS,ICON,METEOFRANCE,UKMO",Berawan,98.6,Tinggi,16.9,+/-1.36,94.01,+/-4.42,0.0,+/-0.0,16.9,+/-1.36,0.0,0.0,100.0,0.0,0.0,0.0,1.36,4.42,0.0,1.36,7,1.0,0.0,0.0
gpm3,GPM3,2026-08-21,11.17.05.2002,Bale Redelong,provisional_catchment,yes,4.815409756944025,97.009911990332,Asia/Jakarta,Forecast Redelong representative point. BMKG ADM4 reference: 11.17.05.2002 (Bale Redelong). Initial BMKG reference for catchment point Spatial role: provisional_catchment. Area analisis provisional; menunggu konfirmasi batas DAS resmi.,23:00,7,6.9284,cukup,"BMKG,CMA,ECMWF,GFS,ICON,METEOFRANCE,UKMO",Berawan,97.6,Tinggi,16.45,+/-1.6,95.33,+/-2.36,0.0,+/-0.0,16.45,+/-1.6,0.0,0.0,100.0,0.0,0.0,0.0,1.6,2.36,0.0,1.6,7,1.0,8.57,60.0
gpm3,GPM3,2026-08-22,11.17.05.2002,Bale Redelong,provisional_catchment,yes,4.815409756944025,97.009911990332,Asia/Jakarta,Forecast Redelong representative point. BMKG ADM4 reference: 11.17.05.2002 (Bale Redelong). Initial BMKG reference for catchment point Spatial role: provisional_catchment. Area analisis provisional; menunggu konfirmasi batas DAS resmi.,00:00,7,6.9312,cukup,"BMKG,CMA,ECMWF,GFS,ICON,METEOFRANCE,UKMO",Berawan,97.6,Tinggi,16.24,+/-1.5,95.17,+/-2.85,0.0,+/-0.0,16.24,+/-1.5,0.0,0.0,100.0,0.0,0.0,0.0,1.5,2.85,0.0,1.5,7,1.0,8.57,60.0
gpm3,GPM3,2026-08-22,11.17.05.2002,Bale Redelong,provisional_catchment,yes,4.815409756944025,97.009911990332,Asia/Jakarta,Forecast Redelong representative point. BMKG ADM4 reference: 11.17.05.2002 (Bale Redelong). Initial BMKG reference for catchment point Spatial role: provisional_catchment. Area analisis provisional; menunggu konfirmasi batas DAS resmi.,01:00,7,7.2416,cukup,"BMKG,CMA,ECMWF,GFS,ICON,METEOFRANCE,UKMO",Berawan,94.9,Tinggi,16.07,+/-1.57,92.32,+/-6.19,0.0,+/-0.0,16.07,+/-1.57,13.8,0.0,86.2,0.0,0.0,0.0,1.57,6.19,0.0,1.57,7,1.0,0.0,0.0
gpm3,GPM3,2026-08-22,11.17.05.2002,Bale Redelong,provisional_catchment,yes,4.815409756944025,97.009911990332,Asia/Jakarta,Forecast Redelong representative point. BMKG ADM4 reference: 11.17.05.2002 (Bale Redelong). Initial BMKG reference for catchment point Spatial role: provisional_catchment. Area analisis provisional; menunggu konfirmasi batas DAS resmi.,02:00,7,6.9312,cukup,"BMKG,CMA,ECMWF,GFS,ICON,METEOFRANCE,UKMO",Berawan,93.7,Tinggi,15.63,+/-1.71,93.41,+/-5.82,0.0,+/-0.0,15.63,+/-1.71,14.4,0.0,85.6,0.0,0.0,0.0,1.71,5.82,0.0,1.71,7,1.0,8.57,60.0
gpm3,GPM3,2026-08-22,11.17.05.2002,Bale Redelong,provisional_catchment,yes,4.815409756944025,97.009911990332,Asia/Jakarta,Forecast Redelong representative point. BMKG ADM4 reference: 11.17.05.2002 (Bale Redelong). Initial BMKG reference for catchment point Spatial role: provisional_catchment. Area analisis provisional; menunggu konfirmasi batas DAS resmi.,03:00,7,6.9312,cukup,"BMKG,CMA,ECMWF,GFS,ICON,METEOFRANCE,UKMO",Berawan,87.0,Tinggi,15.13,+/-1.67,95.67,+/-2.62,0.0,+/-0.0,15.13,+/-1.67,27.9,14.4,57.7,0.0,0.0,0.0,1.67,2.62,0.0,1.67,7,1.0,8.57,60.0
gpm3,GPM3,2026-08-22,11.17.05.2002,Bale Redelong,provisional_catchment,yes,4.815409756944025,97.009911990332,Asia/Jakarta,Forecast Redelong representative point. BMKG ADM4 reference: 11.17.05.2002 (Bale Redelong). Initial BMKG reference for catchment point Spatial role: provisional_catchment. Area analisis provisional; menunggu konfirmasi batas DAS resmi.,04:00,7,7.2416,cukup,"BMKG,CMA,ECMWF,GFS,ICON,METEOFRANCE,UKMO",Berawan,87.1,Tinggi,15.05,+/-1.65,92.81,+/-6.68,0.0,+/-0.0,15.05,+/-1.65,31.0,13.8,55.2,0.0,0.0,0.0,1.65,6.68,0.0,1.65,7,1.0,0.0,0.0
gpm3,GPM3,2026-08-22,11.17.05.2002,Bale Redelong,provisional_catchment,yes,4.815409756944025,97.009911990332,Asia/Jakarta,Forecast Redelong representative point. BMKG ADM4 reference: 11.17.05.2002 (Bale Redelong). Initial BMKG reference for catchment point Spatial role: provisional_catchment. Area analisis provisional; menunggu konfirmasi batas DAS resmi.,05:00,7,6.9312,cukup,"BMKG,CMA,ECMWF,GFS,ICON,METEOFRANCE,UKMO",Berawan,86.8,Tinggi,14.95,+/-1.51,92.99,+/-6.02,0.0,+/-0.0,14.95,+/-1.51,13.4,28.9,57.7,0.0,0.0,0.0,1.51,6.02,0.0,1.51,7,1.0,8.57,60.0
gpm3,GPM3,2026-08-22,11.17.05.2002,Bale Redelong,provisional_catchment,yes,4.815409756944025,97.009911990332,Asia/Jakarta,Forecast Redelong representative point. BMKG ADM4 reference: 11.17.05.2002 (Bale Redelong). Initial BMKG reference for catchment point Spatial role: provisional_catchment. Area analisis provisional; menunggu konfirmasi batas DAS resmi.,06:00,7,6.9312,cukup,"BMKG,CMA,ECMWF,GFS,ICON,METEOFRANCE,UKMO",Berawan,86.6,Tinggi,15.47,+/-1.88,92.42,+/-6.04,0.0,+/-0.0,15.47,+/-1.88,13.4,28.9,57.7,0.0,0.0,0.0,1.88,6.04,0.0,1.88,7,1.0,8.57,60.0
gpm3,GPM3,2026-08-22,11.17.05.2002,Bale Redelong,provisional_catchment,yes,4.815409756944025,97.009911990332,Asia/Jakarta,Forecast Redelong representative point. BMKG ADM4 reference: 11.17.05.2002 (Bale Redelong). Initial BMKG reference for catchment point Spatial role: provisional_catchment. Area analisis provisional; menunggu konfirmasi batas DAS resmi.,07:00,7,7.2416,cukup,"BMKG,CMA,ECMWF,GFS,ICON,METEOFRANCE,UKMO",Berawan,90.6,Tinggi,16.07,+/-1.7,89.91,+/-5.79,0.0,+/-0.0,16.07,+/-1.7,17.1,13.8,69.0,0.0,0.0,0.0,1.7,5.79,0.0,1.7,7,1.0,0.0,0.0
gpm3,GPM3,2026-08-22,11.17.05.2002,Bale Redelong,provisional_catchment,yes,4.815409756944025,97.009911990332,Asia/Jakarta,Forecast Redelong representative point. BMKG ADM4 reference: 11.17.05.2002 (Bale Redelong). Initial BMKG reference for catchment point Spatial role: provisional_catchment. Area analisis provisional; menunggu konfirmasi batas DAS resmi.,08:00,7,6.9312,cukup,"BMKG,CMA,ECMWF,GFS,ICON,METEOFRANCE,UKMO",Berawan,87.2,Tinggi,17.7,+/-1.01,85.49,+/-4.48,0.0,+/-0.0,17.7,+/-1.01,13.4,28.9,57.7,0.0,0.0,0.0,1.01,4.48,0.0,1.01,7,1.0,8.57,60.0
gpm3,GPM3,2026-08-22,11.17.05.2002,Bale Redelong,provisional_catchment,yes,4.815409756944025,97.009911990332,Asia/Jakarta,Forecast Redelong representative point. BMKG ADM4 reference: 11.17.05.2002 (Bale Redelong). Initial BMKG reference for catchment point Spatial role: provisional_catchment. Area analisis provisional; menunggu konfirmasi batas DAS resmi.,09:00,7,6.9312,cukup,"BMKG,CMA,ECMWF,GFS,ICON,METEOFRANCE,UKMO",Berawan,86.8,Tinggi,19.77,+/-0.75,74.21,+/-10.4,0.0,+/-0.0,19.77,+/-0.75,27.9,14.4,57.7,0.0,0.0,0.0,0.75,10.4,0.0,0.75,7,1.0,8.57,60.0
gpm3,GPM3,2026-08-22,11.17.05.2002,Bale Redelong,provisional_catchment,yes,4.815409756944025,97.009911990332,Asia/Jakarta,Forecast Redelong representative point. BMKG ADM4 reference: 11.17.05.2002 (Bale Redelong). Initial BMKG reference for catchment point Spatial role: provisional_catchment. Area analisis provisional; menunggu konfirmasi batas DAS resmi.,10:00,7,7.2416,cukup,"BMKG,CMA,ECMWF,GFS,ICON,METEOFRANCE,UKMO",Berawan,86.9,Tinggi,21.9,+/-1.38,69.16,+/-11.2,0.0,+/-0.0,21.9,+/-1.38,31.0,13.8,55.2,0.0,0.0,0.0,1.38,11.2,0.0,1.38,7,1.0,0.0,0.0
gpm3,GPM3,2026-08-22,11.17.05.2002,Bale Redelong,provisional_catchment,yes,4.815409756944025,97.009911990332,Asia/Jakarta,Forecast Redelong representative point. BMKG ADM4 reference: 11.17.05.2002 (Bale Redelong). Initial BMKG reference for catchment point Spatial role: provisional_catchment. Area analisis provisional; menunggu konfirmasi batas DAS resmi.,11:00,7,6.9312,cukup,"BMKG,CMA,ECMWF,GFS,ICON,METEOFRANCE,UKMO",Hujan Ringan,86.0,Tinggi,22.47,+/-1.58,69.3,+/-13.09,0.3,+/-0.28,22.47,+/-1.58,13.4,14.4,14.4,57.7,0.0,0.0,1.58,13.09,0.28,1.58,7,1.0,8.57,60.0
gpm3,GPM3,2026-08-22,11.17.05.2002,Bale Redelong,provisional_catchment,yes,4.815409756944025,97.009911990332,Asia/Jakarta,Forecast Redelong representative point. BMKG ADM4 reference: 11.17.05.2002 (Bale Redelong). Initial BMKG reference for catchment point Spatial role: provisional_catchment. Area analisis provisional; menunggu konfirmasi batas DAS resmi.,12:00,7,6.9312,cukup,"BMKG,CMA,ECMWF,GFS,ICON,METEOFRANCE,UKMO",Hujan Ringan,89.0,Tinggi,23.1,+/-2.1,69.27,+/-18.02,0.34,+/-0.27,23.1,+/-2.1,14.4,13.4,0.0,72.1,0.0,0.0,2.1,18.02,0.27,2.1,7,1.0,8.57,60.0
gpm3,GPM3,2026-08-22,11.17.05.2002,Bale Redelong,provisional_catchment,yes,4.815409756944025,97.009911990332,Asia/Jakarta,Forecast Redelong representative point. BMKG ADM4 reference: 11.17.05.2002 (Bale Redelong). Initial BMKG reference for catchment point Spatial role: provisional_catchment. Area analisis provisional; menunggu konfirmasi batas DAS resmi.,13:00,7,7.2416,cukup,"BMKG,CMA,ECMWF,GFS,ICON,METEOFRANCE,UKMO",Hujan Ringan,85.1,Tinggi,23.18,+/-2.37,69.89,+/-20.53,0.85,+/-0.79,23.18,+/-2.37,0.0,17.1,13.8,55.2,0.0,13.8,2.37,20.53,0.79,2.37,7,1.0,0.0,0.0
gpm3,GPM3,2026-08-22,11.17.05.2002,Bale Redelong,provisional_catchment,yes,4.815409756944025,97.009911990332,Asia/Jakarta,Forecast Redelong representative point. BMKG ADM4 reference: 11.17.05.2002 (Bale Redelong). Initial BMKG reference for catchment point Spatial role: provisional_catchment. Area analisis provisional; menunggu konfirmasi batas DAS resmi.,14:00,7,6.9312,cukup,"BMKG,CMA,ECMWF,GFS,ICON,METEOFRANCE,UKMO",Hujan Lebat,80.7,Tinggi,22.03,+/-2.34,76.34,+/-17.95,2.26,+/-1.57,22.03,+/-2.34,0.0,13.4,0.0,28.9,14.4,43.3,2.34,17.95,1.57,2.34,7,1.0,8.57,60.0
gpm3,GPM3,2026-08-22,11.17.05.2002,Bale Redelong,provisional_catchment,yes,4.815409756944025,97.009911990332,Asia/Jakarta,Forecast Redelong representative point. BMKG ADM4 reference: 11.17.05.2002 (Bale Redelong). Initial BMKG reference for catchment point Spatial role: provisional_catchment. Area analisis provisional; menunggu konfirmasi batas DAS resmi.,15:00,7,6.9312,cukup,"BMKG,CMA,ECMWF,GFS,ICON,METEOFRANCE,UKMO",Hujan Ringan,82.1,Tinggi,20.88,+/-1.93,90.6,+/-3.01,2.34,+/-1.52,20.88,+/-1.93,0.0,13.4,0.0,43.3,14.4,28.9,1.93,3.01,1.52,1.93,7,1.0,8.57,60.0
gpm3,GPM3,2026-08-22,11.17.05.2002,Bale Redelong,provisional_catchment,yes,4.815409756944025,97.009911990332,Asia/Jakarta,Forecast Redelong representative point. BMKG ADM4 reference: 11.17.05.2002 (Bale Redelong). Initial BMKG reference for catchment point Spatial role: provisional_catchment. Area analisis provisional; menunggu konfirmasi batas DAS resmi.,16:00,7,7.2416,cukup,"BMKG,CMA,ECMWF,GFS,ICON,METEOFRANCE,UKMO",Hujan Ringan,82.6,Tinggi,20.67,+/-1.87,91.2,+/-3.71,2.54,+/-1.59,20.67,+/-1.87,0.0,17.1,0.0,41.4,13.8,27.6,1.87,3.71,1.59,1.87,7,1.0,0.0,0.0
gpm3,GPM3,2026-08-22,11.17.05.2002,Bale Redelong,provisional_catchment,yes,4.815409756944025,97.009911990332,Asia/Jakarta,Forecast Redelong representative point. BMKG ADM4 reference: 11.17.05.2002 (Bale Redelong). Initial BMKG reference for catchment point Spatial role: provisional_catchment. Area analisis provisional; menunggu konfirmasi batas DAS resmi.,17:00,7,6.9312,cukup,"BMKG,CMA,ECMWF,GFS,ICON,METEOFRANCE,UKMO",Hujan Ringan,89.6,Tinggi,20.14,+/-1.81,89.5,+/-6.78,0.97,+/-0.75,20.14,+/-1.81,0.0,13.4,0.0,72.1,0.0,14.4,1.81,6.78,0.75,1.81,7,1.0,8.57,60.0
gpm3,GPM3,2026-08-22,11.17.05.2002,Bale Redelong,provisional_catchment,yes,4.815409756944025,97.009911990332,Asia/Jakarta,Forecast Redelong representative point. BMKG ADM4 reference: 11.17.05.2002 (Bale Redelong). Initial BMKG reference for catchment point Spatial role: provisional_catchment. Area analisis provisional; menunggu konfirmasi batas DAS resmi.,18:00,7,6.9312,cukup,"BMKG,CMA,ECMWF,GFS,ICON,METEOFRANCE,UKMO",Hujan Ringan,94.0,Tinggi,19.01,+/-1.29,93.27,+/-3.25,0.73,+/-0.44,19.01,+/-1.29,0.0,13.4,0.0,86.6,0.0,0.0,1.29,3.25,0.44,1.29,7,1.0,8.57,60.0
gpm3,GPM3,2026-08-22,11.17.05.2002,Bale Redelong,provisional_catchment,yes,4.815409756944025,97.009911990332,Asia/Jakarta,Forecast Redelong representative point. BMKG ADM4 reference: 11.17.05.2002 (Bale Redelong). Initial BMKG reference for catchment point Spatial role: provisional_catchment. Area analisis provisional; menunggu konfirmasi batas DAS resmi.,19:00,7,7.2416,cukup,"BMKG,CMA,ECMWF,GFS,ICON,METEOFRANCE,UKMO",Hujan Ringan,90.9,Tinggi,18.25,+/-1.46,96.1,+/-1.24,0.24,+/-0.21,18.25,+/-1.46,0.0,17.1,13.8,69.0,0.0,0.0,1.46,1.24,0.21,1.46,7,1.0,0.0,0.0
gpm3,GPM3,2026-08-22,11.17.05.2002,Bale Redelong,provisional_catchment,yes,4.815409756944025,97.009911990332,Asia/Jakarta,Forecast Redelong representative point. BMKG ADM4 reference: 11.17.05.2002 (Bale Redelong). Initial BMKG reference for catchment point Spatial role: provisional_catchment. Area analisis provisional; menunggu konfirmasi batas DAS resmi.,20:00,7,6.9312,cukup,"BMKG,CMA,ECMWF,GFS,ICON,METEOFRANCE,UKMO",Hujan Ringan,83.4,Tinggi,17.85,+/-1.58,96.88,+/-1.24,0.08,+/-0.09,17.85,+/-1.58,14.4,13.4,28.9,43.3,0.0,0.0,1.58,1.24,0.09,1.58,7,1.0,8.57,60.0
gpm3,GPM3,2026-08-22,11.17.05.2002,Bale Redelong,provisional_catchment,yes,4.815409756944025,97.009911990332,Asia/Jakarta,Forecast Redelong representative point. BMKG ADM4 reference: 11.17.05.2002 (Bale Redelong). Initial BMKG reference for catchment point Spatial role: provisional_catchment. Area analisis provisional; menunggu konfirmasi batas DAS resmi.,21:00,7,6.9312,cukup,"BMKG,CMA,ECMWF,GFS,ICON,METEOFRANCE,UKMO",Hujan Ringan,87.0,Tinggi,17.25,+/-1.64,97.7,+/-1.28,0.1,+/-0.08,17.25,+/-1.64,0.0,0.0,42.3,57.7,0.0,0.0,1.64,1.28,0.08,1.64,7,1.0,8.57,60.0
gpm3,GPM3,2026-08-22,11.17.05.2002,Bale Redelong,provisional_catchment,yes,4.815409756944025,97.009911990332,Asia/Jakarta,Forecast Redelong representative point. BMKG ADM4 reference: 11.17.05.2002 (Bale Redelong). Initial BMKG reference for catchment point Spatial role: provisional_catchment. Area analisis provisional; menunggu konfirmasi batas DAS resmi.,22:00,7,7.2416,cukup,"BMKG,CMA,ECMWF,GFS,ICON,METEOFRANCE,UKMO",Hujan Ringan,87.4,Tinggi,16.99,+/-1.67,97.34,+/-2.17,0.12,+/-0.09,16.99,+/-1.67,0.0,0.0,44.8,55.2,0.0,0.0,1.67,2.17,0.09,1.67,7,1.0,0.0,0.0
gpm3,GPM3,2026-08-22,11.17.05.2002,Bale Redelong,provisional_catchment,yes,4.815409756944025,97.009911990332,Asia/Jakarta,Forecast Redelong representative point. BMKG ADM4 reference: 11.17.05.2002 (Bale Redelong). Initial BMKG reference for catchment point Spatial role: provisional_catchment. Area analisis provisional; menunggu konfirmasi batas DAS resmi.,23:00,7,6.9312,cukup,"BMKG,CMA,ECMWF,GFS,ICON,METEOFRANCE,UKMO",Berawan,90.2,Tinggi,16.73,+/-1.71,96.69,+/-3.42,0.05,+/-0.08,16.73,+/-1.71,0.0,0.0,71.1,28.9,0.0,0.0,1.71,3.42,0.08,1.71,7,1.0,8.57,60.0
gpm3,GPM3,2026-08-23,11.17.05.2002,Bale Redelong,provisional_catchment,yes,4.815409756944025,97.009911990332,Asia/Jakarta,Forecast Redelong representative point. BMKG ADM4 reference: 11.17.05.2002 (Bale Redelong). Initial BMKG reference for catchment point Spatial role: provisional_catchment. Area analisis provisional; menunggu konfirmasi batas DAS resmi.,00:00,6,6.0,cukup,"CMA,ECMWF,GFS,ICON,METEOFRANCE,UKMO",Berawan,76.9,Sedang,16.4,+/-1.69,97.8,+/-1.47,0.03,+/-0.05,16.4,+/-1.69,0.0,16.7,50.0,33.3,0.0,0.0,1.69,1.47,0.05,1.69,7,0.8571,0.0,0.0
gpm3,GPM3,2026-08-23,11.17.05.2002,Bale Redelong,provisional_catchment,yes,4.815409756944025,97.009911990332,Asia/Jakarta,Forecast Redelong representative point. BMKG ADM4 reference: 11.17.05.2002 (Bale Redelong). Initial BMKG reference for catchment point Spatial role: provisional_catchment. Area analisis provisional; menunggu konfirmasi batas DAS resmi.,01:00,6,6.0,cukup,"CMA,ECMWF,GFS,ICON,METEOFRANCE,UKMO",Berawan,81.1,Tinggi,16.12,+/-1.54,96.67,+/-2.87,0.02,+/-0.04,16.12,+/-1.54,0.0,16.7,66.7,16.7,0.0,0.0,1.54,2.87,0.04,1.54,7,0.8571,0.0,0.0
gpm3,GPM3,2026-08-23,11.17.05.2002,Bale Redelong,provisional_catchment,yes,4.815409756944025,97.009911990332,Asia/Jakarta,Forecast Redelong representative point. BMKG ADM4 reference: 11.17.05.2002 (Bale Redelong). Initial BMKG reference for catchment point Spatial role: provisional_catchment. Area analisis provisional; menunggu konfirmasi batas DAS resmi.,02:00,6,6.0,cukup,"CMA,ECMWF,GFS,ICON,METEOFRANCE,UKMO",Berawan,81.1,Tinggi,15.97,+/-1.41,96.17,+/-3.58,0.0,+/-0.0,15.97,+/-1.41,0.0,33.3,66.7,0.0,0.0,0.0,1.41,3.58,0.0,1.41,7,0.8571,0.0,0.0
gpm3,GPM3,2026-08-23,11.17.05.2002,Bale Redelong,provisional_catchment,yes,4.815409756944025,97.009911990332,Asia/Jakarta,Forecast Redelong representative point. BMKG ADM4 reference: 11.17.05.2002 (Bale Redelong). Initial BMKG reference for catchment point Spatial role: provisional_catchment. Area analisis provisional; menunggu konfirmasi batas DAS resmi.,03:00,6,6.0,cukup,"CMA,ECMWF,GFS,ICON,METEOFRANCE,UKMO",Berawan,77.0,Sedang,15.75,+/-1.28,96.17,+/-3.24,0.0,+/-0.0,15.75,+/-1.28,0.0,50.0,50.0,0.0,0.0,0.0,1.28,3.24,0.0,1.28,7,0.8571,0.0,0.0
gpm3,GPM3,2026-08-23,11.17.05.2002,Bale Redelong,provisional_catchment,yes,4.815409756944025,97.009911990332,Asia/Jakarta,Forecast Redelong representative point. BMKG ADM4 reference: 11.17.05.2002 (Bale Redelong). Initial BMKG reference for catchment point Spatial role: provisional_catchment. Area analisis provisional; menunggu konfirmasi batas DAS resmi.,04:00,6,6.0,cukup,"CMA,ECMWF,GFS,ICON,METEOFRANCE,UKMO",Berawan,81.2,Tinggi,15.55,+/-1.15,96.17,+/-3.39,0.0,+/-0.0,15.55,+/-1.15,0.0,33.3,66.7,0.0,0.0,0.0,1.15,3.39,0.0,1.15,7,0.8571,0.0,0.0
gpm3,GPM3,2026-08-23,11.17.05.2002,Bale Redelong,provisional_catchment,yes,4.815409756944025,97.009911990332,Asia/Jakarta,Forecast Redelong representative point. BMKG ADM4 reference: 11.17.05.2002 (Bale Redelong). Initial BMKG reference for catchment point Spatial role: provisional_catchment. Area analisis provisional; menunggu konfirmasi batas DAS resmi.,05:00,6,6.0,cukup,"CMA,ECMWF,GFS,ICON,METEOFRANCE,UKMO",Cerah Berawan,77.1,Sedang,15.27,+/-1.03,96.0,+/-3.65,0.0,+/-0.0,15.27,+/-1.03,16.7,50.0,33.3,0.0,0.0,0.0,1.03,3.65,0.0,1.03,7,0.8571,0.0,0.0
gpm3,GPM3,2026-08-23,11.17.05.2002,Bale Redelong,provisional_catchment,yes,4.815409756944025,97.009911990332,Asia/Jakarta,Forecast Redelong representative point. BMKG ADM4 reference: 11.17.05.2002 (Bale Redelong). Initial BMKG reference for catchment point Spatial role: provisional_catchment. Area analisis provisional; menunggu konfirmasi batas DAS resmi.,06:00,6,6.0,cukup,"CMA,ECMWF,GFS,ICON,METEOFRANCE,UKMO",Berawan,77.2,Sedang,14.97,+/-0.97,96.67,+/-3.64,0.0,+/-0.0,14.97,+/-0.97,16.7,33.3,50.0,0.0,0.0,0.0,0.97,3.64,0.0,0.97,7,0.8571,0.0,0.0
gpm3,GPM3,2026-08-23,11.17.05.2002,Bale Redelong,provisional_catchment,yes,4.815409756944025,97.009911990332,Asia/Jakarta,Forecast Redelong representative point. BMKG ADM4 reference: 11.17.05.2002 (Bale Redelong). Initial BMKG reference for catchment point Spatial role: provisional_catchment. Area analisis provisional; menunggu konfirmasi batas DAS resmi.,07:00,6,6.0,cukup,"CMA,ECMWF,GFS,ICON,METEOFRANCE,UKMO",Berawan,77.1,Sedang,15.32,+/-1.01,95.33,+/-3.54,0.0,+/-0.0,15.32,+/-1.01,0.0,50.0,50.0,0.0,0.0,0.0,1.01,3.54,0.0,1.01,7,0.8571,0.0,0.0
gpm3,GPM3,2026-08-23,11.17.05.2002,Bale Redelong,provisional_catchment,yes,4.815409756944025,97.009911990332,Asia/Jakarta,Forecast Redelong representative point. BMKG ADM4 reference: 11.17.05.2002 (Bale Redelong). Initial BMKG reference for catchment point Spatial role: provisional_catchment. Area analisis provisional; menunggu konfirmasi batas DAS resmi.,08:00,6,6.0,cukup,"CMA,ECMWF,GFS,ICON,METEOFRANCE,UKMO",Berawan,77.1,Sedang,17.22,+/-0.9,88.5,+/-4.19,0.0,+/-0.0,17.22,+/-0.9,0.0,50.0,50.0,0.0,0.0,0.0,0.9,4.19,0.0,0.9,7,0.8571,0.0,0.0
gpm3,GPM3,2026-08-23,11.17.05.2002,Bale Redelong,provisional_catchment,yes,4.815409756944025,97.009911990332,Asia/Jakarta,Forecast Redelong representative point. BMKG ADM4 reference: 11.17.05.2002 (Bale Redelong). Initial BMKG reference for catchment point Spatial role: provisional_catchment. Area analisis provisional; menunggu konfirmasi batas DAS resmi.,09:00,6,6.0,cukup,"CMA,ECMWF,GFS,ICON,METEOFRANCE,UKMO",Berawan,77.2,Sedang,19.65,+/-0.93,82.0,+/-2.83,0.0,+/-0.0,19.65,+/-0.93,0.0,50.0,50.0,0.0,0.0,0.0,0.93,2.83,0.0,0.93,7,0.8571,0.0,0.0
gpm3,GPM3,2026-08-23,11.17.05.2002,Bale Redelong,provisional_catchment,yes,4.815409756944025,97.009911990332,Asia/Jakarta,Forecast Redelong representative point. BMKG ADM4 reference: 11.17.05.2002 (Bale Redelong). Initial BMKG reference for catchment point Spatial role: provisional_catchment. Area analisis provisional; menunggu konfirmasi batas DAS resmi.,10:00,6,6.0,cukup,"CMA,ECMWF,GFS,ICON,METEOFRANCE,UKMO",Berawan,76.7,Sedang,21.53,+/-1.09,72.5,+/-9.07,0.02,+/-0.04,21.53,+/-1.09,0.0,33.3,50.0,16.7,0.0,0.0,1.09,9.07,0.04,1.09,7,0.8571,0.0,0.0
gpm3,GPM3,2026-08-23,11.17.05.2002,Bale Redelong,provisional_catchment,yes,4.815409756944025,97.009911990332,Asia/Jakarta,Forecast Redelong representative point. BMKG ADM4 reference: 11.17.05.2002 (Bale Redelong). Initial BMKG reference for catchment point Spatial role: provisional_catchment. Area analisis provisional; menunggu konfirmasi batas DAS resmi.,11:00,6,6.0,cukup,"CMA,ECMWF,GFS,ICON,METEOFRANCE,UKMO",Hujan Ringan,76.0,Sedang,22.25,+/-1.47,72.33,+/-11.74,0.62,+/-0.37,22.25,+/-1.47,0.0,16.7,0.0,50.0,16.7,16.7,1.47,11.74,0.37,1.47,7,0.8571,0.0,0.0
gpm3,GPM3,2026-08-23,11.17.05.2002,Bale Redelong,provisional_catchment,yes,4.815409756944025,97.009911990332,Asia/Jakarta,Forecast Redelong representative point. BMKG ADM4 reference: 11.17.05.2002 (Bale Redelong). Initial BMKG reference for catchment point Spatial role: provisional_catchment. Area analisis provisional; menunggu konfirmasi batas DAS resmi.,12:00,6,6.0,cukup,"CMA,ECMWF,GFS,ICON,METEOFRANCE,UKMO",Hujan Ringan,80.1,Tinggi,22.05,+/-1.58,77.67,+/-13.34,0.7,+/-0.25,22.05,+/-1.58,0.0,0.0,0.0,66.7,0.0,33.3,1.58,13.34,0.25,1.58,7,0.8571,0.0,0.0
gpm3,GPM3,2026-08-23,11.17.05.2002,Bale Redelong,provisional_catchment,yes,4.815409756944025,97.009911990332,Asia/Jakarta,Forecast Redelong representative point. BMKG ADM4 reference: 11.17.05.2002 (Bale Redelong). Initial BMKG reference for catchment point Spatial role: provisional_catchment. Area analisis provisional; menunggu konfirmasi batas DAS resmi.,13:00,6,6.0,cukup,"CMA,ECMWF,GFS,ICON,METEOFRANCE,UKMO",Hujan Ringan,80.1,Tinggi,21.5,+/-1.56,83.0,+/-14.25,0.76,+/-0.21,21.5,+/-1.56,0.0,0.0,0.0,66.7,0.0,33.3,1.56,14.25,0.21,1.56,7,0.8571,0.0,0.0
gpm3,GPM3,2026-08-23,11.17.05.2002,Bale Redelong,provisional_catchment,yes,4.815409756944025,97.009911990332,Asia/Jakarta,Forecast Redelong representative point. BMKG ADM4 reference: 11.17.05.2002 (Bale Redelong). Initial BMKG reference for catchment point Spatial role: provisional_catchment. Area analisis provisional; menunggu konfirmasi batas DAS resmi.,14:00,6,6.0,cukup,"CMA,ECMWF,GFS,ICON,METEOFRANCE,UKMO",Hujan Lebat,75.0,Sedang,20.68,+/-1.45,88.67,+/-10.87,3.34,+/-1.87,20.68,+/-1.45,0.0,0.0,0.0,33.3,16.7,50.0,1.45,10.87,1.87,1.45,7,0.8571,0.0,0.0
gpm3,GPM3,2026-08-23,11.17.05.2002,Bale Redelong,provisional_catchment,yes,4.815409756944025,97.009911990332,Asia/Jakarta,Forecast Redelong representative point. BMKG ADM4 reference: 11.17.05.2002 (Bale Redelong). Initial BMKG reference for catchment point Spatial role: provisional_catchment. Area analisis provisional; menunggu konfirmasi batas DAS resmi.,15:00,6,6.0,cukup,"CMA,ECMWF,GFS,ICON,METEOFRANCE,UKMO",Hujan Sedang,71.0,Sedang,20.25,+/-1.26,89.17,+/-9.33,3.32,+/-1.89,20.25,+/-1.26,0.0,0.0,0.0,33.3,33.3,33.3,1.26,9.33,1.89,1.26,7,0.8571,0.0,0.0
gpm3,GPM3,2026-08-23,11.17.05.2002,Bale Redelong,provisional_catchment,yes,4.815409756944025,97.009911990332,Asia/Jakarta,Forecast Redelong representative point. BMKG ADM4 reference: 11.17.05.2002 (Bale Redelong). Initial BMKG reference for catchment point Spatial role: provisional_catchment. Area analisis provisional; menunggu konfirmasi batas DAS resmi.,16:00,6,6.0,cukup,"CMA,ECMWF,GFS,ICON,METEOFRANCE,UKMO",Hujan Sedang,71.2,Sedang,19.77,+/-1.17,90.33,+/-7.41,3.3,+/-1.91,19.77,+/-1.17,0.0,0.0,0.0,33.3,33.3,33.3,1.17,7.41,1.91,1.17,7,0.8571,0.0,0.0
gpm3,GPM3,2026-08-23,11.17.05.2002,Bale Redelong,provisional_catchment,yes,4.815409756944025,97.009911990332,Asia/Jakarta,Forecast Redelong representative point. BMKG ADM4 reference: 11.17.05.2002 (Bale Redelong). Initial BMKG reference for catchment point Spatial role: provisional_catchment. Area analisis provisional; menunggu konfirmasi batas DAS resmi.,17:00,6,6.0,cukup,"CMA,ECMWF,GFS,ICON,METEOFRANCE,UKMO",Hujan Ringan,76.5,Sedang,19.17,+/-0.29,92.0,+/-5.07,1.44,+/-1.16,19.17,+/-0.29,0.0,0.0,16.7,50.0,16.7,16.7,0.29,5.07,1.16,0.29,7,0.8571,0.0,0.0
gpm3,GPM3,2026-08-23,11.17.05.2002,Bale Redelong,provisional_catchment,yes,4.815409756944025,97.009911990332,Asia/Jakarta,Forecast Redelong representative point. BMKG ADM4 reference: 11.17.05.2002 (Bale Redelong). Initial BMKG reference for catchment point Spatial role: provisional_catchment. Area analisis provisional; menunggu konfirmasi batas DAS resmi.,18:00,6,6.0,cukup,"CMA,ECMWF,GFS,ICON,METEOFRANCE,UKMO",Hujan Ringan,76.5,Sedang,18.08,+/-0.78,94.17,+/-2.67,1.48,+/-1.14,18.08,+/-0.78,0.0,0.0,16.7,50.0,16.7,16.7,0.78,2.67,1.14,0.78,7,0.8571,0.0,0.0
gpm3,GPM3,2026-08-23,11.17.05.2002,Bale Redelong,provisional_catchment,yes,4.815409756944025,97.009911990332,Asia/Jakarta,Forecast Redelong representative point. BMKG ADM4 reference: 11.17.05.2002 (Bale Redelong). Initial BMKG reference for catchment point Spatial role: provisional_catchment. Area analisis provisional; menunggu konfirmasi batas DAS resmi.,19:00,6,6.0,cukup,"CMA,ECMWF,GFS,ICON,METEOFRANCE,UKMO",Hujan Ringan,76.2,Sedang,17.83,+/-1.53,95.83,+/-2.03,1.58,+/-1.11,17.83,+/-1.53,0.0,0.0,16.7,50.0,16.7,16.7,1.53,2.03,1.11,1.53,7,0.8571,0.0,0.0
gpm3,GPM3,2026-08-23,11.17.05.2002,Bale Redelong,provisional_catchment,yes,4.815409756944025,97.009911990332,Asia/Jakarta,Forecast Redelong representative point. BMKG ADM4 reference: 11.17.05.2002 (Bale Redelong). Initial BMKG reference for catchment point Spatial role: provisional_catchment. Area analisis provisional; menunggu konfirmasi batas DAS resmi.,20:00,6,6.0,cukup,"CMA,ECMWF,GFS,ICON,METEOFRANCE,UKMO",Berawan,77.0,Sedang,17.45,+/-1.54,96.67,+/-1.37,0.03,+/-0.04,17.45,+/-1.54,0.0,0.0,50.0,50.0,0.0,0.0,1.54,1.37,0.04,1.54,7,0.8571,0.0,0.0
gpm3,GPM3,2026-08-23,11.17.05.2002,Bale Redelong,provisional_catchment,yes,4.815409756944025,97.009911990332,Asia/Jakarta,Forecast Redelong representative point. BMKG ADM4 reference: 11.17.05.2002 (Bale Redelong). Initial BMKG reference for catchment point Spatial role: provisional_catchment. Area analisis provisional; menunggu konfirmasi batas DAS resmi.,21:00,6,6.0,cukup,"CMA,ECMWF,GFS,ICON,METEOFRANCE,UKMO",Berawan,77.1,Sedang,17.05,+/-1.52,97.67,+/-0.75,0.03,+/-0.04,17.05,+/-1.52,0.0,0.0,50.0,50.0,0.0,0.0,1.52,0.75,0.04,1.52,7,0.8571,0.0,0.0
gpm3,GPM3,2026-08-23,11.17.05.2002,Bale Redelong,provisional_catchment,yes,4.815409756944025,97.009911990332,Asia/Jakarta,Forecast Redelong representative point. BMKG ADM4 reference: 11.17.05.2002 (Bale Redelong). Initial BMKG reference for catchment point Spatial role: provisional_catchment. Area analisis provisional; menunggu konfirmasi batas DAS resmi.,22:00,6,6.0,cukup,"CMA,ECMWF,GFS,ICON,METEOFRANCE,UKMO",Berawan,77.0,Sedang,16.72,+/-1.51,97.83,+/-1.07,0.04,+/-0.05,16.72,+/-1.51,0.0,0.0,50.0,50.0,0.0,0.0,1.51,1.07,0.05,1.51,7,0.8571,0.0,0.0
gpm3,GPM3,2026-08-23,11.17.05.2002,Bale Redelong,provisional_catchment,yes,4.815409756944025,97.009911990332,Asia/Jakarta,Forecast Redelong representative point. BMKG ADM4 reference: 11.17.05.2002 (Bale Redelong). Initial BMKG reference for catchment point Spatial role: provisional_catchment. Area analisis provisional; menunggu konfirmasi batas DAS resmi.,23:00,6,6.0,cukup,"CMA,ECMWF,GFS,ICON,METEOFRANCE,UKMO",Berawan,76.7,Sedang,16.4,+/-1.53,97.67,+/-1.37,0.25,+/-0.52,16.4,+/-1.53,16.7,0.0,50.0,33.3,0.0,0.0,1.53,1.37,0.52,1.53,7,0.8571,0.0,0.0
gpm4,GPM4,2026-08-20,11.17.05.2002,Bale Redelong,provisional_catchment,yes,4.778238355009202,96.8876539578458,Asia/Jakarta,Forecast Redelong representative point. BMKG ADM4 reference: 11.17.05.2002 (Bale Redelong). Initial BMKG reference for catchment point Spatial role: provisional_catchment. Area analisis provisional; menunggu konfirmasi batas DAS resmi.,00:00,6,6.0,cukup,"CMA,ECMWF,GFS,ICON,METEOFRANCE,UKMO",Berawan,89.0,Tinggi,15.27,+/-1.58,76.67,+/-8.12,0.0,+/-0.0,15.27,+/-1.58,0.0,0.0,100.0,0.0,0.0,0.0,1.58,8.12,0.0,1.58,7,0.8571,0.0,0.0
gpm4,GPM4,2026-08-20,11.17.05.2002,Bale Redelong,provisional_catchment,yes,4.778238355009202,96.8876539578458,Asia/Jakarta,Forecast Redelong representative point. BMKG ADM4 reference: 11.17.05.2002 (Bale Redelong). Initial BMKG reference for catchment point Spatial role: provisional_catchment. Area analisis provisional; menunggu konfirmasi batas DAS resmi.,01:00,6,6.0,cukup,"CMA,ECMWF,GFS,ICON,METEOFRANCE,UKMO",Berawan,88.9,Tinggi,15.18,+/-1.55,73.0,+/-9.29,0.0,+/-0.0,15.18,+/-1.55,0.0,0.0,100.0,0.0,0.0,0.0,1.55,9.29,0.0,1.55,7,0.8571,0.0,0.0
gpm4,GPM4,2026-08-20,11.17.05.2002,Bale Redelong,provisional_catchment,yes,4.778238355009202,96.8876539578458,Asia/Jakarta,Forecast Redelong representative point. BMKG ADM4 reference: 11.17.05.2002 (Bale Redelong). Initial BMKG reference for catchment point Spatial role: provisional_catchment. Area analisis provisional; menunggu konfirmasi batas DAS resmi.,02:00,6,6.0,cukup,"CMA,ECMWF,GFS,ICON,METEOFRANCE,UKMO",Berawan,88.9,Tinggi,15.07,+/-1.67,72.0,+/-9.26,0.0,+/-0.0,15.07,+/-1.67,0.0,0.0,100.0,0.0,0.0,0.0,1.67,9.26,0.0,1.67,7,0.8571,0.0,0.0
gpm4,GPM4,2026-08-20,11.17.05.2002,Bale Redelong,provisional_catchment,yes,4.778238355009202,96.8876539578458,Asia/Jakarta,Forecast Redelong representative point. BMKG ADM4 reference: 11.17.05.2002 (Bale Redelong). Initial BMKG reference for catchment point Spatial role: provisional_catchment. Area analisis provisional; menunggu konfirmasi batas DAS resmi.,03:00,6,6.0,cukup,"CMA,ECMWF,GFS,ICON,METEOFRANCE,UKMO",Berawan,88.6,Tinggi,14.52,+/-2.13,72.67,+/-9.81,0.0,+/-0.0,14.52,+/-2.13,0.0,0.0,100.0,0.0,0.0,0.0,2.13,9.81,0.0,2.13,7,0.8571,0.0,0.0
gpm4,GPM4,2026-08-20,11.17.05.2002,Bale Redelong,provisional_catchment,yes,4.778238355009202,96.8876539578458,Asia/Jakarta,Forecast Redelong representative point. BMKG ADM4 reference: 11.17.05.2002 (Bale Redelong). Initial BMKG reference for catchment point Spatial role: provisional_catchment. Area analisis provisional; menunggu konfirmasi batas DAS resmi.,04:00,7,6.6868,cukup,"BMKG,CMA,ECMWF,GFS,ICON,METEOFRANCE,UKMO",Berawan,96.2,Tinggi,14.74,+/-2.26,69.88,+/-5.28,0.0,+/-0.0,14.74,+/-2.26,0.0,0.0,100.0,0.0,0.0,0.0,2.26,5.28,0.0,2.26,7,1.0,25.71,180.0
gpm4,GPM4,2026-08-20,11.17.05.2002,Bale Redelong,provisional_catchment,yes,4.778238355009202,96.8876539578458,Asia/Jakarta,Forecast Redelong representative point. BMKG ADM4 reference: 11.17.05.2002 (Bale Redelong). Initial BMKG reference for catchment point Spatial role: provisional_catchment. Area analisis provisional; menunggu konfirmasi batas DAS resmi.,05:00,7,6.6868,cukup,"BMKG,CMA,ECMWF,GFS,ICON,METEOFRANCE,UKMO",Berawan,96.2,Tinggi,14.53,+/-2.29,70.93,+/-5.84,0.0,+/-0.0,14.53,+/-2.29,0.0,0.0,100.0,0.0,0.0,0.0,2.29,5.84,0.0,2.29,7,1.0,17.14,120.0
gpm4,GPM4,2026-08-20,11.17.05.2002,Bale Redelong,provisional_catchment,yes,4.778238355009202,96.8876539578458,Asia/Jakarta,Forecast Redelong representative point. BMKG ADM4 reference: 11.17.05.2002 (Bale Redelong). Initial BMKG reference for catchment point Spatial role: provisional_catchment. Area analisis provisional; menunggu konfirmasi batas DAS resmi.,06:00,7,6.9366,cukup,"BMKG,CMA,ECMWF,GFS,ICON,METEOFRANCE,UKMO",Berawan,97.0,Tinggi,14.41,+/-2.36,72.54,+/-5.96,0.0,+/-0.0,14.41,+/-2.36,0.0,0.0,100.0,0.0,0.0,0.0,2.36,5.96,0.0,2.36,7,1.0,8.57,60.0
gpm4,GPM4,2026-08-20,11.17.05.2002,Bale Redelong,provisional_catchment,yes,4.778238355009202,96.8876539578458,Asia/Jakarta,Forecast Redelong representative point. BMKG ADM4 reference: 11.17.05.2002 (Bale Redelong). Initial BMKG reference for catchment point Spatial role: provisional_catchment. Area analisis provisional; menunggu konfirmasi batas DAS resmi.,07:00,7,7.2488,cukup,"BMKG,CMA,ECMWF,GFS,ICON,METEOFRANCE,UKMO",Berawan,97.9,Tinggi,14.81,+/-2.14,76.73,+/-8.59,0.0,+/-0.0,14.81,+/-2.14,0.0,0.0,100.0,0.0,0.0,0.0,2.14,8.59,0.0,2.14,7,1.0,0.0,0.0
gpm4,GPM4,2026-08-20,11.17.05.2002,Bale Redelong,provisional_catchment,yes,4.778238355009202,96.8876539578458,Asia/Jakarta,Forecast Redelong representative point. BMKG ADM4 reference: 11.17.05.2002 (Bale Redelong). Initial BMKG reference for catchment point Spatial role: provisional_catchment. Area analisis provisional; menunggu konfirmasi batas DAS resmi.,08:00,7,6.9366,cukup,"BMKG,CMA,ECMWF,GFS,ICON,METEOFRANCE,UKMO",Berawan,97.4,Tinggi,16.39,+/-1.29,73.9,+/-7.68,0.0,+/-0.0,16.39,+/-1.29,0.0,0.0,100.0,0.0,0.0,0.0,1.29,7.68,0.0,1.29,7,1.0,8.57,60.0
gpm4,GPM4,2026-08-20,11.17.05.2002,Bale Redelong,provisional_catchment,yes,4.778238355009202,96.8876539578458,Asia/Jakarta,Forecast Redelong representative point. BMKG ADM4 reference: 11.17.05.2002 (Bale Redelong). Initial BMKG reference for catchment point Spatial role: provisional_catchment. Area analisis provisional; menunggu konfirmasi batas DAS resmi.,09:00,7,6.9366,cukup,"BMKG,CMA,ECMWF,GFS,ICON,METEOFRANCE,UKMO",Berawan,97.4,Tinggi,18.72,+/-0.86,60.73,+/-10.83,0.0,+/-0.0,18.72,+/-0.86,0.0,0.0,100.0,0.0,0.0,0.0,0.86,10.83,0.0,0.86,7,1.0,8.57,60.0
gpm4,GPM4,2026-08-20,11.17.05.2002,Bale Redelong,provisional_catchment,yes,4.778238355009202,96.8876539578458,Asia/Jakarta,Forecast Redelong representative point. BMKG ADM4 reference: 11.17.05.2002 (Bale Redelong). Initial BMKG reference for catchment point Spatial role: provisional_catchment. Area analisis provisional; menunggu konfirmasi batas DAS resmi.,10:00,7,7.2488,cukup,"BMKG,CMA,ECMWF,GFS,ICON,METEOFRANCE,UKMO",Berawan,98.3,Tinggi,20.94,+/-1.1,53.9,+/-10.77,0.0,+/-0.0,20.94,+/-1.1,0.0,0.0,100.0,0.0,0.0,0.0,1.1,10.77,0.0,1.1,7,1.0,0.0,0.0
gpm4,GPM4,2026-08-20,11.17.05.2002,Bale Redelong,provisional_catchment,yes,4.778238355009202,96.8876539578458,Asia/Jakarta,Forecast Redelong representative point. BMKG ADM4 reference: 11.17.05.2002 (Bale Redelong). Initial BMKG reference for catchment point Spatial role: provisional_catchment. Area analisis provisional; menunggu konfirmasi batas DAS resmi.,11:00,7,6.9366,cukup,"BMKG,CMA,ECMWF,GFS,ICON,METEOFRANCE,UKMO",Berawan,97.2,Tinggi,22.11,+/-0.99,50.5,+/-12.13,0.0,+/-0.0,22.11,+/-0.99,0.0,0.0,100.0,0.0,0.0,0.0,0.99,12.13,0.0,0.99,7,1.0,8.57,60.0
gpm4,GPM4,2026-08-20,11.17.05.2002,Bale Redelong,provisional_catchment,yes,4.778238355009202,96.8876539578458,Asia/Jakarta,Forecast Redelong representative point. BMKG ADM4 reference: 11.17.05.2002 (Bale Redelong). Initial BMKG reference for catchment point Spatial role: provisional_catchment. Area analisis provisional; menunggu konfirmasi batas DAS resmi.,12:00,7,6.9366,cukup,"BMKG,CMA,ECMWF,GFS,ICON,METEOFRANCE,UKMO",Berawan,96.8,Tinggi,23.2,+/-1.42,48.49,+/-14.53,0.0,+/-0.0,23.2,+/-1.42,0.0,0.0,100.0,0.0,0.0,0.0,1.42,14.53,0.0,1.42,7,1.0,8.57,60.0
gpm4,GPM4,2026-08-20,11.17.05.2002,Bale Redelong,provisional_catchment,yes,4.778238355009202,96.8876539578458,Asia/Jakarta,Forecast Redelong representative point. BMKG ADM4 reference: 11.17.05.2002 (Bale Redelong). Initial BMKG reference for catchment point Spatial role: provisional_catchment. Area analisis provisional; menunggu konfirmasi batas DAS resmi.,13:00,7,7.2488,cukup,"BMKG,CMA,ECMWF,GFS,ICON,METEOFRANCE,UKMO",Berawan,97.8,Tinggi,23.45,+/-1.53,49.17,+/-14.98,0.0,+/-0.0,23.45,+/-1.53,0.0,0.0,100.0,0.0,0.0,0.0,1.53,14.98,0.0,1.53,7,1.0,0.0,0.0
gpm4,GPM4,2026-08-20,11.17.05.2002,Bale Redelong,provisional_catchment,yes,4.778238355009202,96.8876539578458,Asia/Jakarta,Forecast Redelong representative point. BMKG ADM4 reference: 11.17.05.2002 (Bale Redelong). Initial BMKG reference for catchment point Spatial role: provisional_catchment. Area analisis provisional; menunggu konfirmasi batas DAS resmi.,14:00,7,6.9366,cukup,"BMKG,CMA,ECMWF,GFS,ICON,METEOFRANCE,UKMO",Berawan,89.2,Tinggi,23.05,+/-1.72,53.82,+/-16.01,0.1,+/-0.18,23.05,+/-1.72,0.0,0.0,71.2,28.8,0.0,0.0,1.72,16.01,0.18,1.72,7,1.0,8.57,60.0
gpm4,GPM4,2026-08-20,11.17.05.2002,Bale Redelong,provisional_catchment,yes,4.778238355009202,96.8876539578458,Asia/Jakarta,Forecast Redelong representative point. BMKG ADM4 reference: 11.17.05.2002 (Bale Redelong). Initial BMKG reference for catchment point Spatial role: provisional_catchment. Area analisis provisional; menunggu konfirmasi batas DAS resmi.,15:00,7,6.9366,cukup,"BMKG,CMA,ECMWF,GFS,ICON,METEOFRANCE,UKMO",Berawan,88.9,Tinggi,22.04,+/-1.51,62.68,+/-15.24,0.35,+/-0.74,22.04,+/-1.51,0.0,0.0,71.2,28.8,0.0,0.0,1.51,15.24,0.74,1.51,7,1.0,8.57,60.0
gpm4,GPM4,2026-08-20,11.17.05.2002,Bale Redelong,provisional_catchment,yes,4.778238355009202,96.8876539578458,Asia/Jakarta,Forecast Redelong representative point. BMKG ADM4 reference: 11.17.05.2002 (Bale Redelong). Initial BMKG reference for catchment point Spatial role: provisional_catchment. Area analisis provisional; menunggu konfirmasi batas DAS resmi.,16:00,7,7.2488,cukup,"BMKG,CMA,ECMWF,GFS,ICON,METEOFRANCE,UKMO",Berawan,90.1,Tinggi,21.37,+/-1.46,67.66,+/-14.56,0.53,+/-1.15,21.37,+/-1.46,0.0,0.0,72.4,13.8,13.8,0.0,1.46,14.56,1.15,1.46,7,1.0,0.0,0.0
gpm4,GPM4,2026-08-20,11.17.05.2002,Bale Redelong,provisional_catchment,yes,4.778238355009202,96.8876539578458,Asia/Jakarta,Forecast Redelong representative point. BMKG ADM4 reference: 11.17.05.2002 (Bale Redelong). Initial BMKG reference for catchment point Spatial role: provisional_catchment. Area analisis provisional; menunggu konfirmasi batas DAS resmi.,17:00,7,6.9366,cukup,"BMKG,CMA,ECMWF,GFS,ICON,METEOFRANCE,UKMO",Berawan,85.8,Tinggi,20.33,+/-1.65,72.92,+/-14.59,0.06,+/-0.08,20.33,+/-1.65,0.0,0.0,56.8,43.2,0.0,0.0,1.65,14.59,0.08,1.65,7,1.0,8.57,60.0
gpm4,GPM4,2026-08-20,11.17.05.2002,Bale Redelong,provisional_catchment,yes,4.778238355009202,96.8876539578458,Asia/Jakarta,Forecast Redelong representative point. BMKG ADM4 reference: 11.17.05.2002 (Bale Redelong). Initial BMKG reference for catchment point Spatial role: provisional_catchment. Area analisis provisional; menunggu konfirmasi batas DAS resmi.,18:00,7,6.9366,cukup,"BMKG,CMA,ECMWF,GFS,ICON,METEOFRANCE,UKMO",Berawan,86.5,Tinggi,18.72,+/-1.52,86.67,+/-6.35,0.05,+/-0.08,18.72,+/-1.52,0.0,14.4,56.8,28.8,0.0,0.0,1.52,6.35,0.08,1.52,7,1.0,8.57,60.0
gpm4,GPM4,2026-08-20,11.17.05.2002,Bale Redelong,provisional_catchment,yes,4.778238355009202,96.8876539578458,Asia/Jakarta,Forecast Redelong representative point. BMKG ADM4 reference: 11.17.05.2002 (Bale Redelong). Initial BMKG reference for catchment point Spatial role: provisional_catchment. Area analisis provisional; menunggu konfirmasi batas DAS resmi.,19:00,7,7.2488,cukup,"BMKG,CMA,ECMWF,GFS,ICON,METEOFRANCE,UKMO",Berawan,87.6,Tinggi,17.39,+/-1.69,89.03,+/-10.67,0.07,+/-0.07,17.39,+/-1.69,0.0,0.0,58.6,41.4,0.0,0.0,1.69,10.67,0.07,1.69,7,1.0,0.0,0.0
gpm4,GPM4,2026-08-20,11.17.05.2002,Bale Redelong,provisional_catchment,yes,4.778238355009202,96.8876539578458,Asia/Jakarta,Forecast Redelong representative point. BMKG ADM4 reference: 11.17.05.2002 (Bale Redelong). Initial BMKG reference for catchment point Spatial role: provisional_catchment. Area analisis provisional; menunggu konfirmasi batas DAS resmi.,20:00,7,6.9366,cukup,"BMKG,CMA,ECMWF,GFS,ICON,METEOFRANCE,UKMO",Berawan,97.1,Tinggi,16.82,+/-1.66,91.33,+/-9.2,0.0,+/-0.0,16.82,+/-1.66,0.0,0.0,100.0,0.0,0.0,0.0,1.66,9.2,0.0,1.66,7,1.0,8.57,60.0
gpm4,GPM4,2026-08-20,11.17.05.2002,Bale Redelong,provisional_catchment,yes,4.778238355009202,96.8876539578458,Asia/Jakarta,Forecast Redelong representative point. BMKG ADM4 reference: 11.17.05.2002 (Bale Redelong). Initial BMKG reference for catchment point Spatial role: provisional_catchment. Area analisis provisional; menunggu konfirmasi batas DAS resmi.,21:00,7,6.9366,cukup,"BMKG,CMA,ECMWF,GFS,ICON,METEOFRANCE,UKMO",Berawan,97.2,Tinggi,16.1,+/-1.6,92.59,+/-7.34,0.0,+/-0.0,16.1,+/-1.6,0.0,0.0,100.0,0.0,0.0,0.0,1.6,7.34,0.0,1.6,7,1.0,8.57,60.0
gpm4,GPM4,2026-08-20,11.17.05.2002,Bale Redelong,provisional_catchment,yes,4.778238355009202,96.8876539578458,Asia/Jakarta,Forecast Redelong representative point. BMKG ADM4 reference: 11.17.05.2002 (Bale Redelong). Initial BMKG reference for catchment point Spatial role: provisional_catchment. Area analisis provisional; menunggu konfirmasi batas DAS resmi.,22:00,7,7.2488,cukup,"BMKG,CMA,ECMWF,GFS,ICON,METEOFRANCE,UKMO",Berawan,98.4,Tinggi,15.79,+/-1.57,92.21,+/-6.13,0.0,+/-0.0,15.79,+/-1.57,0.0,0.0,100.0,0.0,0.0,0.0,1.57,6.13,0.0,1.57,7,1.0,0.0,0.0
gpm4,GPM4,2026-08-20,11.17.05.2002,Bale Redelong,provisional_catchment,yes,4.778238355009202,96.8876539578458,Asia/Jakarta,Forecast Redelong representative point. BMKG ADM4 reference: 11.17.05.2002 (Bale Redelong). Initial BMKG reference for catchment point Spatial role: provisional_catchment. Area analisis provisional; menunggu konfirmasi batas DAS resmi.,23:00,7,6.9366,cukup,"BMKG,CMA,ECMWF,GFS,ICON,METEOFRANCE,UKMO",Berawan,97.4,Tinggi,15.32,+/-1.72,92.59,+/-3.93,0.0,+/-0.0,15.32,+/-1.72,0.0,0.0,100.0,0.0,0.0,0.0,1.72,3.93,0.0,1.72,7,1.0,8.57,60.0
gpm4,GPM4,2026-08-21,11.17.05.2002,Bale Redelong,provisional_catchment,yes,4.778238355009202,96.8876539578458,Asia/Jakarta,Forecast Redelong representative point. BMKG ADM4 reference: 11.17.05.2002 (Bale Redelong). Initial BMKG reference for catchment point Spatial role: provisional_catchment. Area analisis provisional; menunggu konfirmasi batas DAS resmi.,00:00,7,6.9284,cukup,"BMKG,CMA,ECMWF,GFS,ICON,METEOFRANCE,UKMO",Berawan,97.5,Tinggi,15.05,+/-1.64,92.71,+/-3.03,0.0,+/-0.0,15.05,+/-1.64,0.0,0.0,100.0,0.0,0.0,0.0,1.64,3.03,0.0,1.64,7,1.0,8.57,60.0
gpm4,GPM4,2026-08-21,11.17.05.2002,Bale Redelong,provisional_catchment,yes,4.778238355009202,96.8876539578458,Asia/Jakarta,Forecast Redelong representative point. BMKG ADM4 reference: 11.17.05.2002 (Bale Redelong). Initial BMKG reference for catchment point Spatial role: provisional_catchment. Area analisis provisional; menunggu konfirmasi batas DAS resmi.,01:00,7,7.2379,cukup,"BMKG,CMA,ECMWF,GFS,ICON,METEOFRANCE,UKMO",Berawan,98.5,Tinggi,14.78,+/-1.65,92.45,+/-3.71,0.0,+/-0.0,14.78,+/-1.65,0.0,0.0,100.0,0.0,0.0,0.0,1.65,3.71,0.0,1.65,7,1.0,0.0,0.0
gpm4,GPM4,2026-08-21,11.17.05.2002,Bale Redelong,provisional_catchment,yes,4.778238355009202,96.8876539578458,Asia/Jakarta,Forecast Redelong representative point. BMKG ADM4 reference: 11.17.05.2002 (Bale Redelong). Initial BMKG reference for catchment point Spatial role: provisional_catchment. Area analisis provisional; menunggu konfirmasi batas DAS resmi.,02:00,7,6.9284,cukup,"BMKG,CMA,ECMWF,GFS,ICON,METEOFRANCE,UKMO",Berawan,97.4,Tinggi,14.47,+/-1.7,92.57,+/-4.23,0.0,+/-0.0,14.47,+/-1.7,0.0,0.0,100.0,0.0,0.0,0.0,1.7,4.23,0.0,1.7,7,1.0,8.57,60.0
gpm4,GPM4,2026-08-21,11.17.05.2002,Bale Redelong,provisional_catchment,yes,4.778238355009202,96.8876539578458,Asia/Jakarta,Forecast Redelong representative point. BMKG ADM4 reference: 11.17.05.2002 (Bale Redelong). Initial BMKG reference for catchment point Spatial role: provisional_catchment. Area analisis provisional; menunggu konfirmasi batas DAS resmi.,03:00,7,6.9284,cukup,"BMKG,CMA,ECMWF,GFS,ICON,METEOFRANCE,UKMO",Berawan,93.6,Tinggi,14.12,+/-1.88,90.91,+/-6.09,0.0,+/-0.0,14.12,+/-1.88,0.0,14.4,85.6,0.0,0.0,0.0,1.88,6.09,0.0,1.88,7,1.0,8.57,60.0
gpm4,GPM4,2026-08-21,11.17.05.2002,Bale Redelong,provisional_catchment,yes,4.778238355009202,96.8876539578458,Asia/Jakarta,Forecast Redelong representative point. BMKG ADM4 reference: 11.17.05.2002 (Bale Redelong). Initial BMKG reference for catchment point Spatial role: provisional_catchment. Area analisis provisional; menunggu konfirmasi batas DAS resmi.,04:00,7,7.2379,cukup,"BMKG,CMA,ECMWF,GFS,ICON,METEOFRANCE,UKMO",Berawan,98.0,Tinggi,14.07,+/-1.98,88.49,+/-8.35,0.0,+/-0.0,14.07,+/-1.98,0.0,0.0,100.0,0.0,0.0,0.0,1.98,8.35,0.0,1.98,7,1.0,0.0,0.0
gpm4,GPM4,2026-08-21,11.17.05.2002,Bale Redelong,provisional_catchment,yes,4.778238355009202,96.8876539578458,Asia/Jakarta,Forecast Redelong representative point. BMKG ADM4 reference: 11.17.05.2002 (Bale Redelong). Initial BMKG reference for catchment point Spatial role: provisional_catchment. Area analisis provisional; menunggu konfirmasi batas DAS resmi.,05:00,7,6.9284,cukup,"BMKG,CMA,ECMWF,GFS,ICON,METEOFRANCE,UKMO",Berawan,93.3,Tinggi,13.86,+/-1.93,87.01,+/-9.43,0.0,+/-0.0,13.86,+/-1.93,0.0,14.4,85.6,0.0,0.0,0.0,1.93,9.43,0.0,1.93,7,1.0,8.57,60.0
gpm4,GPM4,2026-08-21,11.17.05.2002,Bale Redelong,provisional_catchment,yes,4.778238355009202,96.8876539578458,Asia/Jakarta,Forecast Redelong representative point. BMKG ADM4 reference: 11.17.05.2002 (Bale Redelong). Initial BMKG reference for catchment point Spatial role: provisional_catchment. Area analisis provisional; menunggu konfirmasi batas DAS resmi.,06:00,7,6.9284,cukup,"BMKG,CMA,ECMWF,GFS,ICON,METEOFRANCE,UKMO",Berawan,97.3,Tinggi,13.97,+/-2.34,93.0,+/-1.0,0.0,+/-0.0,13.97,+/-2.34,0.0,0.0,100.0,0.0,0.0,0.0,2.34,1.0,0.0,2.34,7,1.0,8.57,60.0
gpm4,GPM4,2026-08-21,11.17.05.2002,Bale Redelong,provisional_catchment,yes,4.778238355009202,96.8876539578458,Asia/Jakarta,Forecast Redelong representative point. BMKG ADM4 reference: 11.17.05.2002 (Bale Redelong). Initial BMKG reference for catchment point Spatial role: provisional_catchment. Area analisis provisional; menunggu konfirmasi batas DAS resmi.,07:00,7,7.2379,cukup,"BMKG,CMA,ECMWF,GFS,ICON,METEOFRANCE,UKMO",Berawan,97.8,Tinggi,14.56,+/-2.11,83.11,+/-9.73,0.0,+/-0.0,14.56,+/-2.11,0.0,0.0,100.0,0.0,0.0,0.0,2.11,9.73,0.0,2.11,7,1.0,0.0,0.0
gpm4,GPM4,2026-08-21,11.17.05.2002,Bale Redelong,provisional_catchment,yes,4.778238355009202,96.8876539578458,Asia/Jakarta,Forecast Redelong representative point. BMKG ADM4 reference: 11.17.05.2002 (Bale Redelong). Initial BMKG reference for catchment point Spatial role: provisional_catchment. Area analisis provisional; menunggu konfirmasi batas DAS resmi.,08:00,7,6.9284,cukup,"BMKG,CMA,ECMWF,GFS,ICON,METEOFRANCE,UKMO",Berawan,97.6,Tinggi,16.18,+/-1.31,83.23,+/-3.92,0.0,+/-0.0,16.18,+/-1.31,0.0,0.0,100.0,0.0,0.0,0.0,1.31,3.92,0.0,1.31,7,1.0,8.57,60.0
gpm4,GPM4,2026-08-21,11.17.05.2002,Bale Redelong,provisional_catchment,yes,4.778238355009202,96.8876539578458,Asia/Jakarta,Forecast Redelong representative point. BMKG ADM4 reference: 11.17.05.2002 (Bale Redelong). Initial BMKG reference for catchment point Spatial role: provisional_catchment. Area analisis provisional; menunggu konfirmasi batas DAS resmi.,09:00,7,6.9284,cukup,"BMKG,CMA,ECMWF,GFS,ICON,METEOFRANCE,UKMO",Berawan,93.4,Tinggi,18.93,+/-1.75,69.64,+/-12.51,0.0,+/-0.0,18.93,+/-1.75,13.4,0.0,86.6,0.0,0.0,0.0,1.75,12.51,0.0,1.75,7,1.0,8.57,60.0
gpm4,GPM4,2026-08-21,11.17.05.2002,Bale Redelong,provisional_catchment,yes,4.778238355009202,96.8876539578458,Asia/Jakarta,Forecast Redelong representative point. BMKG ADM4 reference: 11.17.05.2002 (Bale Redelong). Initial BMKG reference for catchment point Spatial role: provisional_catchment. Area analisis provisional; menunggu konfirmasi batas DAS resmi.,10:00,7,7.2379,cukup,"BMKG,CMA,ECMWF,GFS,ICON,METEOFRANCE,UKMO",Berawan,94.5,Tinggi,20.61,+/-1.29,67.4,+/-2.06,0.0,+/-0.0,20.61,+/-1.29,17.1,0.0,82.9,0.0,0.0,0.0,1.29,2.06,0.0,1.29,7,1.0,0.0,0.0
gpm4,GPM4,2026-08-21,11.17.05.2002,Bale Redelong,provisional_catchment,yes,4.778238355009202,96.8876539578458,Asia/Jakarta,Forecast Redelong representative point. BMKG ADM4 reference: 11.17.05.2002 (Bale Redelong). Initial BMKG reference for catchment point Spatial role: provisional_catchment. Area analisis provisional; menunggu konfirmasi batas DAS resmi.,11:00,7,6.9284,cukup,"BMKG,CMA,ECMWF,GFS,ICON,METEOFRANCE,UKMO",Berawan,86.8,Tinggi,21.9,+/-0.91,56.79,+/-9.06,0.05,+/-0.08,21.9,+/-0.91,13.4,0.0,57.7,28.9,0.0,0.0,0.91,9.06,0.08,0.91,7,1.0,8.57,60.0
gpm4,GPM4,2026-08-21,11.17.05.2002,Bale Redelong,provisional_catchment,yes,4.778238355009202,96.8876539578458,Asia/Jakarta,Forecast Redelong representative point. BMKG ADM4 reference: 11.17.05.2002 (Bale Redelong). Initial BMKG reference for catchment point Spatial role: provisional_catchment. Area analisis provisional; menunggu konfirmasi batas DAS resmi.,12:00,7,6.9284,cukup,"BMKG,CMA,ECMWF,GFS,ICON,METEOFRANCE,UKMO",Berawan,86.1,Tinggi,22.82,+/-1.58,55.21,+/-10.2,0.05,+/-0.08,22.82,+/-1.58,0.0,14.4,56.7,28.9,0.0,0.0,1.58,10.2,0.08,1.58,7,1.0,8.57,60.0
gpm4,GPM4,2026-08-21,11.17.05.2002,Bale Redelong,provisional_catchment,yes,4.778238355009202,96.8876539578458,Asia/Jakarta,Forecast Redelong representative point. BMKG ADM4 reference: 11.17.05.2002 (Bale Redelong). Initial BMKG reference for catchment point Spatial role: provisional_catchment. Area analisis provisional; menunggu konfirmasi batas DAS resmi.,13:00,7,7.2379,cukup,"BMKG,CMA,ECMWF,GFS,ICON,METEOFRANCE,UKMO",Berawan,91.3,Tinggi,24.35,+/-0.77,55.49,+/-12.99,0.05,+/-0.08,24.35,+/-0.77,0.0,0.0,72.4,27.6,0.0,0.0,0.77,12.99,0.08,0.77,7,1.0,0.0,0.0
gpm4,GPM4,2026-08-21,11.17.05.2002,Bale Redelong,provisional_catchment,yes,4.778238355009202,96.8876539578458,Asia/Jakarta,Forecast Redelong representative point. BMKG ADM4 reference: 11.17.05.2002 (Bale Redelong). Initial BMKG reference for catchment point Spatial role: provisional_catchment. Area analisis provisional; menunggu konfirmasi batas DAS resmi.,14:00,7,6.9284,cukup,"BMKG,CMA,ECMWF,GFS,ICON,METEOFRANCE,UKMO",Berawan,85.9,Tinggi,23.75,+/-1.36,57.37,+/-14.71,0.1,+/-0.13,23.75,+/-1.36,0.0,0.0,56.7,28.9,14.4,0.0,1.36,14.71,0.13,1.36,7,1.0,8.57,60.0
gpm4,GPM4,2026-08-21,11.17.05.2002,Bale Redelong,provisional_catchment,yes,4.778238355009202,96.8876539578458,Asia/Jakarta,Forecast Redelong representative point. BMKG ADM4 reference: 11.17.05.2002 (Bale Redelong). Initial BMKG reference for catchment point Spatial role: provisional_catchment. Area analisis provisional; menunggu konfirmasi batas DAS resmi.,15:00,7,6.9284,cukup,"BMKG,CMA,ECMWF,GFS,ICON,METEOFRANCE,UKMO",Hujan Ringan,83.1,Tinggi,23.28,+/-0.29,64.19,+/-14.46,0.1,+/-0.09,23.28,+/-0.29,0.0,13.4,28.9,43.3,14.4,0.0,0.29,14.46,0.09,0.29,7,1.0,8.57,60.0
gpm4,GPM4,2026-08-21,11.17.05.2002,Bale Redelong,provisional_catchment,yes,4.778238355009202,96.8876539578458,Asia/Jakarta,Forecast Redelong representative point. BMKG ADM4 reference: 11.17.05.2002 (Bale Redelong). Initial BMKG reference for catchment point Spatial role: provisional_catchment. Area analisis provisional; menunggu konfirmasi batas DAS resmi.,16:00,7,7.2379,cukup,"BMKG,CMA,ECMWF,GFS,ICON,METEOFRANCE,UKMO",Hujan Ringan,83.4,Tinggi,22.52,+/-0.51,71.05,+/-15.12,0.22,+/-0.22,22.52,+/-0.51,0.0,17.1,27.6,41.4,13.8,0.0,0.51,15.12,0.22,0.51,7,1.0,0.0,0.0
gpm4,GPM4,2026-08-21,11.17.05.2002,Bale Redelong,provisional_catchment,yes,4.778238355009202,96.8876539578458,Asia/Jakarta,Forecast Redelong representative point. BMKG ADM4 reference: 11.17.05.2002 (Bale Redelong). Initial BMKG reference for catchment point Spatial role: provisional_catchment. Area analisis provisional; menunggu konfirmasi batas DAS resmi.,17:00,7,6.9284,cukup,"BMKG,CMA,ECMWF,GFS,ICON,METEOFRANCE,UKMO",Hujan Ringan,89.4,Tinggi,20.27,+/-2.06,77.46,+/-14.76,0.1,+/-0.07,20.27,+/-2.06,0.0,13.4,14.4,72.2,0.0,0.0,2.06,14.76,0.07,2.06,7,1.0,8.57,60.0
gpm4,GPM4,2026-08-21,11.17.05.2002,Bale Redelong,provisional_catchment,yes,4.778238355009202,96.8876539578458,Asia/Jakarta,Forecast Redelong representative point. BMKG ADM4 reference: 11.17.05.2002 (Bale Redelong). Initial BMKG reference for catchment point Spatial role: provisional_catchment. Area analisis provisional; menunggu konfirmasi batas DAS resmi.,18:00,7,6.9284,cukup,"BMKG,CMA,ECMWF,GFS,ICON,METEOFRANCE,UKMO",Hujan Ringan,89.9,Tinggi,18.58,+/-1.53,86.89,+/-9.73,0.26,+/-0.24,18.58,+/-1.53,0.0,13.4,14.4,72.2,0.0,0.0,1.53,9.73,0.24,1.53,7,1.0,8.57,60.0
gpm4,GPM4,2026-08-21,11.17.05.2002,Bale Redelong,provisional_catchment,yes,4.778238355009202,96.8876539578458,Asia/Jakarta,Forecast Redelong representative point. BMKG ADM4 reference: 11.17.05.2002 (Bale Redelong). Initial BMKG reference for catchment point Spatial role: provisional_catchment. Area analisis provisional; menunggu konfirmasi batas DAS resmi.,19:00,7,7.2379,cukup,"BMKG,CMA,ECMWF,GFS,ICON,METEOFRANCE,UKMO",Hujan Ringan,90.5,Tinggi,17.6,+/-1.55,90.63,+/-7.36,0.18,+/-0.11,17.6,+/-1.55,0.0,17.1,13.8,69.1,0.0,0.0,1.55,7.36,0.11,1.55,7,1.0,0.0,0.0
gpm4,GPM4,2026-08-21,11.17.05.2002,Bale Redelong,provisional_catchment,yes,4.778238355009202,96.8876539578458,Asia/Jakarta,Forecast Redelong representative point. BMKG ADM4 reference: 11.17.05.2002 (Bale Redelong). Initial BMKG reference for catchment point Spatial role: provisional_catchment. Area analisis provisional; menunggu konfirmasi batas DAS resmi.,20:00,7,6.9284,cukup,"BMKG,CMA,ECMWF,GFS,ICON,METEOFRANCE,UKMO",Berawan,94.0,Tinggi,17.08,+/-1.53,92.66,+/-6.11,0.0,+/-0.0,17.08,+/-1.53,0.0,13.4,86.6,0.0,0.0,0.0,1.53,6.11,0.0,1.53,7,1.0,8.57,60.0
gpm4,GPM4,2026-08-21,11.17.05.2002,Bale Redelong,provisional_catchment,yes,4.778238355009202,96.8876539578458,Asia/Jakarta,Forecast Redelong representative point. BMKG ADM4 reference: 11.17.05.2002 (Bale Redelong). Initial BMKG reference for catchment point Spatial role: provisional_catchment. Area analisis provisional; menunggu konfirmasi batas DAS resmi.,21:00,7,6.9284,cukup,"BMKG,CMA,ECMWF,GFS,ICON,METEOFRANCE,UKMO",Berawan,97.4,Tinggi,16.54,+/-1.51,93.36,+/-5.03,0.0,+/-0.0,16.54,+/-1.51,0.0,0.0,100.0,0.0,0.0,0.0,1.51,5.03,0.0,1.51,7,1.0,8.57,60.0
gpm4,GPM4,2026-08-21,11.17.05.2002,Bale Redelong,provisional_catchment,yes,4.778238355009202,96.8876539578458,Asia/Jakarta,Forecast Redelong representative point. BMKG ADM4 reference: 11.17.05.2002 (Bale Redelong). Initial BMKG reference for catchment point Spatial role: provisional_catchment. Area analisis provisional; menunggu konfirmasi batas DAS resmi.,22:00,7,7.2379,cukup,"BMKG,CMA,ECMWF,GFS,ICON,METEOFRANCE,UKMO",Berawan,98.5,Tinggi,16.23,+/-1.46,93.18,+/-4.71,0.0,+/-0.0,16.23,+/-1.46,0.0,0.0,100.0,0.0,0.0,0.0,1.46,4.71,0.0,1.46,7,1.0,0.0,0.0
gpm4,GPM4,2026-08-21,11.17.05.2002,Bale Redelong,provisional_catchment,yes,4.778238355009202,96.8876539578458,Asia/Jakarta,Forecast Redelong representative point. BMKG ADM4 reference: 11.17.05.2002 (Bale Redelong). Initial BMKG reference for catchment point Spatial role: provisional_catchment. Area analisis provisional; menunggu konfirmasi batas DAS resmi.,23:00,7,6.9284,cukup,"BMKG,CMA,ECMWF,GFS,ICON,METEOFRANCE,UKMO",Berawan,97.4,Tinggi,15.69,+/-1.7,94.23,+/-3.91,0.0,+/-0.0,15.69,+/-1.7,0.0,0.0,100.0,0.0,0.0,0.0,1.7,3.91,0.0,1.7,7,1.0,8.57,60.0
gpm4,GPM4,2026-08-22,11.17.05.2002,Bale Redelong,provisional_catchment,yes,4.778238355009202,96.8876539578458,Asia/Jakarta,Forecast Redelong representative point. BMKG ADM4 reference: 11.17.05.2002 (Bale Redelong). Initial BMKG reference for catchment point Spatial role: provisional_catchment. Area analisis provisional; menunggu konfirmasi batas DAS resmi.,00:00,7,6.9312,cukup,"BMKG,CMA,ECMWF,GFS,ICON,METEOFRANCE,UKMO",Berawan,97.6,Tinggi,15.41,+/-1.6,95.83,+/-2.48,0.0,+/-0.0,15.41,+/-1.6,0.0,0.0,100.0,0.0,0.0,0.0,1.6,2.48,0.0,1.6,7,1.0,8.57,60.0
gpm4,GPM4,2026-08-22,11.17.05.2002,Bale Redelong,provisional_catchment,yes,4.778238355009202,96.8876539578458,Asia/Jakarta,Forecast Redelong representative point. BMKG ADM4 reference: 11.17.05.2002 (Bale Redelong). Initial BMKG reference for catchment point Spatial role: provisional_catchment. Area analisis provisional; menunggu konfirmasi batas DAS resmi.,01:00,7,7.2416,cukup,"BMKG,CMA,ECMWF,GFS,ICON,METEOFRANCE,UKMO",Berawan,95.2,Tinggi,15.19,+/-1.68,96.0,+/-2.31,0.0,+/-0.0,15.19,+/-1.68,13.8,0.0,86.2,0.0,0.0,0.0,1.68,2.31,0.0,1.68,7,1.0,0.0,0.0
gpm4,GPM4,2026-08-22,11.17.05.2002,Bale Redelong,provisional_catchment,yes,4.778238355009202,96.8876539578458,Asia/Jakarta,Forecast Redelong representative point. BMKG ADM4 reference: 11.17.05.2002 (Bale Redelong). Initial BMKG reference for catchment point Spatial role: provisional_catchment. Area analisis provisional; menunggu konfirmasi batas DAS resmi.,02:00,7,6.9312,cukup,"BMKG,CMA,ECMWF,GFS,ICON,METEOFRANCE,UKMO",Berawan,93.9,Tinggi,14.71,+/-1.83,96.83,+/-1.95,0.0,+/-0.0,14.71,+/-1.83,14.4,0.0,85.6,0.0,0.0,0.0,1.83,1.95,0.0,1.83,7,1.0,8.57,60.0
gpm4,GPM4,2026-08-22,11.17.05.2002,Bale Redelong,provisional_catchment,yes,4.778238355009202,96.8876539578458,Asia/Jakarta,Forecast Redelong representative point. BMKG ADM4 reference: 11.17.05.2002 (Bale Redelong). Initial BMKG reference for catchment point Spatial role: provisional_catchment. Area analisis provisional; menunggu konfirmasi batas DAS resmi.,03:00,7,6.9312,cukup,"BMKG,CMA,ECMWF,GFS,ICON,METEOFRANCE,UKMO",Berawan,87.0,Tinggi,14.2,+/-1.76,97.17,+/-1.57,0.0,+/-0.0,14.2,+/-1.76,27.9,14.4,57.7,0.0,0.0,0.0,1.76,1.57,0.0,1.76,7,1.0,8.57,60.0
gpm4,GPM4,2026-08-22,11.17.05.2002,Bale Redelong,provisional_catchment,yes,4.778238355009202,96.8876539578458,Asia/Jakarta,Forecast Redelong representative point. BMKG ADM4 reference: 11.17.05.2002 (Bale Redelong). Initial BMKG reference for catchment point Spatial role: provisional_catchment. Area analisis provisional; menunggu konfirmasi batas DAS resmi.,04:00,7,7.2416,cukup,"BMKG,CMA,ECMWF,GFS,ICON,METEOFRANCE,UKMO",Berawan,87.4,Tinggi,14.15,+/-1.78,96.83,+/-1.77,0.0,+/-0.0,14.15,+/-1.78,31.0,13.8,55.2,0.0,0.0,0.0,1.78,1.77,0.0,1.78,7,1.0,0.0,0.0
gpm4,GPM4,2026-08-22,11.17.05.2002,Bale Redelong,provisional_catchment,yes,4.778238355009202,96.8876539578458,Asia/Jakarta,Forecast Redelong representative point. BMKG ADM4 reference: 11.17.05.2002 (Bale Redelong). Initial BMKG reference for catchment point Spatial role: provisional_catchment. Area analisis provisional; menunggu konfirmasi batas DAS resmi.,05:00,7,6.9312,cukup,"BMKG,CMA,ECMWF,GFS,ICON,METEOFRANCE,UKMO",Berawan,87.0,Tinggi,13.97,+/-1.63,96.5,+/-2.14,0.0,+/-0.0,13.97,+/-1.63,13.4,28.9,57.7,0.0,0.0,0.0,1.63,2.14,0.0,1.63,7,1.0,8.57,60.0
gpm4,GPM4,2026-08-22,11.17.05.2002,Bale Redelong,provisional_catchment,yes,4.778238355009202,96.8876539578458,Asia/Jakarta,Forecast Redelong representative point. BMKG ADM4 reference: 11.17.05.2002 (Bale Redelong). Initial BMKG reference for catchment point Spatial role: provisional_catchment. Area analisis provisional; menunggu konfirmasi batas DAS resmi.,06:00,7,6.9312,cukup,"BMKG,CMA,ECMWF,GFS,ICON,METEOFRANCE,UKMO",Berawan,86.8,Tinggi,14.4,+/-2.17,96.8,+/-1.33,0.0,+/-0.0,14.4,+/-2.17,13.4,28.9,57.7,0.0,0.0,0.0,2.17,1.33,0.0,2.17,7,1.0,8.57,60.0
gpm4,GPM4,2026-08-22,11.17.05.2002,Bale Redelong,provisional_catchment,yes,4.778238355009202,96.8876539578458,Asia/Jakarta,Forecast Redelong representative point. BMKG ADM4 reference: 11.17.05.2002 (Bale Redelong). Initial BMKG reference for catchment point Spatial role: provisional_catchment. Area analisis provisional; menunggu konfirmasi batas DAS resmi.,07:00,7,7.2416,cukup,"BMKG,CMA,ECMWF,GFS,ICON,METEOFRANCE,UKMO",Berawan,90.4,Tinggi,15.04,+/-2.05,90.74,+/-6.17,0.0,+/-0.0,15.04,+/-2.05,17.1,13.8,69.0,0.0,0.0,0.0,2.05,6.17,0.0,2.05,7,1.0,0.0,0.0
gpm4,GPM4,2026-08-22,11.17.05.2002,Bale Redelong,provisional_catchment,yes,4.778238355009202,96.8876539578458,Asia/Jakarta,Forecast Redelong representative point. BMKG ADM4 reference: 11.17.05.2002 (Bale Redelong). Initial BMKG reference for catchment point Spatial role: provisional_catchment. Area analisis provisional; menunggu konfirmasi batas DAS resmi.,08:00,7,6.9312,cukup,"BMKG,CMA,ECMWF,GFS,ICON,METEOFRANCE,UKMO",Berawan,87.0,Tinggi,16.72,+/-1.22,85.35,+/-4.78,0.0,+/-0.0,16.72,+/-1.22,13.4,28.9,57.7,0.0,0.0,0.0,1.22,4.78,0.0,1.22,7,1.0,8.57,60.0
gpm4,GPM4,2026-08-22,11.17.05.2002,Bale Redelong,provisional_catchment,yes,4.778238355009202,96.8876539578458,Asia/Jakarta,Forecast Redelong representative point. BMKG ADM4 reference: 11.17.05.2002 (Bale Redelong). Initial BMKG reference for catchment point Spatial role: provisional_catchment. Area analisis provisional; menunggu konfirmasi batas DAS resmi.,09:00,7,6.9312,cukup,"BMKG,CMA,ECMWF,GFS,ICON,METEOFRANCE,UKMO",Berawan,86.3,Tinggi,19.64,+/-1.85,72.62,+/-9.93,0.0,+/-0.0,19.64,+/-1.85,27.9,14.4,57.7,0.0,0.0,0.0,1.85,9.93,0.0,1.85,7,1.0,8.57,60.0
gpm4,GPM4,2026-08-22,11.17.05.2002,Bale Redelong,provisional_catchment,yes,4.778238355009202,96.8876539578458,Asia/Jakarta,Forecast Redelong representative point. BMKG ADM4 reference: 11.17.05.2002 (Bale Redelong). Initial BMKG reference for catchment point Spatial role: provisional_catchment. Area analisis provisional; menunggu konfirmasi batas DAS resmi.,10:00,7,7.2416,cukup,"BMKG,CMA,ECMWF,GFS,ICON,METEOFRANCE,UKMO",Berawan,87.0,Tinggi,21.35,+/-1.4,66.39,+/-9.83,0.0,+/-0.0,21.35,+/-1.4,31.0,13.8,55.2,0.0,0.0,0.0,1.4,9.83,0.0,1.4,7,1.0,0.0,0.0
gpm4,GPM4,2026-08-22,11.17.05.2002,Bale Redelong,provisional_catchment,yes,4.778238355009202,96.8876539578458,Asia/Jakarta,Forecast Redelong representative point. BMKG ADM4 reference: 11.17.05.2002 (Bale Redelong). Initial BMKG reference for catchment point Spatial role: provisional_catchment. Area analisis provisional; menunggu konfirmasi batas DAS resmi.,11:00,7,6.9312,cukup,"BMKG,CMA,ECMWF,GFS,ICON,METEOFRANCE,UKMO",Hujan Ringan,86.0,Tinggi,21.91,+/-1.4,65.84,+/-11.05,0.46,+/-0.64,21.91,+/-1.4,13.4,14.4,14.4,57.7,0.0,0.0,1.4,11.05,0.64,1.4,7,1.0,8.57,60.0
gpm4,GPM4,2026-08-22,11.17.05.2002,Bale Redelong,provisional_catchment,yes,4.778238355009202,96.8876539578458,Asia/Jakarta,Forecast Redelong representative point. BMKG ADM4 reference: 11.17.05.2002 (Bale Redelong). Initial BMKG reference for catchment point Spatial role: provisional_catchment. Area analisis provisional; menunggu konfirmasi batas DAS resmi.,12:00,7,6.9312,cukup,"BMKG,CMA,ECMWF,GFS,ICON,METEOFRANCE,UKMO",Hujan Ringan,85.1,Tinggi,22.47,+/-2.25,65.66,+/-17.17,0.46,+/-0.64,22.47,+/-2.25,14.4,13.4,14.4,57.7,0.0,0.0,2.25,17.17,0.64,2.25,7,1.0,8.57,60.0
gpm4,GPM4,2026-08-22,11.17.05.2002,Bale Redelong,provisional_catchment,yes,4.778238355009202,96.8876539578458,Asia/Jakarta,Forecast Redelong representative point. BMKG ADM4 reference: 11.17.05.2002 (Bale Redelong). Initial BMKG reference for catchment point Spatial role: provisional_catchment. Area analisis provisional; menunggu konfirmasi batas DAS resmi.,13:00,7,7.2416,cukup,"BMKG,CMA,ECMWF,GFS,ICON,METEOFRANCE,UKMO",Hujan Ringan,85.1,Tinggi,22.59,+/-2.66,66.44,+/-20.68,0.46,+/-0.64,22.59,+/-2.66,0.0,17.1,27.6,55.2,0.0,0.0,2.66,20.68,0.64,2.66,7,1.0,0.0,0.0
gpm4,GPM4,2026-08-22,11.17.05.2002,Bale Redelong,provisional_catchment,yes,4.778238355009202,96.8876539578458,Asia/Jakarta,Forecast Redelong representative point. BMKG ADM4 reference: 11.17.05.2002 (Bale Redelong). Initial BMKG reference for catchment point Spatial role: provisional_catchment. Area analisis provisional; menunggu konfirmasi batas DAS resmi.,14:00,7,6.9312,cukup,"BMKG,CMA,ECMWF,GFS,ICON,METEOFRANCE,UKMO",Hujan Ringan,80.6,Tinggi,21.47,+/-2.5,73.45,+/-17.89,1.48,+/-1.66,21.47,+/-2.5,0.0,13.4,14.4,43.3,14.4,14.4,2.5,17.89,1.66,2.5,7,1.0,8.57,60.0
gpm4,GPM4,2026-08-22,11.17.05.2002,Bale Redelong,provisional_catchment,yes,4.778238355009202,96.8876539578458,Asia/Jakarta,Forecast Redelong representative point. BMKG ADM4 reference: 11.17.05.2002 (Bale Redelong). Initial BMKG reference for catchment point Spatial role: provisional_catchment. Area analisis provisional; menunggu konfirmasi batas DAS resmi.,15:00,7,6.9312,cukup,"BMKG,CMA,ECMWF,GFS,ICON,METEOFRANCE,UKMO",Hujan Ringan,85.0,Tinggi,20.32,+/-2.0,81.01,+/-12.04,1.7,+/-1.53,20.32,+/-2.0,0.0,13.4,0.0,57.7,14.4,14.4,2.0,12.04,1.53,2.0,7,1.0,8.57,60.0
gpm4,GPM4,2026-08-22,11.17.05.2002,Bale Redelong,provisional_catchment,yes,4.778238355009202,96.8876539578458,Asia/Jakarta,Forecast Redelong representative point. BMKG ADM4 reference: 11.17.05.2002 (Bale Redelong). Initial BMKG reference for catchment point Spatial role: provisional_catchment. Area analisis provisional; menunggu konfirmasi batas DAS resmi.,16:00,7,7.2416,cukup,"BMKG,CMA,ECMWF,GFS,ICON,METEOFRANCE,UKMO",Hujan Ringan,82.0,Tinggi,20.14,+/-1.94,81.43,+/-11.47,1.78,+/-1.51,20.14,+/-1.94,0.0,17.1,0.0,41.4,13.8,27.6,1.94,11.47,1.51,1.94,7,1.0,0.0,0.0
gpm4,GPM4,2026-08-22,11.17.05.2002,Bale Redelong,provisional_catchment,yes,4.778238355009202,96.8876539578458,Asia/Jakarta,Forecast Redelong representative point. BMKG ADM4 reference: 11.17.05.2002 (Bale Redelong). Initial BMKG reference for catchment point Spatial role: provisional_catchment. Area analisis provisional; menunggu konfirmasi batas DAS resmi.,17:00,7,6.9312,cukup,"BMKG,CMA,ECMWF,GFS,ICON,METEOFRANCE,UKMO",Hujan Ringan,89.5,Tinggi,19.57,+/-1.92,83.76,+/-10.81,0.6,+/-0.44,19.57,+/-1.92,0.0,13.4,14.4,72.1,0.0,0.0,1.92,10.81,0.44,1.92,7,1.0,8.57,60.0
gpm4,GPM4,2026-08-22,11.17.05.2002,Bale Redelong,provisional_catchment,yes,4.778238355009202,96.8876539578458,Asia/Jakarta,Forecast Redelong representative point. BMKG ADM4 reference: 11.17.05.2002 (Bale Redelong). Initial BMKG reference for catchment point Spatial role: provisional_catchment. Area analisis provisional; menunggu konfirmasi batas DAS resmi.,18:00,7,6.9312,cukup,"BMKG,CMA,ECMWF,GFS,ICON,METEOFRANCE,UKMO",Hujan Ringan,90.3,Tinggi,18.35,+/-1.43,93.48,+/-3.47,0.55,+/-0.45,18.35,+/-1.43,0.0,13.4,14.4,72.1,0.0,0.0,1.43,3.47,0.45,1.43,7,1.0,8.57,60.0
gpm4,GPM4,2026-08-22,11.17.05.2002,Bale Redelong,provisional_catchment,yes,4.778238355009202,96.8876539578458,Asia/Jakarta,Forecast Redelong representative point. BMKG ADM4 reference: 11.17.05.2002 (Bale Redelong). Initial BMKG reference for catchment point Spatial role: provisional_catchment. Area analisis provisional; menunggu konfirmasi batas DAS resmi.,19:00,7,7.2416,cukup,"BMKG,CMA,ECMWF,GFS,ICON,METEOFRANCE,UKMO",Hujan Ringan,90.6,Tinggi,17.59,+/-1.71,95.8,+/-1.06,0.45,+/-0.47,17.59,+/-1.71,0.0,17.1,13.8,69.0,0.0,0.0,1.71,1.06,0.47,1.71,7,1.0,0.0,0.0
gpm4,GPM4,2026-08-22,11.17.05.2002,Bale Redelong,provisional_catchment,yes,4.778238355009202,96.8876539578458,Asia/Jakarta,Forecast Redelong representative point. BMKG ADM4 reference: 11.17.05.2002 (Bale Redelong). Initial BMKG reference for catchment point Spatial role: provisional_catchment. Area analisis provisional; menunggu konfirmasi batas DAS resmi.,20:00,7,6.9312,cukup,"BMKG,CMA,ECMWF,GFS,ICON,METEOFRANCE,UKMO",Hujan Ringan,86.9,Tinggi,17.2,+/-1.83,96.52,+/-0.95,0.12,+/-0.09,17.2,+/-1.83,14.4,13.4,14.4,57.7,0.0,0.0,1.83,0.95,0.09,1.83,7,1.0,8.57,60.0
gpm4,GPM4,2026-08-22,11.17.05.2002,Bale Redelong,provisional_catchment,yes,4.778238355009202,96.8876539578458,Asia/Jakarta,Forecast Redelong representative point. BMKG ADM4 reference: 11.17.05.2002 (Bale Redelong). Initial BMKG reference for catchment point Spatial role: provisional_catchment. Area analisis provisional; menunggu konfirmasi batas DAS resmi.,21:00,7,6.9312,cukup,"BMKG,CMA,ECMWF,GFS,ICON,METEOFRANCE,UKMO",Hujan Ringan,90.3,Tinggi,16.6,+/-1.7,95.39,+/-5.27,0.13,+/-0.07,16.6,+/-1.7,0.0,0.0,27.9,72.1,0.0,0.0,1.7,5.27,0.07,1.7,7,1.0,8.57,60.0
gpm4,GPM4,2026-08-22,11.17.05.2002,Bale Redelong,provisional_catchment,yes,4.778238355009202,96.8876539578458,Asia/Jakarta,Forecast Redelong representative point. BMKG ADM4 reference: 11.17.05.2002 (Bale Redelong). Initial BMKG reference for catchment point Spatial role: provisional_catchment. Area analisis provisional; menunggu konfirmasi batas DAS resmi.,22:00,7,7.2416,cukup,"BMKG,CMA,ECMWF,GFS,ICON,METEOFRANCE,UKMO",Hujan Ringan,90.7,Tinggi,16.3,+/-1.66,96.38,+/-3.74,0.15,+/-0.08,16.3,+/-1.66,0.0,13.8,17.1,69.0,0.0,0.0,1.66,3.74,0.08,1.66,7,1.0,0.0,0.0
gpm4,GPM4,2026-08-22,11.17.05.2002,Bale Redelong,provisional_catchment,yes,4.778238355009202,96.8876539578458,Asia/Jakarta,Forecast Redelong representative point. BMKG ADM4 reference: 11.17.05.2002 (Bale Redelong). Initial BMKG reference for catchment point Spatial role: provisional_catchment. Area analisis provisional; menunggu konfirmasi batas DAS resmi.,23:00,7,6.9312,cukup,"BMKG,CMA,ECMWF,GFS,ICON,METEOFRANCE,UKMO",Berawan,90.3,Tinggi,15.9,+/-1.68,96.84,+/-2.59,0.05,+/-0.08,15.9,+/-1.68,0.0,0.0,71.1,28.9,0.0,0.0,1.68,2.59,0.08,1.68,7,1.0,8.57,60.0
gpm4,GPM4,2026-08-23,11.17.05.2002,Bale Redelong,provisional_catchment,yes,4.778238355009202,96.8876539578458,Asia/Jakarta,Forecast Redelong representative point. BMKG ADM4 reference: 11.17.05.2002 (Bale Redelong). Initial BMKG reference for catchment point Spatial role: provisional_catchment. Area analisis provisional; menunggu konfirmasi batas DAS resmi.,00:00,6,6.0,cukup,"CMA,ECMWF,GFS,ICON,METEOFRANCE,UKMO",Berawan,76.9,Sedang,15.38,+/-1.64,97.0,+/-2.08,0.03,+/-0.05,15.38,+/-1.64,0.0,16.7,50.0,33.3,0.0,0.0,1.64,2.08,0.05,1.64,7,0.8571,0.0,0.0
gpm4,GPM4,2026-08-23,11.17.05.2002,Bale Redelong,provisional_catchment,yes,4.778238355009202,96.8876539578458,Asia/Jakarta,Forecast Redelong representative point. BMKG ADM4 reference: 11.17.05.2002 (Bale Redelong). Initial BMKG reference for catchment point Spatial role: provisional_catchment. Area analisis provisional; menunggu konfirmasi batas DAS resmi.,01:00,6,6.0,cukup,"CMA,ECMWF,GFS,ICON,METEOFRANCE,UKMO",Berawan,85.3,Tinggi,15.08,+/-1.51,97.33,+/-1.7,0.02,+/-0.04,15.08,+/-1.51,0.0,0.0,83.3,16.7,0.0,0.0,1.51,1.7,0.04,1.51,7,0.8571,0.0,0.0
gpm4,GPM4,2026-08-23,11.17.05.2002,Bale Redelong,provisional_catchment,yes,4.778238355009202,96.8876539578458,Asia/Jakarta,Forecast Redelong representative point. BMKG ADM4 reference: 11.17.05.2002 (Bale Redelong). Initial BMKG reference for catchment point Spatial role: provisional_catchment. Area analisis provisional; menunggu konfirmasi batas DAS resmi.,02:00,6,6.0,cukup,"CMA,ECMWF,GFS,ICON,METEOFRANCE,UKMO",Berawan,81.2,Tinggi,14.88,+/-1.37,97.17,+/-1.95,0.0,+/-0.0,14.88,+/-1.37,0.0,33.3,66.7,0.0,0.0,0.0,1.37,1.95,0.0,1.37,7,0.8571,0.0,0.0
gpm4,GPM4,2026-08-23,11.17.05.2002,Bale Redelong,provisional_catchment,yes,4.778238355009202,96.8876539578458,Asia/Jakarta,Forecast Redelong representative point. BMKG ADM4 reference: 11.17.05.2002 (Bale Redelong). Initial BMKG reference for catchment point Spatial role: provisional_catchment. Area analisis provisional; menunggu konfirmasi batas DAS resmi.,03:00,6,6.0,cukup,"CMA,ECMWF,GFS,ICON,METEOFRANCE,UKMO",Berawan,81.3,Tinggi,14.65,+/-1.25,97.0,+/-2.0,0.0,+/-0.0,14.65,+/-1.25,0.0,33.3,66.7,0.0,0.0,0.0,1.25,2.0,0.0,1.25,7,0.8571,0.0,0.0
gpm4,GPM4,2026-08-23,11.17.05.2002,Bale Redelong,provisional_catchment,yes,4.778238355009202,96.8876539578458,Asia/Jakarta,Forecast Redelong representative point. BMKG ADM4 reference: 11.17.05.2002 (Bale Redelong). Initial BMKG reference for catchment point Spatial role: provisional_catchment. Area analisis provisional; menunggu konfirmasi batas DAS resmi.,04:00,6,6.0,cukup,"CMA,ECMWF,GFS,ICON,METEOFRANCE,UKMO",Berawan,81.3,Tinggi,14.42,+/-1.12,97.0,+/-2.31,0.0,+/-0.0,14.42,+/-1.12,0.0,33.3,66.7,0.0,0.0,0.0,1.12,2.31,0.0,1.12,7,0.8571,0.0,0.0
gpm4,GPM4,2026-08-23,11.17.05.2002,Bale Redelong,provisional_catchment,yes,4.778238355009202,96.8876539578458,Asia/Jakarta,Forecast Redelong representative point. BMKG ADM4 reference: 11.17.05.2002 (Bale Redelong). Initial BMKG reference for catchment point Spatial role: provisional_catchment. Area analisis provisional; menunggu konfirmasi batas DAS resmi.,05:00,6,6.0,cukup,"CMA,ECMWF,GFS,ICON,METEOFRANCE,UKMO",Cerah Berawan,77.2,Sedang,14.07,+/-1.03,97.17,+/-1.95,0.0,+/-0.0,14.07,+/-1.03,16.7,50.0,33.3,0.0,0.0,0.0,1.03,1.95,0.0,1.03,7,0.8571,0.0,0.0
gpm4,GPM4,2026-08-23,11.17.05.2002,Bale Redelong,provisional_catchment,yes,4.778238355009202,96.8876539578458,Asia/Jakarta,Forecast Redelong representative point. BMKG ADM4 reference: 11.17.05.2002 (Bale Redelong). Initial BMKG reference for catchment point Spatial role: provisional_catchment. Area analisis provisional; menunggu konfirmasi batas DAS resmi.,06:00,6,6.0,cukup,"CMA,ECMWF,GFS,ICON,METEOFRANCE,UKMO",Berawan,77.3,Sedang,13.73,+/-0.96,97.67,+/-2.21,0.0,+/-0.0,13.73,+/-0.96,16.7,33.3,50.0,0.0,0.0,0.0,0.96,2.21,0.0,0.96,7,0.8571,0.0,0.0
gpm4,GPM4,2026-08-23,11.17.05.2002,Bale Redelong,provisional_catchment,yes,4.778238355009202,96.8876539578458,Asia/Jakarta,Forecast Redelong representative point. BMKG ADM4 reference: 11.17.05.2002 (Bale Redelong). Initial BMKG reference for catchment point Spatial role: provisional_catchment. Area analisis provisional; menunggu konfirmasi batas DAS resmi.,07:00,6,6.0,cukup,"CMA,ECMWF,GFS,ICON,METEOFRANCE,UKMO",Berawan,77.3,Sedang,14.07,+/-0.97,97.4,+/-1.2,0.0,+/-0.0,14.07,+/-0.97,0.0,50.0,50.0,0.0,0.0,0.0,0.97,1.2,0.0,0.97,7,0.8571,0.0,0.0
gpm4,GPM4,2026-08-23,11.17.05.2002,Bale Redelong,provisional_catchment,yes,4.778238355009202,96.8876539578458,Asia/Jakarta,Forecast Redelong representative point. BMKG ADM4 reference: 11.17.05.2002 (Bale Redelong). Initial BMKG reference for catchment point Spatial role: provisional_catchment. Area analisis provisional; menunggu konfirmasi batas DAS resmi.,08:00,6,6.0,cukup,"CMA,ECMWF,GFS,ICON,METEOFRANCE,UKMO",Berawan,77.4,Sedang,16.07,+/-0.89,90.6,+/-1.36,0.0,+/-0.0,16.07,+/-0.89,0.0,50.0,50.0,0.0,0.0,0.0,0.89,1.36,0.0,0.89,7,0.8571,0.0,0.0
gpm4,GPM4,2026-08-23,11.17.05.2002,Bale Redelong,provisional_catchment,yes,4.778238355009202,96.8876539578458,Asia/Jakarta,Forecast Redelong representative point. BMKG ADM4 reference: 11.17.05.2002 (Bale Redelong). Initial BMKG reference for catchment point Spatial role: provisional_catchment. Area analisis provisional; menunggu konfirmasi batas DAS resmi.,09:00,6,6.0,cukup,"CMA,ECMWF,GFS,ICON,METEOFRANCE,UKMO",Berawan,77.0,Sedang,18.68,+/-0.87,78.5,+/-6.16,0.0,+/-0.0,18.68,+/-0.87,0.0,50.0,50.0,0.0,0.0,0.0,0.87,6.16,0.0,0.87,7,0.8571,0.0,0.0
gpm4,GPM4,2026-08-23,11.17.05.2002,Bale Redelong,provisional_catchment,yes,4.778238355009202,96.8876539578458,Asia/Jakarta,Forecast Redelong representative point. BMKG ADM4 reference: 11.17.05.2002 (Bale Redelong). Initial BMKG reference for catchment point Spatial role: provisional_catchment. Area analisis provisional; menunggu konfirmasi batas DAS resmi.,10:00,6,6.0,cukup,"CMA,ECMWF,GFS,ICON,METEOFRANCE,UKMO",Berawan,76.8,Sedang,20.77,+/-0.88,70.5,+/-8.28,0.02,+/-0.04,20.77,+/-0.88,0.0,33.3,50.0,16.7,0.0,0.0,0.88,8.28,0.04,0.88,7,0.8571,0.0,0.0
gpm4,GPM4,2026-08-23,11.17.05.2002,Bale Redelong,provisional_catchment,yes,4.778238355009202,96.8876539578458,Asia/Jakarta,Forecast Redelong representative point. BMKG ADM4 reference: 11.17.05.2002 (Bale Redelong). Initial BMKG reference for catchment point Spatial role: provisional_catchment. Area analisis provisional; menunggu konfirmasi batas DAS resmi.,11:00,6,6.0,cukup,"CMA,ECMWF,GFS,ICON,METEOFRANCE,UKMO",Hujan Ringan,76.2,Sedang,21.67,+/-1.16,68.67,+/-11.57,0.38,+/-0.32,21.67,+/-1.16,0.0,16.7,16.7,50.0,16.7,0.0,1.16,11.57,0.32,1.16,7,0.8571,0.0,0.0
gpm4,GPM4,2026-08-23,11.17.05.2002,Bale Redelong,provisional_catchment,yes,4.778238355009202,96.8876539578458,Asia/Jakarta,Forecast Redelong representative point. BMKG ADM4 reference: 11.17.05.2002 (Bale Redelong). Initial BMKG reference for catchment point Spatial role: provisional_catchment. Area analisis provisional; menunggu konfirmasi batas DAS resmi.,12:00,6,6.0,cukup,"CMA,ECMWF,GFS,ICON,METEOFRANCE,UKMO",Hujan Ringan,80.3,Tinggi,21.63,+/-1.16,72.33,+/-13.49,0.46,+/-0.27,21.63,+/-1.16,0.0,0.0,16.7,66.7,0.0,16.7,1.16,13.49,0.27,1.16,7,0.8571,0.0,0.0
gpm4,GPM4,2026-08-23,11.17.05.2002,Bale Redelong,provisional_catchment,yes,4.778238355009202,96.8876539578458,Asia/Jakarta,Forecast Redelong representative point. BMKG ADM4 reference: 11.17.05.2002 (Bale Redelong). Initial BMKG reference for catchment point Spatial role: provisional_catchment. Area analisis provisional; menunggu konfirmasi batas DAS resmi.,13:00,6,6.0,cukup,"CMA,ECMWF,GFS,ICON,METEOFRANCE,UKMO",Hujan Ringan,80.2,Tinggi,21.15,+/-1.16,76.83,+/-14.3,0.52,+/-0.28,21.15,+/-1.16,0.0,0.0,16.7,66.7,0.0,16.7,1.16,14.3,0.28,1.16,7,0.8571,0.0,0.0
gpm4,GPM4,2026-08-23,11.17.05.2002,Bale Redelong,provisional_catchment,yes,4.778238355009202,96.8876539578458,Asia/Jakarta,Forecast Redelong representative point. BMKG ADM4 reference: 11.17.05.2002 (Bale Redelong). Initial BMKG reference for catchment point Spatial role: provisional_catchment. Area analisis provisional; menunggu konfirmasi batas DAS resmi.,14:00,6,6.0,cukup,"CMA,ECMWF,GFS,ICON,METEOFRANCE,UKMO",Hujan Sedang,71.2,Sedang,20.25,+/-1.31,83.17,+/-12.28,2.62,+/-1.32,20.25,+/-1.31,0.0,0.0,0.0,33.3,33.3,33.3,1.31,12.28,1.32,1.31,7,0.8571,0.0,0.0
gpm4,GPM4,2026-08-23,11.17.05.2002,Bale Redelong,provisional_catchment,yes,4.778238355009202,96.8876539578458,Asia/Jakarta,Forecast Redelong representative point. BMKG ADM4 reference: 11.17.05.2002 (Bale Redelong). Initial BMKG reference for catchment point Spatial role: provisional_catchment. Area analisis provisional; menunggu konfirmasi batas DAS resmi.,15:00,6,6.0,cukup,"CMA,ECMWF,GFS,ICON,METEOFRANCE,UKMO",Hujan Sedang,71.4,Sedang,19.62,+/-1.2,85.67,+/-10.32,2.6,+/-1.34,19.62,+/-1.2,0.0,0.0,0.0,33.3,33.3,33.3,1.2,10.32,1.34,1.2,7,0.8571,0.0,0.0
gpm4,GPM4,2026-08-23,11.17.05.2002,Bale Redelong,provisional_catchment,yes,4.778238355009202,96.8876539578458,Asia/Jakarta,Forecast Redelong representative point. BMKG ADM4 reference: 11.17.05.2002 (Bale Redelong). Initial BMKG reference for catchment point Spatial role: provisional_catchment. Area analisis provisional; menunggu konfirmasi batas DAS resmi.,16:00,6,6.0,cukup,"CMA,ECMWF,GFS,ICON,METEOFRANCE,UKMO",Hujan Sedang,71.5,Sedang,18.97,+/-1.22,88.33,+/-8.77,2.58,+/-1.36,18.97,+/-1.22,0.0,0.0,0.0,33.3,33.3,33.3,1.22,8.77,1.36,1.22,7,0.8571,0.0,0.0
gpm4,GPM4,2026-08-23,11.17.05.2002,Bale Redelong,provisional_catchment,yes,4.778238355009202,96.8876539578458,Asia/Jakarta,Forecast Redelong representative point. BMKG ADM4 reference: 11.17.05.2002 (Bale Redelong). Initial BMKG reference for catchment point Spatial role: provisional_catchment. Area analisis provisional; menunggu konfirmasi batas DAS resmi.,17:00,6,6.0,cukup,"CMA,ECMWF,GFS,ICON,METEOFRANCE,UKMO",Hujan Ringan,80.7,Tinggi,18.33,+/-1.26,90.5,+/-7.34,0.48,+/-0.2,18.33,+/-1.26,0.0,0.0,0.0,66.7,16.7,16.7,1.26,7.34,0.2,1.26,7,0.8571,0.0,0.0
gpm4,GPM4,2026-08-23,11.17.05.2002,Bale Redelong,provisional_catchment,yes,4.778238355009202,96.8876539578458,Asia/Jakarta,Forecast Redelong representative point. BMKG ADM4 reference: 11.17.05.2002 (Bale Redelong). Initial BMKG reference for catchment point Spatial role: provisional_catchment. Area analisis provisional; menunggu konfirmasi batas DAS resmi.,18:00,6,6.0,cukup,"CMA,ECMWF,GFS,ICON,METEOFRANCE,UKMO",Hujan Ringan,81.0,Tinggi,17.65,+/-1.34,95.4,+/-2.58,0.53,+/-0.29,17.65,+/-1.34,0.0,0.0,0.0,66.7,16.7,16.7,1.34,2.58,0.29,1.34,7,0.8571,0.0,0.0
gpm4,GPM4,2026-08-23,11.17.05.2002,Bale Redelong,provisional_catchment,yes,4.778238355009202,96.8876539578458,Asia/Jakarta,Forecast Redelong representative point. BMKG ADM4 reference: 11.17.05.2002 (Bale Redelong). Initial BMKG reference for catchment point Spatial role: provisional_catchment. Area analisis provisional; menunggu konfirmasi batas DAS resmi.,19:00,6,6.0,cukup,"CMA,ECMWF,GFS,ICON,METEOFRANCE,UKMO",Hujan Ringan,80.3,Tinggi,16.93,+/-1.6,97.0,+/-0.89,1.24,+/-1.26,16.93,+/-1.6,0.0,0.0,0.0,66.7,16.7,16.7,1.6,0.89,1.26,1.6,7,0.8571,0.0,0.0
gpm4,GPM4,2026-08-23,11.17.05.2002,Bale Redelong,provisional_catchment,yes,4.778238355009202,96.8876539578458,Asia/Jakarta,Forecast Redelong representative point. BMKG ADM4 reference: 11.17.05.2002 (Bale Redelong). Initial BMKG reference for catchment point Spatial role: provisional_catchment. Area analisis provisional; menunggu konfirmasi batas DAS resmi.,20:00,6,6.0,cukup,"CMA,ECMWF,GFS,ICON,METEOFRANCE,UKMO",Berawan,77.1,Sedang,16.55,+/-1.54,97.4,+/-0.49,0.03,+/-0.04,16.55,+/-1.54,0.0,0.0,50.0,50.0,0.0,0.0,1.54,0.49,0.04,1.54,7,0.8571,0.0,0.0
gpm4,GPM4,2026-08-23,11.17.05.2002,Bale Redelong,provisional_catchment,yes,4.778238355009202,96.8876539578458,Asia/Jakarta,Forecast Redelong representative point. BMKG ADM4 reference: 11.17.05.2002 (Bale Redelong). Initial BMKG reference for catchment point Spatial role: provisional_catchment. Area analisis provisional; menunggu konfirmasi batas DAS resmi.,21:00,6,6.0,cukup,"CMA,ECMWF,GFS,ICON,METEOFRANCE,UKMO",Berawan,77.1,Sedang,16.2,+/-1.45,97.6,+/-1.02,0.03,+/-0.04,16.2,+/-1.45,0.0,0.0,50.0,50.0,0.0,0.0,1.45,1.02,0.04,1.45,7,0.8571,0.0,0.0
gpm4,GPM4,2026-08-23,11.17.05.2002,Bale Redelong,provisional_catchment,yes,4.778238355009202,96.8876539578458,Asia/Jakarta,Forecast Redelong representative point. BMKG ADM4 reference: 11.17.05.2002 (Bale Redelong). Initial BMKG reference for catchment point Spatial role: provisional_catchment. Area analisis provisional; menunggu konfirmasi batas DAS resmi.,22:00,6,6.0,cukup,"CMA,ECMWF,GFS,ICON,METEOFRANCE,UKMO",Berawan,77.0,Sedang,15.88,+/-1.43,96.67,+/-2.43,0.04,+/-0.05,15.88,+/-1.43,0.0,0.0,50.0,50.0,0.0,0.0,1.43,2.43,0.05,1.43,7,0.8571,0.0,0.0
gpm4,GPM4,2026-08-23,11.17.05.2002,Bale Redelong,provisional_catchment,yes,4.778238355009202,96.8876539578458,Asia/Jakarta,Forecast Redelong representative point. BMKG ADM4 reference: 11.17.05.2002 (Bale Redelong). Initial BMKG reference for catchment point Spatial role: provisional_catchment. Area analisis provisional; menunggu konfirmasi batas DAS resmi.,23:00,6,6.0,cukup,"CMA,ECMWF,GFS,ICON,METEOFRANCE,UKMO",Berawan,76.9,Sedang,14.98,+/-0.98,97.17,+/-1.95,0.25,+/-0.52,14.98,+/-0.98,16.7,0.0,50.0,33.3,0.0,0.0,0.98,1.95,0.52,0.98,7,0.8571,0.0,0.0
gpm5,GPM5,2026-08-20,11.17.05.2002,Bale Redelong,provisional_catchment,yes,4.767312077178135,96.94566692384144,Asia/Jakarta,Forecast Redelong representative point. BMKG ADM4 reference: 11.17.05.2002 (Bale Redelong). Initial BMKG reference for catchment point Spatial role: provisional_catchment. Area analisis provisional; menunggu konfirmasi batas DAS resmi.,00:00,6,6.0,cukup,"CMA,ECMWF,GFS,ICON,METEOFRANCE,UKMO",Berawan,88.8,Tinggi,18.0,+/-1.84,78.33,+/-9.01,0.0,+/-0.0,18.0,+/-1.84,0.0,0.0,100.0,0.0,0.0,0.0,1.84,9.01,0.0,1.84,7,0.8571,0.0,0.0
gpm5,GPM5,2026-08-20,11.17.05.2002,Bale Redelong,provisional_catchment,yes,4.767312077178135,96.94566692384144,Asia/Jakarta,Forecast Redelong representative point. BMKG ADM4 reference: 11.17.05.2002 (Bale Redelong). Initial BMKG reference for catchment point Spatial role: provisional_catchment. Area analisis provisional; menunggu konfirmasi batas DAS resmi.,01:00,6,6.0,cukup,"CMA,ECMWF,GFS,ICON,METEOFRANCE,UKMO",Berawan,88.7,Tinggi,17.93,+/-1.84,74.67,+/-10.78,0.0,+/-0.0,17.93,+/-1.84,0.0,0.0,100.0,0.0,0.0,0.0,1.84,10.78,0.0,1.84,7,0.8571,0.0,0.0
gpm5,GPM5,2026-08-20,11.17.05.2002,Bale Redelong,provisional_catchment,yes,4.767312077178135,96.94566692384144,Asia/Jakarta,Forecast Redelong representative point. BMKG ADM4 reference: 11.17.05.2002 (Bale Redelong). Initial BMKG reference for catchment point Spatial role: provisional_catchment. Area analisis provisional; menunggu konfirmasi batas DAS resmi.,02:00,6,6.0,cukup,"CMA,ECMWF,GFS,ICON,METEOFRANCE,UKMO",Berawan,88.6,Tinggi,17.9,+/-1.95,73.0,+/-10.71,0.0,+/-0.0,17.9,+/-1.95,0.0,0.0,100.0,0.0,0.0,0.0,1.95,10.71,0.0,1.95,7,0.8571,0.0,0.0
gpm5,GPM5,2026-08-20,11.17.05.2002,Bale Redelong,provisional_catchment,yes,4.767312077178135,96.94566692384144,Asia/Jakarta,Forecast Redelong representative point. BMKG ADM4 reference: 11.17.05.2002 (Bale Redelong). Initial BMKG reference for catchment point Spatial role: provisional_catchment. Area analisis provisional; menunggu konfirmasi batas DAS resmi.,03:00,6,6.0,cukup,"CMA,ECMWF,GFS,ICON,METEOFRANCE,UKMO",Berawan,88.5,Tinggi,17.52,+/-2.24,72.83,+/-10.82,0.0,+/-0.0,17.52,+/-2.24,0.0,0.0,100.0,0.0,0.0,0.0,2.24,10.82,0.0,2.24,7,0.8571,0.0,0.0
gpm5,GPM5,2026-08-20,11.17.05.2002,Bale Redelong,provisional_catchment,yes,4.767312077178135,96.94566692384144,Asia/Jakarta,Forecast Redelong representative point. BMKG ADM4 reference: 11.17.05.2002 (Bale Redelong). Initial BMKG reference for catchment point Spatial role: provisional_catchment. Area analisis provisional; menunggu konfirmasi batas DAS resmi.,04:00,7,6.6868,cukup,"BMKG,CMA,ECMWF,GFS,ICON,METEOFRANCE,UKMO",Berawan,96.2,Tinggi,17.52,+/-2.02,69.0,+/-6.68,0.0,+/-0.0,17.52,+/-2.02,0.0,0.0,100.0,0.0,0.0,0.0,2.02,6.68,0.0,2.02,7,1.0,25.71,180.0
gpm5,GPM5,2026-08-20,11.17.05.2002,Bale Redelong,provisional_catchment,yes,4.767312077178135,96.94566692384144,Asia/Jakarta,Forecast Redelong representative point. BMKG ADM4 reference: 11.17.05.2002 (Bale Redelong). Initial BMKG reference for catchment point Spatial role: provisional_catchment. Area analisis provisional; menunggu konfirmasi batas DAS resmi.,05:00,7,6.6868,cukup,"BMKG,CMA,ECMWF,GFS,ICON,METEOFRANCE,UKMO",Berawan,92.2,Tinggi,17.34,+/-2.02,73.19,+/-10.05,0.0,+/-0.0,17.34,+/-2.02,0.0,15.0,85.0,0.0,0.0,0.0,2.02,10.05,0.0,2.02,7,1.0,17.14,120.0
gpm5,GPM5,2026-08-20,11.17.05.2002,Bale Redelong,provisional_catchment,yes,4.767312077178135,96.94566692384144,Asia/Jakarta,Forecast Redelong representative point. BMKG ADM4 reference: 11.17.05.2002 (Bale Redelong). Initial BMKG reference for catchment point Spatial role: provisional_catchment. Area analisis provisional; menunggu konfirmasi batas DAS resmi.,06:00,7,6.9366,cukup,"BMKG,CMA,ECMWF,GFS,ICON,METEOFRANCE,UKMO",Berawan,96.9,Tinggi,17.12,+/-1.97,74.33,+/-9.94,0.0,+/-0.0,17.12,+/-1.97,0.0,0.0,100.0,0.0,0.0,0.0,1.97,9.94,0.0,1.97,7,1.0,8.57,60.0
gpm5,GPM5,2026-08-20,11.17.05.2002,Bale Redelong,provisional_catchment,yes,4.767312077178135,96.94566692384144,Asia/Jakarta,Forecast Redelong representative point. BMKG ADM4 reference: 11.17.05.2002 (Bale Redelong). Initial BMKG reference for catchment point Spatial role: provisional_catchment. Area analisis provisional; menunggu konfirmasi batas DAS resmi.,07:00,7,7.2488,cukup,"BMKG,CMA,ECMWF,GFS,ICON,METEOFRANCE,UKMO",Berawan,98.1,Tinggi,17.46,+/-1.62,75.48,+/-9.29,0.0,+/-0.0,17.46,+/-1.62,0.0,0.0,100.0,0.0,0.0,0.0,1.62,9.29,0.0,1.62,7,1.0,0.0,0.0
gpm5,GPM5,2026-08-20,11.17.05.2002,Bale Redelong,provisional_catchment,yes,4.767312077178135,96.94566692384144,Asia/Jakarta,Forecast Redelong representative point. BMKG ADM4 reference: 11.17.05.2002 (Bale Redelong). Initial BMKG reference for catchment point Spatial role: provisional_catchment. Area analisis provisional; menunggu konfirmasi batas DAS resmi.,08:00,7,6.9366,cukup,"BMKG,CMA,ECMWF,GFS,ICON,METEOFRANCE,UKMO",Berawan,97.3,Tinggi,19.14,+/-1.11,72.75,+/-9.23,0.0,+/-0.0,19.14,+/-1.11,0.0,0.0,100.0,0.0,0.0,0.0,1.11,9.23,0.0,1.11,7,1.0,8.57,60.0
gpm5,GPM5,2026-08-20,11.17.05.2002,Bale Redelong,provisional_catchment,yes,4.767312077178135,96.94566692384144,Asia/Jakarta,Forecast Redelong representative point. BMKG ADM4 reference: 11.17.05.2002 (Bale Redelong). Initial BMKG reference for catchment point Spatial role: provisional_catchment. Area analisis provisional; menunggu konfirmasi batas DAS resmi.,09:00,7,6.9366,cukup,"BMKG,CMA,ECMWF,GFS,ICON,METEOFRANCE,UKMO",Berawan,97.2,Tinggi,22.21,+/-0.74,59.15,+/-13.17,0.0,+/-0.0,22.21,+/-0.74,0.0,0.0,100.0,0.0,0.0,0.0,0.74,13.17,0.0,0.74,7,1.0,8.57,60.0
gpm5,GPM5,2026-08-20,11.17.05.2002,Bale Redelong,provisional_catchment,yes,4.767312077178135,96.94566692384144,Asia/Jakarta,Forecast Redelong representative point. BMKG ADM4 reference: 11.17.05.2002 (Bale Redelong). Initial BMKG reference for catchment point Spatial role: provisional_catchment. Area analisis provisional; menunggu konfirmasi batas DAS resmi.,10:00,7,7.2488,cukup,"BMKG,CMA,ECMWF,GFS,ICON,METEOFRANCE,UKMO",Berawan,98.4,Tinggi,23.73,+/-0.8,56.44,+/-11.22,0.0,+/-0.0,23.73,+/-0.8,0.0,0.0,100.0,0.0,0.0,0.0,0.8,11.22,0.0,0.8,7,1.0,0.0,0.0
gpm5,GPM5,2026-08-20,11.17.05.2002,Bale Redelong,provisional_catchment,yes,4.767312077178135,96.94566692384144,Asia/Jakarta,Forecast Redelong representative point. BMKG ADM4 reference: 11.17.05.2002 (Bale Redelong). Initial BMKG reference for catchment point Spatial role: provisional_catchment. Area analisis provisional; menunggu konfirmasi batas DAS resmi.,11:00,7,6.9366,cukup,"BMKG,CMA,ECMWF,GFS,ICON,METEOFRANCE,UKMO",Berawan,97.4,Tinggi,24.87,+/-1.27,58.4,+/-7.58,0.0,+/-0.0,24.87,+/-1.27,0.0,0.0,100.0,0.0,0.0,0.0,1.27,7.58,0.0,1.27,7,1.0,8.57,60.0
gpm5,GPM5,2026-08-20,11.17.05.2002,Bale Redelong,provisional_catchment,yes,4.767312077178135,96.94566692384144,Asia/Jakarta,Forecast Redelong representative point. BMKG ADM4 reference: 11.17.05.2002 (Bale Redelong). Initial BMKG reference for catchment point Spatial role: provisional_catchment. Area analisis provisional; menunggu konfirmasi batas DAS resmi.,12:00,7,6.9366,cukup,"BMKG,CMA,ECMWF,GFS,ICON,METEOFRANCE,UKMO",Berawan,97.0,Tinggi,25.74,+/-1.16,50.07,+/-13.97,0.0,+/-0.0,25.74,+/-1.16,0.0,0.0,100.0,0.0,0.0,0.0,1.16,13.97,0.0,1.16,7,1.0,8.57,60.0
gpm5,GPM5,2026-08-20,11.17.05.2002,Bale Redelong,provisional_catchment,yes,4.767312077178135,96.94566692384144,Asia/Jakarta,Forecast Redelong representative point. BMKG ADM4 reference: 11.17.05.2002 (Bale Redelong). Initial BMKG reference for catchment point Spatial role: provisional_catchment. Area analisis provisional; menunggu konfirmasi batas DAS resmi.,13:00,7,7.2488,cukup,"BMKG,CMA,ECMWF,GFS,ICON,METEOFRANCE,UKMO",Berawan,98.1,Tinggi,25.8,+/-1.18,51.24,+/-12.76,0.0,+/-0.0,26.01,+/-1.44,0.0,0.0,100.0,0.0,0.0,0.0,1.18,12.76,0.0,1.44,7,1.0,0.0,0.0
gpm5,GPM5,2026-08-20,11.17.05.2002,Bale Redelong,provisional_catchment,yes,4.767312077178135,96.94566692384144,Asia/Jakarta,Forecast Redelong representative point. BMKG ADM4 reference: 11.17.05.2002 (Bale Redelong). Initial BMKG reference for catchment point Spatial role: provisional_catchment. Area analisis provisional; menunggu konfirmasi batas DAS resmi.,14:00,7,6.9366,cukup,"BMKG,CMA,ECMWF,GFS,ICON,METEOFRANCE,UKMO",Berawan,89.5,Tinggi,25.45,+/-1.4,56.13,+/-14.26,0.1,+/-0.18,25.45,+/-1.4,0.0,0.0,71.2,28.8,0.0,0.0,1.4,14.26,0.18,1.4,7,1.0,8.57,60.0
gpm5,GPM5,2026-08-20,11.17.05.2002,Bale Redelong,provisional_catchment,yes,4.767312077178135,96.94566692384144,Asia/Jakarta,Forecast Redelong representative point. BMKG ADM4 reference: 11.17.05.2002 (Bale Redelong). Initial BMKG reference for catchment point Spatial role: provisional_catchment. Area analisis provisional; menunggu konfirmasi batas DAS resmi.,15:00,7,6.9366,cukup,"BMKG,CMA,ECMWF,GFS,ICON,METEOFRANCE,UKMO",Berawan,88.9,Tinggi,24.41,+/-1.75,64.85,+/-13.86,0.35,+/-0.74,24.41,+/-1.75,0.0,0.0,71.2,28.8,0.0,0.0,1.75,13.86,0.74,1.75,7,1.0,8.57,60.0
gpm5,GPM5,2026-08-20,11.17.05.2002,Bale Redelong,provisional_catchment,yes,4.767312077178135,96.94566692384144,Asia/Jakarta,Forecast Redelong representative point. BMKG ADM4 reference: 11.17.05.2002 (Bale Redelong). Initial BMKG reference for catchment point Spatial role: provisional_catchment. Area analisis provisional; menunggu konfirmasi batas DAS resmi.,16:00,7,7.2488,cukup,"BMKG,CMA,ECMWF,GFS,ICON,METEOFRANCE,UKMO",Berawan,90.4,Tinggi,23.52,+/-1.6,74.8,+/-8.83,0.53,+/-1.15,23.52,+/-1.6,0.0,0.0,72.4,13.8,13.8,0.0,1.6,8.83,1.15,1.6,7,1.0,0.0,0.0
gpm5,GPM5,2026-08-20,11.17.05.2002,Bale Redelong,provisional_catchment,yes,4.767312077178135,96.94566692384144,Asia/Jakarta,Forecast Redelong representative point. BMKG ADM4 reference: 11.17.05.2002 (Bale Redelong). Initial BMKG reference for catchment point Spatial role: provisional_catchment. Area analisis provisional; menunggu konfirmasi batas DAS resmi.,17:00,7,6.9366,cukup,"BMKG,CMA,ECMWF,GFS,ICON,METEOFRANCE,UKMO",Berawan,86.1,Tinggi,22.72,+/-1.43,76.09,+/-12.11,0.06,+/-0.08,22.72,+/-1.43,0.0,0.0,56.8,43.2,0.0,0.0,1.43,12.11,0.08,1.43,7,1.0,8.57,60.0
gpm5,GPM5,2026-08-20,11.17.05.2002,Bale Redelong,provisional_catchment,yes,4.767312077178135,96.94566692384144,Asia/Jakarta,Forecast Redelong representative point. BMKG ADM4 reference: 11.17.05.2002 (Bale Redelong). Initial BMKG reference for catchment point Spatial role: provisional_catchment. Area analisis provisional; menunggu konfirmasi batas DAS resmi.,18:00,7,6.9366,cukup,"BMKG,CMA,ECMWF,GFS,ICON,METEOFRANCE,UKMO",Berawan,86.3,Tinggi,21.17,+/-1.77,85.57,+/-6.75,0.05,+/-0.08,21.17,+/-1.77,0.0,14.4,56.8,28.8,0.0,0.0,1.77,6.75,0.08,1.77,7,1.0,8.57,60.0
gpm5,GPM5,2026-08-20,11.17.05.2002,Bale Redelong,provisional_catchment,yes,4.767312077178135,96.94566692384144,Asia/Jakarta,Forecast Redelong representative point. BMKG ADM4 reference: 11.17.05.2002 (Bale Redelong). Initial BMKG reference for catchment point Spatial role: provisional_catchment. Area analisis provisional; menunggu konfirmasi batas DAS resmi.,19:00,7,7.2488,cukup,"BMKG,CMA,ECMWF,GFS,ICON,METEOFRANCE,UKMO",Berawan,88.1,Tinggi,19.77,+/-1.59,92.35,+/-4.55,0.07,+/-0.07,19.77,+/-1.59,0.0,0.0,58.6,41.4,0.0,0.0,1.59,4.55,0.07,1.59,7,1.0,0.0,0.0
gpm5,GPM5,2026-08-20,11.17.05.2002,Bale Redelong,provisional_catchment,yes,4.767312077178135,96.94566692384144,Asia/Jakarta,Forecast Redelong representative point. BMKG ADM4 reference: 11.17.05.2002 (Bale Redelong). Initial BMKG reference for catchment point Spatial role: provisional_catchment. Area analisis provisional; menunggu konfirmasi batas DAS resmi.,20:00,7,6.9366,cukup,"BMKG,CMA,ECMWF,GFS,ICON,METEOFRANCE,UKMO",Berawan,93.9,Tinggi,19.36,+/-1.43,94.94,+/-4.74,0.02,+/-0.04,19.36,+/-1.43,0.0,0.0,85.6,14.4,0.0,0.0,1.43,4.74,0.04,1.43,7,1.0,8.57,60.0
gpm5,GPM5,2026-08-20,11.17.05.2002,Bale Redelong,provisional_catchment,yes,4.767312077178135,96.94566692384144,Asia/Jakarta,Forecast Redelong representative point. BMKG ADM4 reference: 11.17.05.2002 (Bale Redelong). Initial BMKG reference for catchment point Spatial role: provisional_catchment. Area analisis provisional; menunggu konfirmasi batas DAS resmi.,21:00,7,6.9366,cukup,"BMKG,CMA,ECMWF,GFS,ICON,METEOFRANCE,UKMO",Berawan,93.8,Tinggi,18.71,+/-1.76,95.48,+/-4.33,0.02,+/-0.04,18.71,+/-1.76,0.0,0.0,85.6,14.4,0.0,0.0,1.76,4.33,0.04,1.76,7,1.0,8.57,60.0
gpm5,GPM5,2026-08-20,11.17.05.2002,Bale Redelong,provisional_catchment,yes,4.767312077178135,96.94566692384144,Asia/Jakarta,Forecast Redelong representative point. BMKG ADM4 reference: 11.17.05.2002 (Bale Redelong). Initial BMKG reference for catchment point Spatial role: provisional_catchment. Area analisis provisional; menunggu konfirmasi batas DAS resmi.,22:00,7,7.2488,cukup,"BMKG,CMA,ECMWF,GFS,ICON,METEOFRANCE,UKMO",Berawan,95.0,Tinggi,18.33,+/-1.84,93.86,+/-4.0,0.02,+/-0.04,18.33,+/-1.84,0.0,0.0,86.2,13.8,0.0,0.0,1.84,4.0,0.04,1.84,7,1.0,0.0,0.0
gpm5,GPM5,2026-08-20,11.17.05.2002,Bale Redelong,provisional_catchment,yes,4.767312077178135,96.94566692384144,Asia/Jakarta,Forecast Redelong representative point. BMKG ADM4 reference: 11.17.05.2002 (Bale Redelong). Initial BMKG reference for catchment point Spatial role: provisional_catchment. Area analisis provisional; menunggu konfirmasi batas DAS resmi.,23:00,7,6.9366,cukup,"BMKG,CMA,ECMWF,GFS,ICON,METEOFRANCE,UKMO",Berawan,97.3,Tinggi,18.0,+/-1.89,93.03,+/-4.22,0.0,+/-0.0,18.0,+/-1.89,0.0,0.0,100.0,0.0,0.0,0.0,1.89,4.22,0.0,1.89,7,1.0,8.57,60.0
gpm5,GPM5,2026-08-21,11.17.05.2002,Bale Redelong,provisional_catchment,yes,4.767312077178135,96.94566692384144,Asia/Jakarta,Forecast Redelong representative point. BMKG ADM4 reference: 11.17.05.2002 (Bale Redelong). Initial BMKG reference for catchment point Spatial role: provisional_catchment. Area analisis provisional; menunggu konfirmasi batas DAS resmi.,00:00,7,6.9284,cukup,"BMKG,CMA,ECMWF,GFS,ICON,METEOFRANCE,UKMO",Berawan,97.4,Tinggi,17.69,+/-1.77,92.71,+/-4.01,0.0,+/-0.0,17.69,+/-1.77,0.0,0.0,100.0,0.0,0.0,0.0,1.77,4.01,0.0,1.77,7,1.0,8.57,60.0
gpm5,GPM5,2026-08-21,11.17.05.2002,Bale Redelong,provisional_catchment,yes,4.767312077178135,96.94566692384144,Asia/Jakarta,Forecast Redelong representative point. BMKG ADM4 reference: 11.17.05.2002 (Bale Redelong). Initial BMKG reference for catchment point Spatial role: provisional_catchment. Area analisis provisional; menunggu konfirmasi batas DAS resmi.,01:00,7,7.2379,cukup,"BMKG,CMA,ECMWF,GFS,ICON,METEOFRANCE,UKMO",Berawan,98.5,Tinggi,17.3,+/-1.7,91.89,+/-3.95,0.0,+/-0.0,17.3,+/-1.7,0.0,0.0,100.0,0.0,0.0,0.0,1.7,3.95,0.0,1.7,7,1.0,0.0,0.0
gpm5,GPM5,2026-08-21,11.17.05.2002,Bale Redelong,provisional_catchment,yes,4.767312077178135,96.94566692384144,Asia/Jakarta,Forecast Redelong representative point. BMKG ADM4 reference: 11.17.05.2002 (Bale Redelong). Initial BMKG reference for catchment point Spatial role: provisional_catchment. Area analisis provisional; menunggu konfirmasi batas DAS resmi.,02:00,7,6.9284,cukup,"BMKG,CMA,ECMWF,GFS,ICON,METEOFRANCE,UKMO",Berawan,97.6,Tinggi,16.54,+/-1.18,91.41,+/-4.49,0.0,+/-0.0,16.54,+/-1.18,0.0,0.0,100.0,0.0,0.0,0.0,1.18,4.49,0.0,1.18,7,1.0,8.57,60.0
gpm5,GPM5,2026-08-21,11.17.05.2002,Bale Redelong,provisional_catchment,yes,4.767312077178135,96.94566692384144,Asia/Jakarta,Forecast Redelong representative point. BMKG ADM4 reference: 11.17.05.2002 (Bale Redelong). Initial BMKG reference for catchment point Spatial role: provisional_catchment. Area analisis provisional; menunggu konfirmasi batas DAS resmi.,03:00,7,6.9284,cukup,"BMKG,CMA,ECMWF,GFS,ICON,METEOFRANCE,UKMO",Berawan,94.5,Tinggi,16.0,+/-0.07,89.03,+/-6.0,0.0,+/-0.0,16.0,+/-0.07,0.0,14.4,85.6,0.0,0.0,0.0,0.07,6.0,0.0,0.07,7,1.0,8.57,60.0
gpm5,GPM5,2026-08-21,11.17.05.2002,Bale Redelong,provisional_catchment,yes,4.767312077178135,96.94566692384144,Asia/Jakarta,Forecast Redelong representative point. BMKG ADM4 reference: 11.17.05.2002 (Bale Redelong). Initial BMKG reference for catchment point Spatial role: provisional_catchment. Area analisis provisional; menunggu konfirmasi batas DAS resmi.,04:00,7,7.2379,cukup,"BMKG,CMA,ECMWF,GFS,ICON,METEOFRANCE,UKMO",Berawan,98.7,Tinggi,15.56,+/-0.69,86.69,+/-8.11,0.0,+/-0.0,15.56,+/-0.69,0.0,0.0,100.0,0.0,0.0,0.0,0.69,8.11,0.0,0.69,7,1.0,0.0,0.0
gpm5,GPM5,2026-08-21,11.17.05.2002,Bale Redelong,provisional_catchment,yes,4.767312077178135,96.94566692384144,Asia/Jakarta,Forecast Redelong representative point. BMKG ADM4 reference: 11.17.05.2002 (Bale Redelong). Initial BMKG reference for catchment point Spatial role: provisional_catchment. Area analisis provisional; menunggu konfirmasi batas DAS resmi.,05:00,7,6.9284,cukup,"BMKG,CMA,ECMWF,GFS,ICON,METEOFRANCE,UKMO",Berawan,93.4,Tinggi,16.52,+/-1.79,85.57,+/-9.27,0.0,+/-0.0,16.52,+/-1.79,0.0,14.4,85.6,0.0,0.0,0.0,1.79,9.27,0.0,1.79,7,1.0,8.57,60.0
gpm5,GPM5,2026-08-21,11.17.05.2002,Bale Redelong,provisional_catchment,yes,4.767312077178135,96.94566692384144,Asia/Jakarta,Forecast Redelong representative point. BMKG ADM4 reference: 11.17.05.2002 (Bale Redelong). Initial BMKG reference for catchment point Spatial role: provisional_catchment. Area analisis provisional; menunggu konfirmasi batas DAS resmi.,06:00,7,6.9284,cukup,"BMKG,CMA,ECMWF,GFS,ICON,METEOFRANCE,UKMO",Berawan,96.9,Tinggi,16.67,+/-1.82,84.06,+/-10.16,0.0,+/-0.0,16.67,+/-1.82,0.0,0.0,100.0,0.0,0.0,0.0,1.82,10.16,0.0,1.82,7,1.0,8.57,60.0
gpm5,GPM5,2026-08-21,11.17.05.2002,Bale Redelong,provisional_catchment,yes,4.767312077178135,96.94566692384144,Asia/Jakarta,Forecast Redelong representative point. BMKG ADM4 reference: 11.17.05.2002 (Bale Redelong). Initial BMKG reference for catchment point Spatial role: provisional_catchment. Area analisis provisional; menunggu konfirmasi batas DAS resmi.,07:00,7,7.2379,cukup,"BMKG,CMA,ECMWF,GFS,ICON,METEOFRANCE,UKMO",Berawan,98.2,Tinggi,17.17,+/-1.48,82.56,+/-9.61,0.0,+/-0.0,17.17,+/-1.48,0.0,0.0,100.0,0.0,0.0,0.0,1.48,9.61,0.0,1.48,7,1.0,0.0,0.0
gpm5,GPM5,2026-08-21,11.17.05.2002,Bale Redelong,provisional_catchment,yes,4.767312077178135,96.94566692384144,Asia/Jakarta,Forecast Redelong representative point. BMKG ADM4 reference: 11.17.05.2002 (Bale Redelong). Initial BMKG reference for catchment point Spatial role: provisional_catchment. Area analisis provisional; menunggu konfirmasi batas DAS resmi.,08:00,7,6.9284,cukup,"BMKG,CMA,ECMWF,GFS,ICON,METEOFRANCE,UKMO",Berawan,97.9,Tinggi,18.88,+/-1.14,81.45,+/-1.82,0.0,+/-0.0,18.88,+/-1.14,0.0,0.0,100.0,0.0,0.0,0.0,1.14,1.82,0.0,1.14,7,1.0,8.57,60.0
gpm5,GPM5,2026-08-21,11.17.05.2002,Bale Redelong,provisional_catchment,yes,4.767312077178135,96.94566692384144,Asia/Jakarta,Forecast Redelong representative point. BMKG ADM4 reference: 11.17.05.2002 (Bale Redelong). Initial BMKG reference for catchment point Spatial role: provisional_catchment. Area analisis provisional; menunggu konfirmasi batas DAS resmi.,09:00,7,6.9284,cukup,"BMKG,CMA,ECMWF,GFS,ICON,METEOFRANCE,UKMO",Berawan,93.8,Tinggi,21.63,+/-0.86,68.92,+/-12.55,0.0,+/-0.0,21.63,+/-0.86,13.4,0.0,86.6,0.0,0.0,0.0,0.86,12.55,0.0,0.86,7,1.0,8.57,60.0
gpm5,GPM5,2026-08-21,11.17.05.2002,Bale Redelong,provisional_catchment,yes,4.767312077178135,96.94566692384144,Asia/Jakarta,Forecast Redelong representative point. BMKG ADM4 reference: 11.17.05.2002 (Bale Redelong). Initial BMKG reference for catchment point Spatial role: provisional_catchment. Area analisis provisional; menunggu konfirmasi batas DAS resmi.,10:00,7,7.2379,cukup,"BMKG,CMA,ECMWF,GFS,ICON,METEOFRANCE,UKMO",Berawan,94.2,Tinggi,23.08,+/-0.75,61.02,+/-10.31,0.0,+/-0.0,23.08,+/-0.75,17.1,0.0,82.9,0.0,0.0,0.0,0.75,10.31,0.0,0.75,7,1.0,0.0,0.0
gpm5,GPM5,2026-08-21,11.17.05.2002,Bale Redelong,provisional_catchment,yes,4.767312077178135,96.94566692384144,Asia/Jakarta,Forecast Redelong representative point. BMKG ADM4 reference: 11.17.05.2002 (Bale Redelong). Initial BMKG reference for catchment point Spatial role: provisional_catchment. Area analisis provisional; menunggu konfirmasi batas DAS resmi.,11:00,7,6.9284,cukup,"BMKG,CMA,ECMWF,GFS,ICON,METEOFRANCE,UKMO",Berawan,86.4,Tinggi,24.28,+/-1.09,58.24,+/-10.63,0.2,+/-0.4,24.28,+/-1.09,13.4,0.0,57.7,28.9,0.0,0.0,1.09,10.63,0.4,1.09,7,1.0,8.57,60.0
gpm5,GPM5,2026-08-21,11.17.05.2002,Bale Redelong,provisional_catchment,yes,4.767312077178135,96.94566692384144,Asia/Jakarta,Forecast Redelong representative point. BMKG ADM4 reference: 11.17.05.2002 (Bale Redelong). Initial BMKG reference for catchment point Spatial role: provisional_catchment. Area analisis provisional; menunggu konfirmasi batas DAS resmi.,12:00,7,6.9284,cukup,"BMKG,CMA,ECMWF,GFS,ICON,METEOFRANCE,UKMO",Berawan,89.7,Tinggi,25.3,+/-0.7,58.53,+/-12.72,0.2,+/-0.4,25.3,+/-0.7,0.0,0.0,71.1,28.9,0.0,0.0,0.7,12.72,0.4,0.7,7,1.0,8.57,60.0
gpm5,GPM5,2026-08-21,11.17.05.2002,Bale Redelong,provisional_catchment,yes,4.767312077178135,96.94566692384144,Asia/Jakarta,Forecast Redelong representative point. BMKG ADM4 reference: 11.17.05.2002 (Bale Redelong). Initial BMKG reference for catchment point Spatial role: provisional_catchment. Area analisis provisional; menunggu konfirmasi batas DAS resmi.,13:00,7,7.2379,cukup,"BMKG,CMA,ECMWF,GFS,ICON,METEOFRANCE,UKMO",Berawan,90.4,Tinggi,25.15,+/-2.23,59.91,+/-16.03,0.04,+/-0.05,25.41,+/-2.58,0.0,0.0,72.4,27.6,0.0,0.0,2.23,16.03,0.05,2.58,7,1.0,0.0,0.0
gpm5,GPM5,2026-08-21,11.17.05.2002,Bale Redelong,provisional_catchment,yes,4.767312077178135,96.94566692384144,Asia/Jakarta,Forecast Redelong representative point. BMKG ADM4 reference: 11.17.05.2002 (Bale Redelong). Initial BMKG reference for catchment point Spatial role: provisional_catchment. Area analisis provisional; menunggu konfirmasi batas DAS resmi.,14:00,7,6.9284,cukup,"BMKG,CMA,ECMWF,GFS,ICON,METEOFRANCE,UKMO",Hujan Ringan,81.5,Tinggi,24.91,+/-2.4,63.72,+/-17.99,0.32,+/-0.41,25.21,+/-2.78,0.0,0.0,42.3,43.3,0.0,14.4,2.4,17.99,0.41,2.78,7,1.0,8.57,60.0
gpm5,GPM5,2026-08-21,11.17.05.2002,Bale Redelong,provisional_catchment,yes,4.767312077178135,96.94566692384144,Asia/Jakarta,Forecast Redelong representative point. BMKG ADM4 reference: 11.17.05.2002 (Bale Redelong). Initial BMKG reference for catchment point Spatial role: provisional_catchment. Area analisis provisional; menunggu konfirmasi batas DAS resmi.,15:00,7,6.9284,cukup,"BMKG,CMA,ECMWF,GFS,ICON,METEOFRANCE,UKMO",Hujan Ringan,85.6,Tinggi,24.07,+/-2.22,69.67,+/-16.57,0.12,+/-0.08,24.38,+/-2.69,0.0,13.4,14.4,57.7,0.0,14.4,2.22,16.57,0.08,2.69,7,1.0,8.57,60.0
gpm5,GPM5,2026-08-21,11.17.05.2002,Bale Redelong,provisional_catchment,yes,4.767312077178135,96.94566692384144,Asia/Jakarta,Forecast Redelong representative point. BMKG ADM4 reference: 11.17.05.2002 (Bale Redelong). Initial BMKG reference for catchment point Spatial role: provisional_catchment. Area analisis provisional; menunggu konfirmasi batas DAS resmi.,16:00,7,7.2379,cukup,"BMKG,CMA,ECMWF,GFS,ICON,METEOFRANCE,UKMO",Hujan Ringan,85.8,Tinggi,23.35,+/-1.94,74.65,+/-15.85,0.58,+/-0.64,23.35,+/-1.94,0.0,17.1,13.8,55.3,0.0,13.8,1.94,15.85,0.64,1.94,7,1.0,0.0,0.0
gpm5,GPM5,2026-08-21,11.17.05.2002,Bale Redelong,provisional_catchment,yes,4.767312077178135,96.94566692384144,Asia/Jakarta,Forecast Redelong representative point. BMKG ADM4 reference: 11.17.05.2002 (Bale Redelong). Initial BMKG reference for catchment point Spatial role: provisional_catchment. Area analisis provisional; menunggu konfirmasi batas DAS resmi.,17:00,7,6.9284,cukup,"BMKG,CMA,ECMWF,GFS,ICON,METEOFRANCE,UKMO",Hujan Ringan,92.8,Tinggi,22.44,+/-1.58,80.78,+/-14.08,0.9,+/-0.8,22.44,+/-1.58,0.0,13.4,0.0,86.6,0.0,0.0,1.58,14.08,0.8,1.58,7,1.0,8.57,60.0
gpm5,GPM5,2026-08-21,11.17.05.2002,Bale Redelong,provisional_catchment,yes,4.767312077178135,96.94566692384144,Asia/Jakarta,Forecast Redelong representative point. BMKG ADM4 reference: 11.17.05.2002 (Bale Redelong). Initial BMKG reference for catchment point Spatial role: provisional_catchment. Area analisis provisional; menunggu konfirmasi batas DAS resmi.,18:00,7,6.9284,cukup,"BMKG,CMA,ECMWF,GFS,ICON,METEOFRANCE,UKMO",Hujan Ringan,93.7,Tinggi,20.73,+/-1.7,90.35,+/-6.43,0.34,+/-0.21,20.73,+/-1.7,0.0,13.4,0.0,86.6,0.0,0.0,1.7,6.43,0.21,1.7,7,1.0,8.57,60.0
gpm5,GPM5,2026-08-21,11.17.05.2002,Bale Redelong,provisional_catchment,yes,4.767312077178135,96.94566692384144,Asia/Jakarta,Forecast Redelong representative point. BMKG ADM4 reference: 11.17.05.2002 (Bale Redelong). Initial BMKG reference for catchment point Spatial role: provisional_catchment. Area analisis provisional; menunggu konfirmasi batas DAS resmi.,19:00,7,7.2379,cukup,"BMKG,CMA,ECMWF,GFS,ICON,METEOFRANCE,UKMO",Hujan Ringan,90.6,Tinggi,19.71,+/-1.58,93.53,+/-5.25,0.23,+/-0.11,19.71,+/-1.58,0.0,17.1,13.8,69.1,0.0,0.0,1.58,5.25,0.11,1.58,7,1.0,0.0,0.0
gpm5,GPM5,2026-08-21,11.17.05.2002,Bale Redelong,provisional_catchment,yes,4.767312077178135,96.94566692384144,Asia/Jakarta,Forecast Redelong representative point. BMKG ADM4 reference: 11.17.05.2002 (Bale Redelong). Initial BMKG reference for catchment point Spatial role: provisional_catchment. Area analisis provisional; menunggu konfirmasi batas DAS resmi.,20:00,7,6.9284,cukup,"BMKG,CMA,ECMWF,GFS,ICON,METEOFRANCE,UKMO",Berawan,94.1,Tinggi,19.37,+/-1.46,95.11,+/-5.06,0.0,+/-0.0,19.37,+/-1.46,0.0,13.4,86.6,0.0,0.0,0.0,1.46,5.06,0.0,1.46,7,1.0,8.57,60.0
gpm5,GPM5,2026-08-21,11.17.05.2002,Bale Redelong,provisional_catchment,yes,4.767312077178135,96.94566692384144,Asia/Jakarta,Forecast Redelong representative point. BMKG ADM4 reference: 11.17.05.2002 (Bale Redelong). Initial BMKG reference for catchment point Spatial role: provisional_catchment. Area analisis provisional; menunggu konfirmasi batas DAS resmi.,21:00,7,6.9284,cukup,"BMKG,CMA,ECMWF,GFS,ICON,METEOFRANCE,UKMO",Berawan,97.5,Tinggi,18.88,+/-1.56,95.09,+/-4.27,0.0,+/-0.0,18.88,+/-1.56,0.0,0.0,100.0,0.0,0.0,0.0,1.56,4.27,0.0,1.56,7,1.0,8.57,60.0
gpm5,GPM5,2026-08-21,11.17.05.2002,Bale Redelong,provisional_catchment,yes,4.767312077178135,96.94566692384144,Asia/Jakarta,Forecast Redelong representative point. BMKG ADM4 reference: 11.17.05.2002 (Bale Redelong). Initial BMKG reference for catchment point Spatial role: provisional_catchment. Area analisis provisional; menunggu konfirmasi batas DAS resmi.,22:00,7,7.2379,cukup,"BMKG,CMA,ECMWF,GFS,ICON,METEOFRANCE,UKMO",Berawan,98.5,Tinggi,18.58,+/-1.52,94.01,+/-4.42,0.0,+/-0.0,18.58,+/-1.52,0.0,0.0,100.0,0.0,0.0,0.0,1.52,4.42,0.0,1.52,7,1.0,0.0,0.0
gpm5,GPM5,2026-08-21,11.17.05.2002,Bale Redelong,provisional_catchment,yes,4.767312077178135,96.94566692384144,Asia/Jakarta,Forecast Redelong representative point. BMKG ADM4 reference: 11.17.05.2002 (Bale Redelong). Initial BMKG reference for catchment point Spatial role: provisional_catchment. Area analisis provisional; menunggu konfirmasi batas DAS resmi.,23:00,7,6.9284,cukup,"BMKG,CMA,ECMWF,GFS,ICON,METEOFRANCE,UKMO",Berawan,97.6,Tinggi,18.21,+/-1.63,95.33,+/-2.36,0.0,+/-0.0,18.21,+/-1.63,0.0,0.0,100.0,0.0,0.0,0.0,1.63,2.36,0.0,1.63,7,1.0,8.57,60.0
gpm5,GPM5,2026-08-22,11.17.05.2002,Bale Redelong,provisional_catchment,yes,4.767312077178135,96.94566692384144,Asia/Jakarta,Forecast Redelong representative point. BMKG ADM4 reference: 11.17.05.2002 (Bale Redelong). Initial BMKG reference for catchment point Spatial role: provisional_catchment. Area analisis provisional; menunggu konfirmasi batas DAS resmi.,00:00,7,6.9312,cukup,"BMKG,CMA,ECMWF,GFS,ICON,METEOFRANCE,UKMO",Berawan,97.6,Tinggi,18.0,+/-1.5,95.17,+/-2.85,0.0,+/-0.0,18.0,+/-1.5,0.0,0.0,100.0,0.0,0.0,0.0,1.5,2.85,0.0,1.5,7,1.0,8.57,60.0
gpm5,GPM5,2026-08-22,11.17.05.2002,Bale Redelong,provisional_catchment,yes,4.767312077178135,96.94566692384144,Asia/Jakarta,Forecast Redelong representative point. BMKG ADM4 reference: 11.17.05.2002 (Bale Redelong). Initial BMKG reference for catchment point Spatial role: provisional_catchment. Area analisis provisional; menunggu konfirmasi batas DAS resmi.,01:00,7,7.2416,cukup,"BMKG,CMA,ECMWF,GFS,ICON,METEOFRANCE,UKMO",Berawan,95.1,Tinggi,17.32,+/-1.17,92.32,+/-6.19,0.0,+/-0.0,17.32,+/-1.17,13.8,0.0,86.2,0.0,0.0,0.0,1.17,6.19,0.0,1.17,7,1.0,0.0,0.0
gpm5,GPM5,2026-08-22,11.17.05.2002,Bale Redelong,provisional_catchment,yes,4.767312077178135,96.94566692384144,Asia/Jakarta,Forecast Redelong representative point. BMKG ADM4 reference: 11.17.05.2002 (Bale Redelong). Initial BMKG reference for catchment point Spatial role: provisional_catchment. Area analisis provisional; menunggu konfirmasi batas DAS resmi.,02:00,7,6.9312,cukup,"BMKG,CMA,ECMWF,GFS,ICON,METEOFRANCE,UKMO",Berawan,94.2,Tinggi,17.37,+/-0.74,93.41,+/-5.82,0.0,+/-0.0,17.37,+/-0.74,14.4,0.0,85.6,0.0,0.0,0.0,0.74,5.82,0.0,0.74,7,1.0,8.57,60.0
gpm5,GPM5,2026-08-22,11.17.05.2002,Bale Redelong,provisional_catchment,yes,4.767312077178135,96.94566692384144,Asia/Jakarta,Forecast Redelong representative point. BMKG ADM4 reference: 11.17.05.2002 (Bale Redelong). Initial BMKG reference for catchment point Spatial role: provisional_catchment. Area analisis provisional; menunggu konfirmasi batas DAS resmi.,03:00,7,6.9312,cukup,"BMKG,CMA,ECMWF,GFS,ICON,METEOFRANCE,UKMO",Berawan,87.0,Tinggi,16.91,+/-1.65,95.67,+/-2.62,0.0,+/-0.0,16.91,+/-1.65,27.9,14.4,57.7,0.0,0.0,0.0,1.65,2.62,0.0,1.65,7,1.0,8.57,60.0
gpm5,GPM5,2026-08-22,11.17.05.2002,Bale Redelong,provisional_catchment,yes,4.767312077178135,96.94566692384144,Asia/Jakarta,Forecast Redelong representative point. BMKG ADM4 reference: 11.17.05.2002 (Bale Redelong). Initial BMKG reference for catchment point Spatial role: provisional_catchment. Area analisis provisional; menunggu konfirmasi batas DAS resmi.,04:00,7,7.2416,cukup,"BMKG,CMA,ECMWF,GFS,ICON,METEOFRANCE,UKMO",Berawan,87.1,Tinggi,16.73,+/-1.6,92.81,+/-6.68,0.0,+/-0.0,16.73,+/-1.6,31.0,13.8,55.2,0.0,0.0,0.0,1.6,6.68,0.0,1.6,7,1.0,0.0,0.0
gpm5,GPM5,2026-08-22,11.17.05.2002,Bale Redelong,provisional_catchment,yes,4.767312077178135,96.94566692384144,Asia/Jakarta,Forecast Redelong representative point. BMKG ADM4 reference: 11.17.05.2002 (Bale Redelong). Initial BMKG reference for catchment point Spatial role: provisional_catchment. Area analisis provisional; menunggu konfirmasi batas DAS resmi.,05:00,7,6.9312,cukup,"BMKG,CMA,ECMWF,GFS,ICON,METEOFRANCE,UKMO",Berawan,86.8,Tinggi,16.71,+/-1.47,92.99,+/-6.02,0.0,+/-0.0,16.71,+/-1.47,13.4,28.9,57.7,0.0,0.0,0.0,1.47,6.02,0.0,1.47,7,1.0,8.57,60.0
gpm5,GPM5,2026-08-22,11.17.05.2002,Bale Redelong,provisional_catchment,yes,4.767312077178135,96.94566692384144,Asia/Jakarta,Forecast Redelong representative point. BMKG ADM4 reference: 11.17.05.2002 (Bale Redelong). Initial BMKG reference for catchment point Spatial role: provisional_catchment. Area analisis provisional; menunggu konfirmasi batas DAS resmi.,06:00,7,6.9312,cukup,"BMKG,CMA,ECMWF,GFS,ICON,METEOFRANCE,UKMO",Berawan,86.8,Tinggi,17.21,+/-1.43,92.42,+/-6.04,0.0,+/-0.0,17.21,+/-1.43,13.4,28.9,57.7,0.0,0.0,0.0,1.43,6.04,0.0,1.43,7,1.0,8.57,60.0
gpm5,GPM5,2026-08-22,11.17.05.2002,Bale Redelong,provisional_catchment,yes,4.767312077178135,96.94566692384144,Asia/Jakarta,Forecast Redelong representative point. BMKG ADM4 reference: 11.17.05.2002 (Bale Redelong). Initial BMKG reference for catchment point Spatial role: provisional_catchment. Area analisis provisional; menunggu konfirmasi batas DAS resmi.,07:00,7,7.2416,cukup,"BMKG,CMA,ECMWF,GFS,ICON,METEOFRANCE,UKMO",Berawan,90.9,Tinggi,17.77,+/-1.18,89.91,+/-5.79,0.0,+/-0.0,17.77,+/-1.18,17.1,13.8,69.0,0.0,0.0,0.0,1.18,5.79,0.0,1.18,7,1.0,0.0,0.0
gpm5,GPM5,2026-08-22,11.17.05.2002,Bale Redelong,provisional_catchment,yes,4.767312077178135,96.94566692384144,Asia/Jakarta,Forecast Redelong representative point. BMKG ADM4 reference: 11.17.05.2002 (Bale Redelong). Initial BMKG reference for catchment point Spatial role: provisional_catchment. Area analisis provisional; menunggu konfirmasi batas DAS resmi.,08:00,7,6.9312,cukup,"BMKG,CMA,ECMWF,GFS,ICON,METEOFRANCE,UKMO",Berawan,87.2,Tinggi,19.46,+/-0.85,85.49,+/-4.48,0.0,+/-0.0,19.46,+/-0.85,13.4,28.9,57.7,0.0,0.0,0.0,0.85,4.48,0.0,0.85,7,1.0,8.57,60.0
gpm5,GPM5,2026-08-22,11.17.05.2002,Bale Redelong,provisional_catchment,yes,4.767312077178135,96.94566692384144,Asia/Jakarta,Forecast Redelong representative point. BMKG ADM4 reference: 11.17.05.2002 (Bale Redelong). Initial BMKG reference for catchment point Spatial role: provisional_catchment. Area analisis provisional; menunggu konfirmasi batas DAS resmi.,09:00,7,6.9312,cukup,"BMKG,CMA,ECMWF,GFS,ICON,METEOFRANCE,UKMO",Berawan,86.7,Tinggi,22.1,+/-1.01,74.21,+/-10.4,0.0,+/-0.0,22.1,+/-1.01,27.9,14.4,57.7,0.0,0.0,0.0,1.01,10.4,0.0,1.01,7,1.0,8.57,60.0
gpm5,GPM5,2026-08-22,11.17.05.2002,Bale Redelong,provisional_catchment,yes,4.767312077178135,96.94566692384144,Asia/Jakarta,Forecast Redelong representative point. BMKG ADM4 reference: 11.17.05.2002 (Bale Redelong). Initial BMKG reference for catchment point Spatial role: provisional_catchment. Area analisis provisional; menunggu konfirmasi batas DAS resmi.,10:00,7,7.2416,cukup,"BMKG,CMA,ECMWF,GFS,ICON,METEOFRANCE,UKMO",Berawan,87.1,Tinggi,23.57,+/-1.01,69.16,+/-11.2,0.0,+/-0.0,23.57,+/-1.01,31.0,13.8,55.2,0.0,0.0,0.0,1.01,11.2,0.0,1.01,7,1.0,0.0,0.0
gpm5,GPM5,2026-08-22,11.17.05.2002,Bale Redelong,provisional_catchment,yes,4.767312077178135,96.94566692384144,Asia/Jakarta,Forecast Redelong representative point. BMKG ADM4 reference: 11.17.05.2002 (Bale Redelong). Initial BMKG reference for catchment point Spatial role: provisional_catchment. Area analisis provisional; menunggu konfirmasi batas DAS resmi.,11:00,7,6.9312,cukup,"BMKG,CMA,ECMWF,GFS,ICON,METEOFRANCE,UKMO",Hujan Ringan,86.1,Tinggi,24.22,+/-1.46,69.3,+/-13.09,0.3,+/-0.28,24.22,+/-1.46,13.4,14.4,14.4,57.7,0.0,0.0,1.46,13.09,0.28,1.46,7,1.0,8.57,60.0
gpm5,GPM5,2026-08-22,11.17.05.2002,Bale Redelong,provisional_catchment,yes,4.767312077178135,96.94566692384144,Asia/Jakarta,Forecast Redelong representative point. BMKG ADM4 reference: 11.17.05.2002 (Bale Redelong). Initial BMKG reference for catchment point Spatial role: provisional_catchment. Area analisis provisional; menunggu konfirmasi batas DAS resmi.,12:00,7,6.9312,cukup,"BMKG,CMA,ECMWF,GFS,ICON,METEOFRANCE,UKMO",Hujan Ringan,89.2,Tinggi,24.85,+/-1.81,69.27,+/-18.02,0.34,+/-0.27,25.2,+/-2.32,14.4,13.4,0.0,72.1,0.0,0.0,1.81,18.02,0.27,2.32,7,1.0,8.57,60.0
gpm5,GPM5,2026-08-22,11.17.05.2002,Bale Redelong,provisional_catchment,yes,4.767312077178135,96.94566692384144,Asia/Jakarta,Forecast Redelong representative point. BMKG ADM4 reference: 11.17.05.2002 (Bale Redelong). Initial BMKG reference for catchment point Spatial role: provisional_catchment. Area analisis provisional; menunggu konfirmasi batas DAS resmi.,13:00,7,7.2416,cukup,"BMKG,CMA,ECMWF,GFS,ICON,METEOFRANCE,UKMO",Hujan Ringan,85.3,Tinggi,24.84,+/-2.07,69.89,+/-20.53,0.85,+/-0.79,25.23,+/-2.63,0.0,17.1,13.8,55.2,0.0,13.8,2.07,20.53,0.79,2.63,7,1.0,0.0,0.0
gpm5,GPM5,2026-08-22,11.17.05.2002,Bale Redelong,provisional_catchment,yes,4.767312077178135,96.94566692384144,Asia/Jakarta,Forecast Redelong representative point. BMKG ADM4 reference: 11.17.05.2002 (Bale Redelong). Initial BMKG reference for catchment point Spatial role: provisional_catchment. Area analisis provisional; menunggu konfirmasi batas DAS resmi.,14:00,7,6.9312,cukup,"BMKG,CMA,ECMWF,GFS,ICON,METEOFRANCE,UKMO",Hujan Lebat,80.9,Tinggi,23.78,+/-1.94,76.34,+/-17.95,2.26,+/-1.57,23.78,+/-1.94,0.0,13.4,0.0,28.9,14.4,43.3,1.94,17.95,1.57,1.94,7,1.0,8.57,60.0
gpm5,GPM5,2026-08-22,11.17.05.2002,Bale Redelong,provisional_catchment,yes,4.767312077178135,96.94566692384144,Asia/Jakarta,Forecast Redelong representative point. BMKG ADM4 reference: 11.17.05.2002 (Bale Redelong). Initial BMKG reference for catchment point Spatial role: provisional_catchment. Area analisis provisional; menunggu konfirmasi batas DAS resmi.,15:00,7,6.9312,cukup,"BMKG,CMA,ECMWF,GFS,ICON,METEOFRANCE,UKMO",Hujan Ringan,82.2,Tinggi,22.64,+/-1.76,90.6,+/-3.01,2.34,+/-1.52,22.64,+/-1.76,0.0,13.4,0.0,43.3,14.4,28.9,1.76,3.01,1.52,1.76,7,1.0,8.57,60.0
gpm5,GPM5,2026-08-22,11.17.05.2002,Bale Redelong,provisional_catchment,yes,4.767312077178135,96.94566692384144,Asia/Jakarta,Forecast Redelong representative point. BMKG ADM4 reference: 11.17.05.2002 (Bale Redelong). Initial BMKG reference for catchment point Spatial role: provisional_catchment. Area analisis provisional; menunggu konfirmasi batas DAS resmi.,16:00,7,7.2416,cukup,"BMKG,CMA,ECMWF,GFS,ICON,METEOFRANCE,UKMO",Hujan Ringan,82.7,Tinggi,22.32,+/-1.57,91.2,+/-3.71,2.54,+/-1.59,22.32,+/-1.57,0.0,17.1,0.0,41.4,13.8,27.6,1.57,3.71,1.59,1.57,7,1.0,0.0,0.0
gpm5,GPM5,2026-08-22,11.17.05.2002,Bale Redelong,provisional_catchment,yes,4.767312077178135,96.94566692384144,Asia/Jakarta,Forecast Redelong representative point. BMKG ADM4 reference: 11.17.05.2002 (Bale Redelong). Initial BMKG reference for catchment point Spatial role: provisional_catchment. Area analisis provisional; menunggu konfirmasi batas DAS resmi.,17:00,7,6.9312,cukup,"BMKG,CMA,ECMWF,GFS,ICON,METEOFRANCE,UKMO",Hujan Ringan,89.8,Tinggi,21.87,+/-1.49,89.5,+/-6.78,0.97,+/-0.75,21.87,+/-1.49,0.0,13.4,0.0,72.1,0.0,14.4,1.49,6.78,0.75,1.49,7,1.0,8.57,60.0
gpm5,GPM5,2026-08-22,11.17.05.2002,Bale Redelong,provisional_catchment,yes,4.767312077178135,96.94566692384144,Asia/Jakarta,Forecast Redelong representative point. BMKG ADM4 reference: 11.17.05.2002 (Bale Redelong). Initial BMKG reference for catchment point Spatial role: provisional_catchment. Area analisis provisional; menunggu konfirmasi batas DAS resmi.,18:00,7,6.9312,cukup,"BMKG,CMA,ECMWF,GFS,ICON,METEOFRANCE,UKMO",Hujan Ringan,93.9,Tinggi,20.76,+/-1.47,93.27,+/-3.25,0.73,+/-0.44,20.76,+/-1.47,0.0,13.4,0.0,86.6,0.0,0.0,1.47,3.25,0.44,1.47,7,1.0,8.57,60.0
gpm5,GPM5,2026-08-22,11.17.05.2002,Bale Redelong,provisional_catchment,yes,4.767312077178135,96.94566692384144,Asia/Jakarta,Forecast Redelong representative point. BMKG ADM4 reference: 11.17.05.2002 (Bale Redelong). Initial BMKG reference for catchment point Spatial role: provisional_catchment. Area analisis provisional; menunggu konfirmasi batas DAS resmi.,19:00,7,7.2416,cukup,"BMKG,CMA,ECMWF,GFS,ICON,METEOFRANCE,UKMO",Hujan Ringan,90.9,Tinggi,19.93,+/-1.49,96.1,+/-1.24,0.24,+/-0.21,19.93,+/-1.49,0.0,17.1,13.8,69.0,0.0,0.0,1.49,1.24,0.21,1.49,7,1.0,0.0,0.0
gpm5,GPM5,2026-08-22,11.17.05.2002,Bale Redelong,provisional_catchment,yes,4.767312077178135,96.94566692384144,Asia/Jakarta,Forecast Redelong representative point. BMKG ADM4 reference: 11.17.05.2002 (Bale Redelong). Initial BMKG reference for catchment point Spatial role: provisional_catchment. Area analisis provisional; menunggu konfirmasi batas DAS resmi.,20:00,7,6.9312,cukup,"BMKG,CMA,ECMWF,GFS,ICON,METEOFRANCE,UKMO",Hujan Ringan,83.5,Tinggi,19.58,+/-1.53,96.88,+/-1.24,0.08,+/-0.09,19.58,+/-1.53,14.4,13.4,28.9,43.3,0.0,0.0,1.53,1.24,0.09,1.53,7,1.0,8.57,60.0
gpm5,GPM5,2026-08-22,11.17.05.2002,Bale Redelong,provisional_catchment,yes,4.767312077178135,96.94566692384144,Asia/Jakarta,Forecast Redelong representative point. BMKG ADM4 reference: 11.17.05.2002 (Bale Redelong). Initial BMKG reference for catchment point Spatial role: provisional_catchment. Area analisis provisional; menunggu konfirmasi batas DAS resmi.,21:00,7,6.9312,cukup,"BMKG,CMA,ECMWF,GFS,ICON,METEOFRANCE,UKMO",Hujan Ringan,86.9,Tinggi,18.99,+/-1.81,97.7,+/-1.28,0.1,+/-0.08,18.99,+/-1.81,0.0,0.0,42.3,57.7,0.0,0.0,1.81,1.28,0.08,1.81,7,1.0,8.57,60.0
gpm5,GPM5,2026-08-22,11.17.05.2002,Bale Redelong,provisional_catchment,yes,4.767312077178135,96.94566692384144,Asia/Jakarta,Forecast Redelong representative point. BMKG ADM4 reference: 11.17.05.2002 (Bale Redelong). Initial BMKG reference for catchment point Spatial role: provisional_catchment. Area analisis provisional; menunggu konfirmasi batas DAS resmi.,22:00,7,7.2416,cukup,"BMKG,CMA,ECMWF,GFS,ICON,METEOFRANCE,UKMO",Hujan Ringan,87.7,Tinggi,18.06,+/-1.11,97.34,+/-2.17,0.12,+/-0.09,18.06,+/-1.11,0.0,0.0,44.8,55.2,0.0,0.0,1.11,2.17,0.09,1.11,7,1.0,0.0,0.0
gpm5,GPM5,2026-08-22,11.17.05.2002,Bale Redelong,provisional_catchment,yes,4.767312077178135,96.94566692384144,Asia/Jakarta,Forecast Redelong representative point. BMKG ADM4 reference: 11.17.05.2002 (Bale Redelong). Initial BMKG reference for catchment point Spatial role: provisional_catchment. Area analisis provisional; menunggu konfirmasi batas DAS resmi.,23:00,7,6.9312,cukup,"BMKG,CMA,ECMWF,GFS,ICON,METEOFRANCE,UKMO",Berawan,91.0,Tinggi,17.13,+/-0.11,96.69,+/-3.42,0.05,+/-0.08,17.13,+/-0.11,0.0,0.0,71.1,28.9,0.0,0.0,0.11,3.42,0.08,0.11,7,1.0,8.57,60.0
gpm5,GPM5,2026-08-23,11.17.05.2002,Bale Redelong,provisional_catchment,yes,4.767312077178135,96.94566692384144,Asia/Jakarta,Forecast Redelong representative point. BMKG ADM4 reference: 11.17.05.2002 (Bale Redelong). Initial BMKG reference for catchment point Spatial role: provisional_catchment. Area analisis provisional; menunggu konfirmasi batas DAS resmi.,00:00,6,6.0,cukup,"CMA,ECMWF,GFS,ICON,METEOFRANCE,UKMO",Berawan,76.9,Sedang,18.45,+/-1.67,97.8,+/-1.47,0.03,+/-0.05,18.45,+/-1.67,0.0,16.7,50.0,33.3,0.0,0.0,1.67,1.47,0.05,1.67,7,0.8571,0.0,0.0
gpm5,GPM5,2026-08-23,11.17.05.2002,Bale Redelong,provisional_catchment,yes,4.767312077178135,96.94566692384144,Asia/Jakarta,Forecast Redelong representative point. BMKG ADM4 reference: 11.17.05.2002 (Bale Redelong). Initial BMKG reference for catchment point Spatial role: provisional_catchment. Area analisis provisional; menunggu konfirmasi batas DAS resmi.,01:00,6,6.0,cukup,"CMA,ECMWF,GFS,ICON,METEOFRANCE,UKMO",Berawan,81.1,Tinggi,18.15,+/-1.54,96.67,+/-2.87,0.02,+/-0.04,18.15,+/-1.54,0.0,16.7,66.7,16.7,0.0,0.0,1.54,2.87,0.04,1.54,7,0.8571,0.0,0.0
gpm5,GPM5,2026-08-23,11.17.05.2002,Bale Redelong,provisional_catchment,yes,4.767312077178135,96.94566692384144,Asia/Jakarta,Forecast Redelong representative point. BMKG ADM4 reference: 11.17.05.2002 (Bale Redelong). Initial BMKG reference for catchment point Spatial role: provisional_catchment. Area analisis provisional; menunggu konfirmasi batas DAS resmi.,02:00,6,6.0,cukup,"CMA,ECMWF,GFS,ICON,METEOFRANCE,UKMO",Berawan,81.1,Tinggi,18.0,+/-1.4,96.17,+/-3.58,0.0,+/-0.0,18.0,+/-1.4,0.0,33.3,66.7,0.0,0.0,0.0,1.4,3.58,0.0,1.4,7,0.8571,0.0,0.0
gpm5,GPM5,2026-08-23,11.17.05.2002,Bale Redelong,provisional_catchment,yes,4.767312077178135,96.94566692384144,Asia/Jakarta,Forecast Redelong representative point. BMKG ADM4 reference: 11.17.05.2002 (Bale Redelong). Initial BMKG reference for catchment point Spatial role: provisional_catchment. Area analisis provisional; menunggu konfirmasi batas DAS resmi.,03:00,6,6.0,cukup,"CMA,ECMWF,GFS,ICON,METEOFRANCE,UKMO",Berawan,77.0,Sedang,17.77,+/-1.27,96.17,+/-3.24,0.0,+/-0.0,17.77,+/-1.27,0.0,50.0,50.0,0.0,0.0,0.0,1.27,3.24,0.0,1.27,7,0.8571,0.0,0.0
gpm5,GPM5,2026-08-23,11.17.05.2002,Bale Redelong,provisional_catchment,yes,4.767312077178135,96.94566692384144,Asia/Jakarta,Forecast Redelong representative point. BMKG ADM4 reference: 11.17.05.2002 (Bale Redelong). Initial BMKG reference for catchment point Spatial role: provisional_catchment. Area analisis provisional; menunggu konfirmasi batas DAS resmi.,04:00,6,6.0,cukup,"CMA,ECMWF,GFS,ICON,METEOFRANCE,UKMO",Berawan,81.3,Tinggi,17.57,+/-1.14,96.17,+/-3.39,0.0,+/-0.0,17.57,+/-1.14,0.0,33.3,66.7,0.0,0.0,0.0,1.14,3.39,0.0,1.14,7,0.8571,0.0,0.0
gpm5,GPM5,2026-08-23,11.17.05.2002,Bale Redelong,provisional_catchment,yes,4.767312077178135,96.94566692384144,Asia/Jakarta,Forecast Redelong representative point. BMKG ADM4 reference: 11.17.05.2002 (Bale Redelong). Initial BMKG reference for catchment point Spatial role: provisional_catchment. Area analisis provisional; menunggu konfirmasi batas DAS resmi.,05:00,6,6.0,cukup,"CMA,ECMWF,GFS,ICON,METEOFRANCE,UKMO",Cerah Berawan,77.1,Sedang,17.3,+/-1.02,96.0,+/-3.65,0.0,+/-0.0,17.3,+/-1.02,16.7,50.0,33.3,0.0,0.0,0.0,1.02,3.65,0.0,1.02,7,0.8571,0.0,0.0
gpm5,GPM5,2026-08-23,11.17.05.2002,Bale Redelong,provisional_catchment,yes,4.767312077178135,96.94566692384144,Asia/Jakarta,Forecast Redelong representative point. BMKG ADM4 reference: 11.17.05.2002 (Bale Redelong). Initial BMKG reference for catchment point Spatial role: provisional_catchment. Area analisis provisional; menunggu konfirmasi batas DAS resmi.,06:00,6,6.0,cukup,"CMA,ECMWF,GFS,ICON,METEOFRANCE,UKMO",Berawan,77.2,Sedang,16.97,+/-0.97,96.67,+/-3.64,0.0,+/-0.0,16.97,+/-0.97,16.7,33.3,50.0,0.0,0.0,0.0,0.97,3.64,0.0,0.97,7,0.8571,0.0,0.0
gpm5,GPM5,2026-08-23,11.17.05.2002,Bale Redelong,provisional_catchment,yes,4.767312077178135,96.94566692384144,Asia/Jakarta,Forecast Redelong representative point. BMKG ADM4 reference: 11.17.05.2002 (Bale Redelong). Initial BMKG reference for catchment point Spatial role: provisional_catchment. Area analisis provisional; menunggu konfirmasi batas DAS resmi.,07:00,6,6.0,cukup,"CMA,ECMWF,GFS,ICON,METEOFRANCE,UKMO",Berawan,77.1,Sedang,17.35,+/-0.99,95.33,+/-3.54,0.0,+/-0.0,17.35,+/-0.99,0.0,50.0,50.0,0.0,0.0,0.0,0.99,3.54,0.0,0.99,7,0.8571,0.0,0.0
gpm5,GPM5,2026-08-23,11.17.05.2002,Bale Redelong,provisional_catchment,yes,4.767312077178135,96.94566692384144,Asia/Jakarta,Forecast Redelong representative point. BMKG ADM4 reference: 11.17.05.2002 (Bale Redelong). Initial BMKG reference for catchment point Spatial role: provisional_catchment. Area analisis provisional; menunggu konfirmasi batas DAS resmi.,08:00,6,6.0,cukup,"CMA,ECMWF,GFS,ICON,METEOFRANCE,UKMO",Berawan,77.1,Sedang,19.22,+/-0.9,88.5,+/-4.19,0.0,+/-0.0,19.22,+/-0.9,0.0,50.0,50.0,0.0,0.0,0.0,0.9,4.19,0.0,0.9,7,0.8571,0.0,0.0
gpm5,GPM5,2026-08-23,11.17.05.2002,Bale Redelong,provisional_catchment,yes,4.767312077178135,96.94566692384144,Asia/Jakarta,Forecast Redelong representative point. BMKG ADM4 reference: 11.17.05.2002 (Bale Redelong). Initial BMKG reference for catchment point Spatial role: provisional_catchment. Area analisis provisional; menunggu konfirmasi batas DAS resmi.,09:00,6,6.0,cukup,"CMA,ECMWF,GFS,ICON,METEOFRANCE,UKMO",Berawan,77.2,Sedang,21.68,+/-0.9,82.0,+/-2.83,0.0,+/-0.0,21.68,+/-0.9,0.0,50.0,50.0,0.0,0.0,0.0,0.9,2.83,0.0,0.9,7,0.8571,0.0,0.0
gpm5,GPM5,2026-08-23,11.17.05.2002,Bale Redelong,provisional_catchment,yes,4.767312077178135,96.94566692384144,Asia/Jakarta,Forecast Redelong representative point. BMKG ADM4 reference: 11.17.05.2002 (Bale Redelong). Initial BMKG reference for catchment point Spatial role: provisional_catchment. Area analisis provisional; menunggu konfirmasi batas DAS resmi.,10:00,6,6.0,cukup,"CMA,ECMWF,GFS,ICON,METEOFRANCE,UKMO",Berawan,76.7,Sedang,23.58,+/-1.06,72.5,+/-9.07,0.02,+/-0.04,23.58,+/-1.06,0.0,33.3,50.0,16.7,0.0,0.0,1.06,9.07,0.04,1.06,7,0.8571,0.0,0.0
gpm5,GPM5,2026-08-23,11.17.05.2002,Bale Redelong,provisional_catchment,yes,4.767312077178135,96.94566692384144,Asia/Jakarta,Forecast Redelong representative point. BMKG ADM4 reference: 11.17.05.2002 (Bale Redelong). Initial BMKG reference for catchment point Spatial role: provisional_catchment. Area analisis provisional; menunggu konfirmasi batas DAS resmi.,11:00,6,6.0,cukup,"CMA,ECMWF,GFS,ICON,METEOFRANCE,UKMO",Hujan Ringan,76.0,Sedang,24.28,+/-1.45,72.33,+/-11.74,0.62,+/-0.37,24.28,+/-1.45,0.0,16.7,0.0,50.0,16.7,16.7,1.45,11.74,0.37,1.45,7,0.8571,0.0,0.0
gpm5,GPM5,2026-08-23,11.17.05.2002,Bale Redelong,provisional_catchment,yes,4.767312077178135,96.94566692384144,Asia/Jakarta,Forecast Redelong representative point. BMKG ADM4 reference: 11.17.05.2002 (Bale Redelong). Initial BMKG reference for catchment point Spatial role: provisional_catchment. Area analisis provisional; menunggu konfirmasi batas DAS resmi.,12:00,6,6.0,cukup,"CMA,ECMWF,GFS,ICON,METEOFRANCE,UKMO",Hujan Ringan,80.1,Tinggi,24.07,+/-1.58,77.67,+/-13.34,0.7,+/-0.25,24.07,+/-1.58,0.0,0.0,0.0,66.7,0.0,33.3,1.58,13.34,0.25,1.58,7,0.8571,0.0,0.0
gpm5,GPM5,2026-08-23,11.17.05.2002,Bale Redelong,provisional_catchment,yes,4.767312077178135,96.94566692384144,Asia/Jakarta,Forecast Redelong representative point. BMKG ADM4 reference: 11.17.05.2002 (Bale Redelong). Initial BMKG reference for catchment point Spatial role: provisional_catchment. Area analisis provisional; menunggu konfirmasi batas DAS resmi.,13:00,6,6.0,cukup,"CMA,ECMWF,GFS,ICON,METEOFRANCE,UKMO",Hujan Ringan,80.1,Tinggi,23.53,+/-1.56,83.0,+/-14.25,0.76,+/-0.21,23.53,+/-1.56,0.0,0.0,0.0,66.7,0.0,33.3,1.56,14.25,0.21,1.56,7,0.8571,0.0,0.0
gpm5,GPM5,2026-08-23,11.17.05.2002,Bale Redelong,provisional_catchment,yes,4.767312077178135,96.94566692384144,Asia/Jakarta,Forecast Redelong representative point. BMKG ADM4 reference: 11.17.05.2002 (Bale Redelong). Initial BMKG reference for catchment point Spatial role: provisional_catchment. Area analisis provisional; menunggu konfirmasi batas DAS resmi.,14:00,6,6.0,cukup,"CMA,ECMWF,GFS,ICON,METEOFRANCE,UKMO",Hujan Lebat,75.0,Sedang,22.72,+/-1.44,88.67,+/-10.87,3.34,+/-1.87,22.72,+/-1.44,0.0,0.0,0.0,33.3,16.7,50.0,1.44,10.87,1.87,1.44,7,0.8571,0.0,0.0
gpm5,GPM5,2026-08-23,11.17.05.2002,Bale Redelong,provisional_catchment,yes,4.767312077178135,96.94566692384144,Asia/Jakarta,Forecast Redelong representative point. BMKG ADM4 reference: 11.17.05.2002 (Bale Redelong). Initial BMKG reference for catchment point Spatial role: provisional_catchment. Area analisis provisional; menunggu konfirmasi batas DAS resmi.,15:00,6,6.0,cukup,"CMA,ECMWF,GFS,ICON,METEOFRANCE,UKMO",Hujan Sedang,71.0,Sedang,22.28,+/-1.22,89.17,+/-9.33,3.32,+/-1.89,22.28,+/-1.22,0.0,0.0,0.0,33.3,33.3,33.3,1.22,9.33,1.89,1.22,7,0.8571,0.0,0.0
gpm5,GPM5,2026-08-23,11.17.05.2002,Bale Redelong,provisional_catchment,yes,4.767312077178135,96.94566692384144,Asia/Jakarta,Forecast Redelong representative point. BMKG ADM4 reference: 11.17.05.2002 (Bale Redelong). Initial BMKG reference for catchment point Spatial role: provisional_catchment. Area analisis provisional; menunggu konfirmasi batas DAS resmi.,16:00,6,6.0,cukup,"CMA,ECMWF,GFS,ICON,METEOFRANCE,UKMO",Hujan Sedang,71.2,Sedang,21.78,+/-1.14,90.33,+/-7.41,3.3,+/-1.91,21.78,+/-1.14,0.0,0.0,0.0,33.3,33.3,33.3,1.14,7.41,1.91,1.14,7,0.8571,0.0,0.0
gpm5,GPM5,2026-08-23,11.17.05.2002,Bale Redelong,provisional_catchment,yes,4.767312077178135,96.94566692384144,Asia/Jakarta,Forecast Redelong representative point. BMKG ADM4 reference: 11.17.05.2002 (Bale Redelong). Initial BMKG reference for catchment point Spatial role: provisional_catchment. Area analisis provisional; menunggu konfirmasi batas DAS resmi.,17:00,6,6.0,cukup,"CMA,ECMWF,GFS,ICON,METEOFRANCE,UKMO",Hujan Ringan,76.5,Sedang,21.2,+/-0.29,92.0,+/-5.07,1.44,+/-1.16,21.2,+/-0.29,0.0,0.0,16.7,50.0,16.7,16.7,0.29,5.07,1.16,0.29,7,0.8571,0.0,0.0
gpm5,GPM5,2026-08-23,11.17.05.2002,Bale Redelong,provisional_catchment,yes,4.767312077178135,96.94566692384144,Asia/Jakarta,Forecast Redelong representative point. BMKG ADM4 reference: 11.17.05.2002 (Bale Redelong). Initial BMKG reference for catchment point Spatial role: provisional_catchment. Area analisis provisional; menunggu konfirmasi batas DAS resmi.,18:00,6,6.0,cukup,"CMA,ECMWF,GFS,ICON,METEOFRANCE,UKMO",Hujan Ringan,76.5,Sedang,20.12,+/-0.75,94.17,+/-2.67,1.48,+/-1.14,20.12,+/-0.75,0.0,0.0,16.7,50.0,16.7,16.7,0.75,2.67,1.14,0.75,7,0.8571,0.0,0.0
gpm5,GPM5,2026-08-23,11.17.05.2002,Bale Redelong,provisional_catchment,yes,4.767312077178135,96.94566692384144,Asia/Jakarta,Forecast Redelong representative point. BMKG ADM4 reference: 11.17.05.2002 (Bale Redelong). Initial BMKG reference for catchment point Spatial role: provisional_catchment. Area analisis provisional; menunggu konfirmasi batas DAS resmi.,19:00,6,6.0,cukup,"CMA,ECMWF,GFS,ICON,METEOFRANCE,UKMO",Hujan Ringan,76.2,Sedang,19.85,+/-1.53,95.83,+/-2.03,1.58,+/-1.11,19.85,+/-1.53,0.0,0.0,16.7,50.0,16.7,16.7,1.53,2.03,1.11,1.53,7,0.8571,0.0,0.0
gpm5,GPM5,2026-08-23,11.17.05.2002,Bale Redelong,provisional_catchment,yes,4.767312077178135,96.94566692384144,Asia/Jakarta,Forecast Redelong representative point. BMKG ADM4 reference: 11.17.05.2002 (Bale Redelong). Initial BMKG reference for catchment point Spatial role: provisional_catchment. Area analisis provisional; menunggu konfirmasi batas DAS resmi.,20:00,6,6.0,cukup,"CMA,ECMWF,GFS,ICON,METEOFRANCE,UKMO",Berawan,77.0,Sedang,19.47,+/-1.55,96.67,+/-1.37,0.03,+/-0.04,19.47,+/-1.55,0.0,0.0,50.0,50.0,0.0,0.0,1.55,1.37,0.04,1.55,7,0.8571,0.0,0.0
gpm5,GPM5,2026-08-23,11.17.05.2002,Bale Redelong,provisional_catchment,yes,4.767312077178135,96.94566692384144,Asia/Jakarta,Forecast Redelong representative point. BMKG ADM4 reference: 11.17.05.2002 (Bale Redelong). Initial BMKG reference for catchment point Spatial role: provisional_catchment. Area analisis provisional; menunggu konfirmasi batas DAS resmi.,21:00,6,6.0,cukup,"CMA,ECMWF,GFS,ICON,METEOFRANCE,UKMO",Berawan,77.1,Sedang,19.08,+/-1.51,97.67,+/-0.75,0.03,+/-0.04,19.08,+/-1.51,0.0,0.0,50.0,50.0,0.0,0.0,1.51,0.75,0.04,1.51,7,0.8571,0.0,0.0
gpm5,GPM5,2026-08-23,11.17.05.2002,Bale Redelong,provisional_catchment,yes,4.767312077178135,96.94566692384144,Asia/Jakarta,Forecast Redelong representative point. BMKG ADM4 reference: 11.17.05.2002 (Bale Redelong). Initial BMKG reference for catchment point Spatial role: provisional_catchment. Area analisis provisional; menunggu konfirmasi batas DAS resmi.,22:00,6,6.0,cukup,"CMA,ECMWF,GFS,ICON,METEOFRANCE,UKMO",Berawan,77.0,Sedang,18.72,+/-1.51,97.83,+/-1.07,0.04,+/-0.05,18.72,+/-1.51,0.0,0.0,50.0,50.0,0.0,0.0,1.51,1.07,0.05,1.51,7,0.8571,0.0,0.0
gpm5,GPM5,2026-08-23,11.17.05.2002,Bale Redelong,provisional_catchment,yes,4.767312077178135,96.94566692384144,Asia/Jakarta,Forecast Redelong representative point. BMKG ADM4 reference: 11.17.05.2002 (Bale Redelong). Initial BMKG reference for catchment point Spatial role: provisional_catchment. Area analisis provisional; menunggu konfirmasi batas DAS resmi.,23:00,6,6.0,cukup,"CMA,ECMWF,GFS,ICON,METEOFRANCE,UKMO",Berawan,76.7,Sedang,18.45,+/-1.5,97.67,+/-1.37,0.25,+/-0.52,18.45,+/-1.5,16.7,0.0,50.0,33.3,0.0,0.0,1.5,1.37,0.52,1.5,7,0.8571,0.0,0.0
gpm6,GPM6,2026-08-20,11.17.05.2002,Bale Redelong,provisional_catchment,yes,4.796061970712406,97.0098682419131,Asia/Jakarta,Forecast Redelong representative point. BMKG ADM4 reference: 11.17.05.2002 (Bale Redelong). Initial BMKG reference for catchment point Spatial role: provisional_catchment. Area analisis provisional; menunggu konfirmasi batas DAS resmi.,00:00,6,6.0,cukup,"CMA,ECMWF,GFS,ICON,METEOFRANCE,UKMO",Berawan,88.9,Tinggi,15.42,+/-1.84,77.0,+/-8.35,0.0,+/-0.0,15.42,+/-1.84,0.0,0.0,100.0,0.0,0.0,0.0,1.84,8.35,0.0,1.84,7,0.8571,0.0,0.0
gpm6,GPM6,2026-08-20,11.17.05.2002,Bale Redelong,provisional_catchment,yes,4.796061970712406,97.0098682419131,Asia/Jakarta,Forecast Redelong representative point. BMKG ADM4 reference: 11.17.05.2002 (Bale Redelong). Initial BMKG reference for catchment point Spatial role: provisional_catchment. Area analisis provisional; menunggu konfirmasi batas DAS resmi.,01:00,6,6.0,cukup,"CMA,ECMWF,GFS,ICON,METEOFRANCE,UKMO",Berawan,88.7,Tinggi,15.3,+/-1.81,73.83,+/-10.68,0.0,+/-0.0,15.3,+/-1.81,0.0,0.0,100.0,0.0,0.0,0.0,1.81,10.68,0.0,1.81,7,0.8571,0.0,0.0
gpm6,GPM6,2026-08-20,11.17.05.2002,Bale Redelong,provisional_catchment,yes,4.796061970712406,97.0098682419131,Asia/Jakarta,Forecast Redelong representative point. BMKG ADM4 reference: 11.17.05.2002 (Bale Redelong). Initial BMKG reference for catchment point Spatial role: provisional_catchment. Area analisis provisional; menunggu konfirmasi batas DAS resmi.,02:00,6,6.0,cukup,"CMA,ECMWF,GFS,ICON,METEOFRANCE,UKMO",Berawan,88.6,Tinggi,15.2,+/-1.95,72.67,+/-10.73,0.0,+/-0.0,15.2,+/-1.95,0.0,0.0,100.0,0.0,0.0,0.0,1.95,10.73,0.0,1.95,7,0.8571,0.0,0.0
gpm6,GPM6,2026-08-20,11.17.05.2002,Bale Redelong,provisional_catchment,yes,4.796061970712406,97.0098682419131,Asia/Jakarta,Forecast Redelong representative point. BMKG ADM4 reference: 11.17.05.2002 (Bale Redelong). Initial BMKG reference for catchment point Spatial role: provisional_catchment. Area analisis provisional; menunggu konfirmasi batas DAS resmi.,03:00,6,6.0,cukup,"CMA,ECMWF,GFS,ICON,METEOFRANCE,UKMO",Berawan,88.5,Tinggi,14.77,+/-2.27,72.67,+/-10.87,0.0,+/-0.0,14.77,+/-2.27,0.0,0.0,100.0,0.0,0.0,0.0,2.27,10.87,0.0,2.27,7,0.8571,0.0,0.0
gpm6,GPM6,2026-08-20,11.17.05.2002,Bale Redelong,provisional_catchment,yes,4.796061970712406,97.0098682419131,Asia/Jakarta,Forecast Redelong representative point. BMKG ADM4 reference: 11.17.05.2002 (Bale Redelong). Initial BMKG reference for catchment point Spatial role: provisional_catchment. Area analisis provisional; menunggu konfirmasi batas DAS resmi.,04:00,7,6.6868,cukup,"BMKG,CMA,ECMWF,GFS,ICON,METEOFRANCE,UKMO",Berawan,96.1,Tinggi,15.07,+/-2.29,68.82,+/-6.72,0.0,+/-0.0,15.07,+/-2.29,0.0,0.0,100.0,0.0,0.0,0.0,2.29,6.72,0.0,2.29,7,1.0,25.71,180.0
gpm6,GPM6,2026-08-20,11.17.05.2002,Bale Redelong,provisional_catchment,yes,4.796061970712406,97.0098682419131,Asia/Jakarta,Forecast Redelong representative point. BMKG ADM4 reference: 11.17.05.2002 (Bale Redelong). Initial BMKG reference for catchment point Spatial role: provisional_catchment. Area analisis provisional; menunggu konfirmasi batas DAS resmi.,05:00,7,6.6868,cukup,"BMKG,CMA,ECMWF,GFS,ICON,METEOFRANCE,UKMO",Berawan,92.1,Tinggi,14.89,+/-2.31,73.04,+/-10.17,0.0,+/-0.0,14.89,+/-2.31,0.0,15.0,85.0,0.0,0.0,0.0,2.31,10.17,0.0,2.31,7,1.0,17.14,120.0
gpm6,GPM6,2026-08-20,11.17.05.2002,Bale Redelong,provisional_catchment,yes,4.796061970712406,97.0098682419131,Asia/Jakarta,Forecast Redelong representative point. BMKG ADM4 reference: 11.17.05.2002 (Bale Redelong). Initial BMKG reference for catchment point Spatial role: provisional_catchment. Area analisis provisional; menunggu konfirmasi batas DAS resmi.,06:00,7,6.9366,cukup,"BMKG,CMA,ECMWF,GFS,ICON,METEOFRANCE,UKMO",Berawan,96.7,Tinggi,14.79,+/-2.35,74.05,+/-10.21,0.0,+/-0.0,14.79,+/-2.35,0.0,0.0,100.0,0.0,0.0,0.0,2.35,10.21,0.0,2.35,7,1.0,8.57,60.0
gpm6,GPM6,2026-08-20,11.17.05.2002,Bale Redelong,provisional_catchment,yes,4.796061970712406,97.0098682419131,Asia/Jakarta,Forecast Redelong representative point. BMKG ADM4 reference: 11.17.05.2002 (Bale Redelong). Initial BMKG reference for catchment point Spatial role: provisional_catchment. Area analisis provisional; menunggu konfirmasi batas DAS resmi.,07:00,7,7.2488,cukup,"BMKG,CMA,ECMWF,GFS,ICON,METEOFRANCE,UKMO",Berawan,97.9,Tinggi,15.19,+/-2.08,75.35,+/-9.44,0.0,+/-0.0,15.19,+/-2.08,0.0,0.0,100.0,0.0,0.0,0.0,2.08,9.44,0.0,2.08,7,1.0,0.0,0.0
gpm6,GPM6,2026-08-20,11.17.05.2002,Bale Redelong,provisional_catchment,yes,4.796061970712406,97.0098682419131,Asia/Jakarta,Forecast Redelong representative point. BMKG ADM4 reference: 11.17.05.2002 (Bale Redelong). Initial BMKG reference for catchment point Spatial role: provisional_catchment. Area analisis provisional; menunggu konfirmasi batas DAS resmi.,08:00,7,6.9366,cukup,"BMKG,CMA,ECMWF,GFS,ICON,METEOFRANCE,UKMO",Berawan,97.3,Tinggi,16.82,+/-1.15,72.6,+/-9.37,0.0,+/-0.0,16.82,+/-1.15,0.0,0.0,100.0,0.0,0.0,0.0,1.15,9.37,0.0,1.15,7,1.0,8.57,60.0
gpm6,GPM6,2026-08-20,11.17.05.2002,Bale Redelong,provisional_catchment,yes,4.796061970712406,97.0098682419131,Asia/Jakarta,Forecast Redelong representative point. BMKG ADM4 reference: 11.17.05.2002 (Bale Redelong). Initial BMKG reference for catchment point Spatial role: provisional_catchment. Area analisis provisional; menunggu konfirmasi batas DAS resmi.,09:00,7,6.9366,cukup,"BMKG,CMA,ECMWF,GFS,ICON,METEOFRANCE,UKMO",Berawan,96.9,Tinggi,19.93,+/-1.38,59.0,+/-13.28,0.0,+/-0.0,19.93,+/-1.38,0.0,0.0,100.0,0.0,0.0,0.0,1.38,13.28,0.0,1.38,7,1.0,8.57,60.0
gpm6,GPM6,2026-08-20,11.17.05.2002,Bale Redelong,provisional_catchment,yes,4.796061970712406,97.0098682419131,Asia/Jakarta,Forecast Redelong representative point. BMKG ADM4 reference: 11.17.05.2002 (Bale Redelong). Initial BMKG reference for catchment point Spatial role: provisional_catchment. Area analisis provisional; menunggu konfirmasi batas DAS resmi.,10:00,7,7.2488,cukup,"BMKG,CMA,ECMWF,GFS,ICON,METEOFRANCE,UKMO",Berawan,98.3,Tinggi,21.52,+/-0.96,56.44,+/-11.22,0.0,+/-0.0,21.52,+/-0.96,0.0,0.0,100.0,0.0,0.0,0.0,0.96,11.22,0.0,0.96,7,1.0,0.0,0.0
gpm6,GPM6,2026-08-20,11.17.05.2002,Bale Redelong,provisional_catchment,yes,4.796061970712406,97.0098682419131,Asia/Jakarta,Forecast Redelong representative point. BMKG ADM4 reference: 11.17.05.2002 (Bale Redelong). Initial BMKG reference for catchment point Spatial role: provisional_catchment. Area analisis provisional; menunggu konfirmasi batas DAS resmi.,11:00,7,6.9366,cukup,"BMKG,CMA,ECMWF,GFS,ICON,METEOFRANCE,UKMO",Berawan,94.0,Tinggi,22.44,+/-0.91,58.4,+/-7.58,0.0,+/-0.0,22.44,+/-0.91,0.0,14.4,85.6,0.0,0.0,0.0,0.91,7.58,0.0,0.91,7,1.0,8.57,60.0
gpm6,GPM6,2026-08-20,11.17.05.2002,Bale Redelong,provisional_catchment,yes,4.796061970712406,97.0098682419131,Asia/Jakarta,Forecast Redelong representative point. BMKG ADM4 reference: 11.17.05.2002 (Bale Redelong). Initial BMKG reference for catchment point Spatial role: provisional_catchment. Area analisis provisional; menunggu konfirmasi batas DAS resmi.,12:00,7,6.9366,cukup,"BMKG,CMA,ECMWF,GFS,ICON,METEOFRANCE,UKMO",Berawan,97.0,Tinggi,23.24,+/-1.17,50.79,+/-13.12,0.0,+/-0.0,23.24,+/-1.17,0.0,0.0,100.0,0.0,0.0,0.0,1.17,13.12,0.0,1.17,7,1.0,8.57,60.0
gpm6,GPM6,2026-08-20,11.17.05.2002,Bale Redelong,provisional_catchment,yes,4.796061970712406,97.0098682419131,Asia/Jakarta,Forecast Redelong representative point. BMKG ADM4 reference: 11.17.05.2002 (Bale Redelong). Initial BMKG reference for catchment point Spatial role: provisional_catchment. Area analisis provisional; menunggu konfirmasi batas DAS resmi.,13:00,7,7.2488,cukup,"BMKG,CMA,ECMWF,GFS,ICON,METEOFRANCE,UKMO",Berawan,98.3,Tinggi,23.8,+/-0.85,52.07,+/-11.77,0.0,+/-0.0,23.8,+/-0.85,0.0,0.0,100.0,0.0,0.0,0.0,0.85,11.77,0.0,0.85,7,1.0,0.0,0.0
gpm6,GPM6,2026-08-20,11.17.05.2002,Bale Redelong,provisional_catchment,yes,4.796061970712406,97.0098682419131,Asia/Jakarta,Forecast Redelong representative point. BMKG ADM4 reference: 11.17.05.2002 (Bale Redelong). Initial BMKG reference for catchment point Spatial role: provisional_catchment. Area analisis provisional; menunggu konfirmasi batas DAS resmi.,14:00,7,6.9366,cukup,"BMKG,CMA,ECMWF,GFS,ICON,METEOFRANCE,UKMO",Berawan,89.6,Tinggi,22.92,+/-1.41,57.14,+/-13.0,0.1,+/-0.18,22.92,+/-1.41,0.0,0.0,71.2,28.8,0.0,0.0,1.41,13.0,0.18,1.41,7,1.0,8.57,60.0
gpm6,GPM6,2026-08-20,11.17.05.2002,Bale Redelong,provisional_catchment,yes,4.796061970712406,97.0098682419131,Asia/Jakarta,Forecast Redelong representative point. BMKG ADM4 reference: 11.17.05.2002 (Bale Redelong). Initial BMKG reference for catchment point Spatial role: provisional_catchment. Area analisis provisional; menunggu konfirmasi batas DAS resmi.,15:00,7,6.9366,cukup,"BMKG,CMA,ECMWF,GFS,ICON,METEOFRANCE,UKMO",Berawan,89.3,Tinggi,21.88,+/-1.28,66.0,+/-11.95,0.35,+/-0.74,21.88,+/-1.28,0.0,0.0,71.2,28.8,0.0,0.0,1.28,11.95,0.74,1.28,7,1.0,8.57,60.0
gpm6,GPM6,2026-08-20,11.17.05.2002,Bale Redelong,provisional_catchment,yes,4.796061970712406,97.0098682419131,Asia/Jakarta,Forecast Redelong representative point. BMKG ADM4 reference: 11.17.05.2002 (Bale Redelong). Initial BMKG reference for catchment point Spatial role: provisional_catchment. Area analisis provisional; menunggu konfirmasi batas DAS resmi.,16:00,7,7.2488,cukup,"BMKG,CMA,ECMWF,GFS,ICON,METEOFRANCE,UKMO",Berawan,86.9,Tinggi,21.17,+/-1.31,71.66,+/-11.36,0.53,+/-1.15,21.17,+/-1.31,0.0,13.8,58.6,13.8,13.8,0.0,1.31,11.36,1.15,1.31,7,1.0,0.0,0.0
gpm6,GPM6,2026-08-20,11.17.05.2002,Bale Redelong,provisional_catchment,yes,4.796061970712406,97.0098682419131,Asia/Jakarta,Forecast Redelong representative point. BMKG ADM4 reference: 11.17.05.2002 (Bale Redelong). Initial BMKG reference for catchment point Spatial role: provisional_catchment. Area analisis provisional; menunggu konfirmasi batas DAS resmi.,17:00,7,6.9366,cukup,"BMKG,CMA,ECMWF,GFS,ICON,METEOFRANCE,UKMO",Berawan,86.1,Tinggi,20.3,+/-1.52,76.67,+/-11.15,0.06,+/-0.08,20.3,+/-1.52,0.0,0.0,56.8,43.2,0.0,0.0,1.52,11.15,0.08,1.52,7,1.0,8.57,60.0
gpm6,GPM6,2026-08-20,11.17.05.2002,Bale Redelong,provisional_catchment,yes,4.796061970712406,97.0098682419131,Asia/Jakarta,Forecast Redelong representative point. BMKG ADM4 reference: 11.17.05.2002 (Bale Redelong). Initial BMKG reference for catchment point Spatial role: provisional_catchment. Area analisis provisional; menunggu konfirmasi batas DAS resmi.,18:00,7,6.9366,cukup,"BMKG,CMA,ECMWF,GFS,ICON,METEOFRANCE,UKMO",Berawan,86.9,Tinggi,18.35,+/-0.75,85.86,+/-6.27,0.05,+/-0.08,18.35,+/-0.75,0.0,14.4,56.8,28.8,0.0,0.0,0.75,6.27,0.08,0.75,7,1.0,8.57,60.0
gpm6,GPM6,2026-08-20,11.17.05.2002,Bale Redelong,provisional_catchment,yes,4.796061970712406,97.0098682419131,Asia/Jakarta,Forecast Redelong representative point. BMKG ADM4 reference: 11.17.05.2002 (Bale Redelong). Initial BMKG reference for catchment point Spatial role: provisional_catchment. Area analisis provisional; menunggu konfirmasi batas DAS resmi.,19:00,7,7.2488,cukup,"BMKG,CMA,ECMWF,GFS,ICON,METEOFRANCE,UKMO",Berawan,88.2,Tinggi,17.56,+/-1.43,92.62,+/-4.46,0.07,+/-0.07,17.56,+/-1.43,0.0,0.0,58.6,41.4,0.0,0.0,1.43,4.46,0.07,1.43,7,1.0,0.0,0.0
gpm6,GPM6,2026-08-20,11.17.05.2002,Bale Redelong,provisional_catchment,yes,4.796061970712406,97.0098682419131,Asia/Jakarta,Forecast Redelong representative point. BMKG ADM4 reference: 11.17.05.2002 (Bale Redelong). Initial BMKG reference for catchment point Spatial role: provisional_catchment. Area analisis provisional; menunggu konfirmasi batas DAS resmi.,20:00,7,6.9366,cukup,"BMKG,CMA,ECMWF,GFS,ICON,METEOFRANCE,UKMO",Berawan,93.9,Tinggi,17.05,+/-1.38,95.23,+/-4.48,0.02,+/-0.04,17.05,+/-1.38,0.0,0.0,85.6,14.4,0.0,0.0,1.38,4.48,0.04,1.38,7,1.0,8.57,60.0
gpm6,GPM6,2026-08-20,11.17.05.2002,Bale Redelong,provisional_catchment,yes,4.796061970712406,97.0098682419131,Asia/Jakarta,Forecast Redelong representative point. BMKG ADM4 reference: 11.17.05.2002 (Bale Redelong). Initial BMKG reference for catchment point Spatial role: provisional_catchment. Area analisis provisional; menunggu konfirmasi batas DAS resmi.,21:00,7,6.9366,cukup,"BMKG,CMA,ECMWF,GFS,ICON,METEOFRANCE,UKMO",Berawan,93.9,Tinggi,16.42,+/-1.41,95.48,+/-4.33,0.02,+/-0.04,16.42,+/-1.41,0.0,0.0,85.6,14.4,0.0,0.0,1.41,4.33,0.04,1.41,7,1.0,8.57,60.0
gpm6,GPM6,2026-08-20,11.17.05.2002,Bale Redelong,provisional_catchment,yes,4.796061970712406,97.0098682419131,Asia/Jakarta,Forecast Redelong representative point. BMKG ADM4 reference: 11.17.05.2002 (Bale Redelong). Initial BMKG reference for catchment point Spatial role: provisional_catchment. Area analisis provisional; menunggu konfirmasi batas DAS resmi.,22:00,7,7.2488,cukup,"BMKG,CMA,ECMWF,GFS,ICON,METEOFRANCE,UKMO",Berawan,95.1,Tinggi,16.15,+/-1.48,93.45,+/-4.68,0.02,+/-0.04,16.15,+/-1.48,0.0,0.0,86.2,13.8,0.0,0.0,1.48,4.68,0.04,1.48,7,1.0,0.0,0.0
gpm6,GPM6,2026-08-20,11.17.05.2002,Bale Redelong,provisional_catchment,yes,4.796061970712406,97.0098682419131,Asia/Jakarta,Forecast Redelong representative point. BMKG ADM4 reference: 11.17.05.2002 (Bale Redelong). Initial BMKG reference for catchment point Spatial role: provisional_catchment. Area analisis provisional; menunggu konfirmasi batas DAS resmi.,23:00,7,6.9366,cukup,"BMKG,CMA,ECMWF,GFS,ICON,METEOFRANCE,UKMO",Berawan,97.4,Tinggi,15.71,+/-1.69,92.31,+/-5.02,0.0,+/-0.0,15.71,+/-1.69,0.0,0.0,100.0,0.0,0.0,0.0,1.69,5.02,0.0,1.69,7,1.0,8.57,60.0
gpm6,GPM6,2026-08-21,11.17.05.2002,Bale Redelong,provisional_catchment,yes,4.796061970712406,97.0098682419131,Asia/Jakarta,Forecast Redelong representative point. BMKG ADM4 reference: 11.17.05.2002 (Bale Redelong). Initial BMKG reference for catchment point Spatial role: provisional_catchment. Area analisis provisional; menunggu konfirmasi batas DAS resmi.,00:00,7,6.9284,cukup,"BMKG,CMA,ECMWF,GFS,ICON,METEOFRANCE,UKMO",Berawan,97.4,Tinggi,15.38,+/-1.65,91.99,+/-4.8,0.0,+/-0.0,15.38,+/-1.65,0.0,0.0,100.0,0.0,0.0,0.0,1.65,4.8,0.0,1.65,7,1.0,8.57,60.0
gpm6,GPM6,2026-08-21,11.17.05.2002,Bale Redelong,provisional_catchment,yes,4.796061970712406,97.0098682419131,Asia/Jakarta,Forecast Redelong representative point. BMKG ADM4 reference: 11.17.05.2002 (Bale Redelong). Initial BMKG reference for catchment point Spatial role: provisional_catchment. Area analisis provisional; menunggu konfirmasi batas DAS resmi.,01:00,7,7.2379,cukup,"BMKG,CMA,ECMWF,GFS,ICON,METEOFRANCE,UKMO",Berawan,98.4,Tinggi,15.06,+/-1.66,91.34,+/-4.55,0.0,+/-0.0,15.06,+/-1.66,0.0,0.0,100.0,0.0,0.0,0.0,1.66,4.55,0.0,1.66,7,1.0,0.0,0.0
gpm6,GPM6,2026-08-21,11.17.05.2002,Bale Redelong,provisional_catchment,yes,4.796061970712406,97.0098682419131,Asia/Jakarta,Forecast Redelong representative point. BMKG ADM4 reference: 11.17.05.2002 (Bale Redelong). Initial BMKG reference for catchment point Spatial role: provisional_catchment. Area analisis provisional; menunggu konfirmasi batas DAS resmi.,02:00,7,6.9284,cukup,"BMKG,CMA,ECMWF,GFS,ICON,METEOFRANCE,UKMO",Berawan,97.3,Tinggi,14.79,+/-1.7,90.83,+/-5.22,0.0,+/-0.0,14.79,+/-1.7,0.0,0.0,100.0,0.0,0.0,0.0,1.7,5.22,0.0,1.7,7,1.0,8.57,60.0
gpm6,GPM6,2026-08-21,11.17.05.2002,Bale Redelong,provisional_catchment,yes,4.796061970712406,97.0098682419131,Asia/Jakarta,Forecast Redelong representative point. BMKG ADM4 reference: 11.17.05.2002 (Bale Redelong). Initial BMKG reference for catchment point Spatial role: provisional_catchment. Area analisis provisional; menunggu konfirmasi batas DAS resmi.,03:00,7,6.9284,cukup,"BMKG,CMA,ECMWF,GFS,ICON,METEOFRANCE,UKMO",Berawan,93.6,Tinggi,14.5,+/-1.85,88.74,+/-6.32,0.0,+/-0.0,14.5,+/-1.85,0.0,14.4,85.6,0.0,0.0,0.0,1.85,6.32,0.0,1.85,7,1.0,8.57,60.0
gpm6,GPM6,2026-08-21,11.17.05.2002,Bale Redelong,provisional_catchment,yes,4.796061970712406,97.0098682419131,Asia/Jakarta,Forecast Redelong representative point. BMKG ADM4 reference: 11.17.05.2002 (Bale Redelong). Initial BMKG reference for catchment point Spatial role: provisional_catchment. Area analisis provisional; menunggu konfirmasi batas DAS resmi.,04:00,7,7.2379,cukup,"BMKG,CMA,ECMWF,GFS,ICON,METEOFRANCE,UKMO",Berawan,98.1,Tinggi,14.48,+/-1.95,86.97,+/-7.69,0.0,+/-0.0,14.48,+/-1.95,0.0,0.0,100.0,0.0,0.0,0.0,1.95,7.69,0.0,1.95,7,1.0,0.0,0.0
gpm6,GPM6,2026-08-21,11.17.05.2002,Bale Redelong,provisional_catchment,yes,4.796061970712406,97.0098682419131,Asia/Jakarta,Forecast Redelong representative point. BMKG ADM4 reference: 11.17.05.2002 (Bale Redelong). Initial BMKG reference for catchment point Spatial role: provisional_catchment. Area analisis provisional; menunggu konfirmasi batas DAS resmi.,05:00,7,6.9284,cukup,"BMKG,CMA,ECMWF,GFS,ICON,METEOFRANCE,UKMO",Berawan,97.0,Tinggi,14.28,+/-1.84,85.86,+/-8.77,0.0,+/-0.0,14.28,+/-1.84,0.0,0.0,100.0,0.0,0.0,0.0,1.84,8.77,0.0,1.84,7,1.0,8.57,60.0
gpm6,GPM6,2026-08-21,11.17.05.2002,Bale Redelong,provisional_catchment,yes,4.796061970712406,97.0098682419131,Asia/Jakarta,Forecast Redelong representative point. BMKG ADM4 reference: 11.17.05.2002 (Bale Redelong). Initial BMKG reference for catchment point Spatial role: provisional_catchment. Area analisis provisional; menunggu konfirmasi batas DAS resmi.,06:00,7,6.9284,cukup,"BMKG,CMA,ECMWF,GFS,ICON,METEOFRANCE,UKMO",Berawan,96.7,Tinggi,14.38,+/-2.24,84.35,+/-9.66,0.0,+/-0.0,14.38,+/-2.24,0.0,0.0,100.0,0.0,0.0,0.0,2.24,9.66,0.0,2.24,7,1.0,8.57,60.0
gpm6,GPM6,2026-08-21,11.17.05.2002,Bale Redelong,provisional_catchment,yes,4.796061970712406,97.0098682419131,Asia/Jakarta,Forecast Redelong representative point. BMKG ADM4 reference: 11.17.05.2002 (Bale Redelong). Initial BMKG reference for catchment point Spatial role: provisional_catchment. Area analisis provisional; menunggu konfirmasi batas DAS resmi.,07:00,7,7.2379,cukup,"BMKG,CMA,ECMWF,GFS,ICON,METEOFRANCE,UKMO",Berawan,97.9,Tinggi,14.92,+/-2.01,82.7,+/-9.33,0.0,+/-0.0,14.92,+/-2.01,0.0,0.0,100.0,0.0,0.0,0.0,2.01,9.33,0.0,2.01,7,1.0,0.0,0.0
gpm6,GPM6,2026-08-21,11.17.05.2002,Bale Redelong,provisional_catchment,yes,4.796061970712406,97.0098682419131,Asia/Jakarta,Forecast Redelong representative point. BMKG ADM4 reference: 11.17.05.2002 (Bale Redelong). Initial BMKG reference for catchment point Spatial role: provisional_catchment. Area analisis provisional; menunggu konfirmasi batas DAS resmi.,08:00,7,6.9284,cukup,"BMKG,CMA,ECMWF,GFS,ICON,METEOFRANCE,UKMO",Berawan,97.8,Tinggi,16.57,+/-1.2,81.45,+/-1.82,0.0,+/-0.0,16.57,+/-1.2,0.0,0.0,100.0,0.0,0.0,0.0,1.2,1.82,0.0,1.2,7,1.0,8.57,60.0
gpm6,GPM6,2026-08-21,11.17.05.2002,Bale Redelong,provisional_catchment,yes,4.796061970712406,97.0098682419131,Asia/Jakarta,Forecast Redelong representative point. BMKG ADM4 reference: 11.17.05.2002 (Bale Redelong). Initial BMKG reference for catchment point Spatial role: provisional_catchment. Area analisis provisional; menunggu konfirmasi batas DAS resmi.,09:00,7,6.9284,cukup,"BMKG,CMA,ECMWF,GFS,ICON,METEOFRANCE,UKMO",Berawan,93.5,Tinggi,19.35,+/-1.6,68.92,+/-12.55,0.0,+/-0.0,19.35,+/-1.6,13.4,0.0,86.6,0.0,0.0,0.0,1.6,12.55,0.0,1.6,7,1.0,8.57,60.0
gpm6,GPM6,2026-08-21,11.17.05.2002,Bale Redelong,provisional_catchment,yes,4.796061970712406,97.0098682419131,Asia/Jakarta,Forecast Redelong representative point. BMKG ADM4 reference: 11.17.05.2002 (Bale Redelong). Initial BMKG reference for catchment point Spatial role: provisional_catchment. Area analisis provisional; menunggu konfirmasi batas DAS resmi.,10:00,7,7.2379,cukup,"BMKG,CMA,ECMWF,GFS,ICON,METEOFRANCE,UKMO",Berawan,94.0,Tinggi,20.83,+/-1.28,61.3,+/-9.92,0.0,+/-0.0,20.83,+/-1.28,17.1,0.0,82.9,0.0,0.0,0.0,1.28,9.92,0.0,1.28,7,1.0,0.0,0.0
gpm6,GPM6,2026-08-21,11.17.05.2002,Bale Redelong,provisional_catchment,yes,4.796061970712406,97.0098682419131,Asia/Jakarta,Forecast Redelong representative point. BMKG ADM4 reference: 11.17.05.2002 (Bale Redelong). Initial BMKG reference for catchment point Spatial role: provisional_catchment. Area analisis provisional; menunggu konfirmasi batas DAS resmi.,11:00,7,6.9284,cukup,"BMKG,CMA,ECMWF,GFS,ICON,METEOFRANCE,UKMO",Berawan,86.5,Tinggi,21.85,+/-0.99,58.67,+/-9.87,0.2,+/-0.4,21.85,+/-0.99,13.4,0.0,57.7,28.9,0.0,0.0,0.99,9.87,0.4,0.99,7,1.0,8.57,60.0
gpm6,GPM6,2026-08-21,11.17.05.2002,Bale Redelong,provisional_catchment,yes,4.796061970712406,97.0098682419131,Asia/Jakarta,Forecast Redelong representative point. BMKG ADM4 reference: 11.17.05.2002 (Bale Redelong). Initial BMKG reference for catchment point Spatial role: provisional_catchment. Area analisis provisional; menunggu konfirmasi batas DAS resmi.,12:00,7,6.9284,cukup,"BMKG,CMA,ECMWF,GFS,ICON,METEOFRANCE,UKMO",Berawan,89.6,Tinggi,23.06,+/-1.17,59.25,+/-11.63,0.2,+/-0.4,23.06,+/-1.17,0.0,0.0,71.1,28.9,0.0,0.0,1.17,11.63,0.4,1.17,7,1.0,8.57,60.0
gpm6,GPM6,2026-08-21,11.17.05.2002,Bale Redelong,provisional_catchment,yes,4.796061970712406,97.0098682419131,Asia/Jakarta,Forecast Redelong representative point. BMKG ADM4 reference: 11.17.05.2002 (Bale Redelong). Initial BMKG reference for catchment point Spatial role: provisional_catchment. Area analisis provisional; menunggu konfirmasi batas DAS resmi.,13:00,7,7.2379,cukup,"BMKG,CMA,ECMWF,GFS,ICON,METEOFRANCE,UKMO",Berawan,90.4,Tinggi,22.82,+/-2.3,60.33,+/-15.44,0.04,+/-0.05,22.82,+/-2.3,0.0,0.0,72.4,27.6,0.0,0.0,2.3,15.44,0.05,2.3,7,1.0,0.0,0.0
gpm6,GPM6,2026-08-21,11.17.05.2002,Bale Redelong,provisional_catchment,yes,4.796061970712406,97.0098682419131,Asia/Jakarta,Forecast Redelong representative point. BMKG ADM4 reference: 11.17.05.2002 (Bale Redelong). Initial BMKG reference for catchment point Spatial role: provisional_catchment. Area analisis provisional; menunggu konfirmasi batas DAS resmi.,14:00,7,6.9284,cukup,"BMKG,CMA,ECMWF,GFS,ICON,METEOFRANCE,UKMO",Hujan Ringan,81.6,Tinggi,22.45,+/-2.46,64.16,+/-17.37,0.32,+/-0.41,22.45,+/-2.46,0.0,0.0,42.3,43.3,0.0,14.4,2.46,17.37,0.41,2.46,7,1.0,8.57,60.0
gpm6,GPM6,2026-08-21,11.17.05.2002,Bale Redelong,provisional_catchment,yes,4.796061970712406,97.0098682419131,Asia/Jakarta,Forecast Redelong representative point. BMKG ADM4 reference: 11.17.05.2002 (Bale Redelong). Initial BMKG reference for catchment point Spatial role: provisional_catchment. Area analisis provisional; menunggu konfirmasi batas DAS resmi.,15:00,7,6.9284,cukup,"BMKG,CMA,ECMWF,GFS,ICON,METEOFRANCE,UKMO",Hujan Ringan,85.8,Tinggi,21.53,+/-2.06,70.68,+/-15.06,0.12,+/-0.08,21.53,+/-2.06,0.0,13.4,14.4,57.7,0.0,14.4,2.06,15.06,0.08,2.06,7,1.0,8.57,60.0
gpm6,GPM6,2026-08-21,11.17.05.2002,Bale Redelong,provisional_catchment,yes,4.796061970712406,97.0098682419131,Asia/Jakarta,Forecast Redelong representative point. BMKG ADM4 reference: 11.17.05.2002 (Bale Redelong). Initial BMKG reference for catchment point Spatial role: provisional_catchment. Area analisis provisional; menunggu konfirmasi batas DAS resmi.,16:00,7,7.2379,cukup,"BMKG,CMA,ECMWF,GFS,ICON,METEOFRANCE,UKMO",Hujan Ringan,85.8,Tinggi,20.97,+/-2.08,75.34,+/-15.02,0.58,+/-0.64,20.97,+/-2.08,0.0,17.1,13.8,55.3,0.0,13.8,2.08,15.02,0.64,2.08,7,1.0,0.0,0.0
gpm6,GPM6,2026-08-21,11.17.05.2002,Bale Redelong,provisional_catchment,yes,4.796061970712406,97.0098682419131,Asia/Jakarta,Forecast Redelong representative point. BMKG ADM4 reference: 11.17.05.2002 (Bale Redelong). Initial BMKG reference for catchment point Spatial role: provisional_catchment. Area analisis provisional; menunggu konfirmasi batas DAS resmi.,17:00,7,6.9284,cukup,"BMKG,CMA,ECMWF,GFS,ICON,METEOFRANCE,UKMO",Hujan Ringan,92.6,Tinggi,20.07,+/-1.93,80.78,+/-14.08,0.9,+/-0.8,20.07,+/-1.93,0.0,13.4,0.0,86.6,0.0,0.0,1.93,14.08,0.8,1.93,7,1.0,8.57,60.0
gpm6,GPM6,2026-08-21,11.17.05.2002,Bale Redelong,provisional_catchment,yes,4.796061970712406,97.0098682419131,Asia/Jakarta,Forecast Redelong representative point. BMKG ADM4 reference: 11.17.05.2002 (Bale Redelong). Initial BMKG reference for catchment point Spatial role: provisional_catchment. Area analisis provisional; menunggu konfirmasi batas DAS resmi.,18:00,7,6.9284,cukup,"BMKG,CMA,ECMWF,GFS,ICON,METEOFRANCE,UKMO",Hujan Ringan,94.5,Tinggi,17.95,+/-0.15,90.21,+/-6.54,0.32,+/-0.21,17.95,+/-0.15,0.0,13.4,0.0,86.6,0.0,0.0,0.15,6.54,0.21,0.15,7,1.0,8.57,60.0
gpm6,GPM6,2026-08-21,11.17.05.2002,Bale Redelong,provisional_catchment,yes,4.796061970712406,97.0098682419131,Asia/Jakarta,Forecast Redelong representative point. BMKG ADM4 reference: 11.17.05.2002 (Bale Redelong). Initial BMKG reference for catchment point Spatial role: provisional_catchment. Area analisis provisional; menunggu konfirmasi batas DAS resmi.,19:00,7,7.2379,cukup,"BMKG,CMA,ECMWF,GFS,ICON,METEOFRANCE,UKMO",Hujan Ringan,90.6,Tinggi,17.47,+/-1.49,93.53,+/-5.25,0.28,+/-0.18,17.47,+/-1.49,0.0,17.1,13.8,69.1,0.0,0.0,1.49,5.25,0.18,1.49,7,1.0,0.0,0.0
gpm6,GPM6,2026-08-21,11.17.05.2002,Bale Redelong,provisional_catchment,yes,4.796061970712406,97.0098682419131,Asia/Jakarta,Forecast Redelong representative point. BMKG ADM4 reference: 11.17.05.2002 (Bale Redelong). Initial BMKG reference for catchment point Spatial role: provisional_catchment. Area analisis provisional; menunggu konfirmasi batas DAS resmi.,20:00,7,6.9284,cukup,"BMKG,CMA,ECMWF,GFS,ICON,METEOFRANCE,UKMO",Berawan,94.1,Tinggi,17.03,+/-1.47,94.97,+/-5.04,0.0,+/-0.0,17.03,+/-1.47,0.0,13.4,86.6,0.0,0.0,0.0,1.47,5.04,0.0,1.47,7,1.0,8.57,60.0
gpm6,GPM6,2026-08-21,11.17.05.2002,Bale Redelong,provisional_catchment,yes,4.796061970712406,97.0098682419131,Asia/Jakarta,Forecast Redelong representative point. BMKG ADM4 reference: 11.17.05.2002 (Bale Redelong). Initial BMKG reference for catchment point Spatial role: provisional_catchment. Area analisis provisional; menunggu konfirmasi batas DAS resmi.,21:00,7,6.9284,cukup,"BMKG,CMA,ECMWF,GFS,ICON,METEOFRANCE,UKMO",Berawan,97.5,Tinggi,16.57,+/-1.44,94.95,+/-4.28,0.0,+/-0.0,16.57,+/-1.44,0.0,0.0,100.0,0.0,0.0,0.0,1.44,4.28,0.0,1.44,7,1.0,8.57,60.0
gpm6,GPM6,2026-08-21,11.17.05.2002,Bale Redelong,provisional_catchment,yes,4.796061970712406,97.0098682419131,Asia/Jakarta,Forecast Redelong representative point. BMKG ADM4 reference: 11.17.05.2002 (Bale Redelong). Initial BMKG reference for catchment point Spatial role: provisional_catchment. Area analisis provisional; menunggu konfirmasi batas DAS resmi.,22:00,7,7.2379,cukup,"BMKG,CMA,ECMWF,GFS,ICON,METEOFRANCE,UKMO",Berawan,98.6,Tinggi,16.34,+/-1.44,94.01,+/-4.42,0.0,+/-0.0,16.34,+/-1.44,0.0,0.0,100.0,0.0,0.0,0.0,1.44,4.42,0.0,1.44,7,1.0,0.0,0.0
gpm6,GPM6,2026-08-21,11.17.05.2002,Bale Redelong,provisional_catchment,yes,4.796061970712406,97.0098682419131,Asia/Jakarta,Forecast Redelong representative point. BMKG ADM4 reference: 11.17.05.2002 (Bale Redelong). Initial BMKG reference for catchment point Spatial role: provisional_catchment. Area analisis provisional; menunggu konfirmasi batas DAS resmi.,23:00,7,6.9284,cukup,"BMKG,CMA,ECMWF,GFS,ICON,METEOFRANCE,UKMO",Berawan,97.4,Tinggi,15.87,+/-1.65,93.94,+/-3.88,0.0,+/-0.0,15.87,+/-1.65,0.0,0.0,100.0,0.0,0.0,0.0,1.65,3.88,0.0,1.65,7,1.0,8.57,60.0
gpm6,GPM6,2026-08-22,11.17.05.2002,Bale Redelong,provisional_catchment,yes,4.796061970712406,97.0098682419131,Asia/Jakarta,Forecast Redelong representative point. BMKG ADM4 reference: 11.17.05.2002 (Bale Redelong). Initial BMKG reference for catchment point Spatial role: provisional_catchment. Area analisis provisional; menunggu konfirmasi batas DAS resmi.,00:00,7,6.9312,cukup,"BMKG,CMA,ECMWF,GFS,ICON,METEOFRANCE,UKMO",Berawan,97.6,Tinggi,15.63,+/-1.57,95.0,+/-3.0,0.0,+/-0.0,15.63,+/-1.57,0.0,0.0,100.0,0.0,0.0,0.0,1.57,3.0,0.0,1.57,7,1.0,8.57,60.0
gpm6,GPM6,2026-08-22,11.17.05.2002,Bale Redelong,provisional_catchment,yes,4.796061970712406,97.0098682419131,Asia/Jakarta,Forecast Redelong representative point. BMKG ADM4 reference: 11.17.05.2002 (Bale Redelong). Initial BMKG reference for catchment point Spatial role: provisional_catchment. Area analisis provisional; menunggu konfirmasi batas DAS resmi.,01:00,7,7.2416,cukup,"BMKG,CMA,ECMWF,GFS,ICON,METEOFRANCE,UKMO",Berawan,94.9,Tinggi,15.51,+/-1.67,92.19,+/-6.18,0.0,+/-0.0,15.51,+/-1.67,13.8,0.0,86.2,0.0,0.0,0.0,1.67,6.18,0.0,1.67,7,1.0,0.0,0.0
gpm6,GPM6,2026-08-22,11.17.05.2002,Bale Redelong,provisional_catchment,yes,4.796061970712406,97.0098682419131,Asia/Jakarta,Forecast Redelong representative point. BMKG ADM4 reference: 11.17.05.2002 (Bale Redelong). Initial BMKG reference for catchment point Spatial role: provisional_catchment. Area analisis provisional; menunggu konfirmasi batas DAS resmi.,02:00,7,6.9312,cukup,"BMKG,CMA,ECMWF,GFS,ICON,METEOFRANCE,UKMO",Berawan,93.6,Tinggi,15.07,+/-1.79,93.26,+/-5.82,0.0,+/-0.0,15.07,+/-1.79,14.4,0.0,85.6,0.0,0.0,0.0,1.79,5.82,0.0,1.79,7,1.0,8.57,60.0
gpm6,GPM6,2026-08-22,11.17.05.2002,Bale Redelong,provisional_catchment,yes,4.796061970712406,97.0098682419131,Asia/Jakarta,Forecast Redelong representative point. BMKG ADM4 reference: 11.17.05.2002 (Bale Redelong). Initial BMKG reference for catchment point Spatial role: provisional_catchment. Area analisis provisional; menunggu konfirmasi batas DAS resmi.,03:00,7,6.9312,cukup,"BMKG,CMA,ECMWF,GFS,ICON,METEOFRANCE,UKMO",Berawan,86.7,Tinggi,14.59,+/-1.74,93.14,+/-6.15,0.0,+/-0.0,14.59,+/-1.74,27.9,14.4,57.7,0.0,0.0,0.0,1.74,6.15,0.0,1.74,7,1.0,8.57,60.0
gpm6,GPM6,2026-08-22,11.17.05.2002,Bale Redelong,provisional_catchment,yes,4.796061970712406,97.0098682419131,Asia/Jakarta,Forecast Redelong representative point. BMKG ADM4 reference: 11.17.05.2002 (Bale Redelong). Initial BMKG reference for catchment point Spatial role: provisional_catchment. Area analisis provisional; menunggu konfirmasi batas DAS resmi.,04:00,7,7.2416,cukup,"BMKG,CMA,ECMWF,GFS,ICON,METEOFRANCE,UKMO",Berawan,87.1,Tinggi,14.51,+/-1.7,92.53,+/-6.67,0.0,+/-0.0,14.51,+/-1.7,31.0,13.8,55.2,0.0,0.0,0.0,1.7,6.67,0.0,1.7,7,1.0,0.0,0.0
gpm6,GPM6,2026-08-22,11.17.05.2002,Bale Redelong,provisional_catchment,yes,4.796061970712406,97.0098682419131,Asia/Jakarta,Forecast Redelong representative point. BMKG ADM4 reference: 11.17.05.2002 (Bale Redelong). Initial BMKG reference for catchment point Spatial role: provisional_catchment. Area analisis provisional; menunggu konfirmasi batas DAS resmi.,05:00,7,6.9312,cukup,"BMKG,CMA,ECMWF,GFS,ICON,METEOFRANCE,UKMO",Berawan,86.8,Tinggi,14.38,+/-1.58,92.85,+/-6.06,0.0,+/-0.0,14.38,+/-1.58,13.4,28.9,57.7,0.0,0.0,0.0,1.58,6.06,0.0,1.58,7,1.0,8.57,60.0
gpm6,GPM6,2026-08-22,11.17.05.2002,Bale Redelong,provisional_catchment,yes,4.796061970712406,97.0098682419131,Asia/Jakarta,Forecast Redelong representative point. BMKG ADM4 reference: 11.17.05.2002 (Bale Redelong). Initial BMKG reference for catchment point Spatial role: provisional_catchment. Area analisis provisional; menunggu konfirmasi batas DAS resmi.,06:00,7,6.9312,cukup,"BMKG,CMA,ECMWF,GFS,ICON,METEOFRANCE,UKMO",Berawan,86.5,Tinggi,14.89,+/-2.05,92.42,+/-6.04,0.0,+/-0.0,14.89,+/-2.05,13.4,28.9,57.7,0.0,0.0,0.0,2.05,6.04,0.0,2.05,7,1.0,8.57,60.0
gpm6,GPM6,2026-08-22,11.17.05.2002,Bale Redelong,provisional_catchment,yes,4.796061970712406,97.0098682419131,Asia/Jakarta,Forecast Redelong representative point. BMKG ADM4 reference: 11.17.05.2002 (Bale Redelong). Initial BMKG reference for catchment point Spatial role: provisional_catchment. Area analisis provisional; menunggu konfirmasi batas DAS resmi.,07:00,7,7.2416,cukup,"BMKG,CMA,ECMWF,GFS,ICON,METEOFRANCE,UKMO",Berawan,90.5,Tinggi,15.55,+/-1.91,90.05,+/-5.74,0.0,+/-0.0,15.55,+/-1.91,17.1,13.8,69.0,0.0,0.0,0.0,1.91,5.74,0.0,1.91,7,1.0,0.0,0.0
gpm6,GPM6,2026-08-22,11.17.05.2002,Bale Redelong,provisional_catchment,yes,4.796061970712406,97.0098682419131,Asia/Jakarta,Forecast Redelong representative point. BMKG ADM4 reference: 11.17.05.2002 (Bale Redelong). Initial BMKG reference for catchment point Spatial role: provisional_catchment. Area analisis provisional; menunggu konfirmasi batas DAS resmi.,08:00,7,6.9312,cukup,"BMKG,CMA,ECMWF,GFS,ICON,METEOFRANCE,UKMO",Berawan,87.1,Tinggi,17.12,+/-1.12,85.64,+/-4.28,0.0,+/-0.0,17.12,+/-1.12,13.4,28.9,57.7,0.0,0.0,0.0,1.12,4.28,0.0,1.12,7,1.0,8.57,60.0
gpm6,GPM6,2026-08-22,11.17.05.2002,Bale Redelong,provisional_catchment,yes,4.796061970712406,97.0098682419131,Asia/Jakarta,Forecast Redelong representative point. BMKG ADM4 reference: 11.17.05.2002 (Bale Redelong). Initial BMKG reference for catchment point Spatial role: provisional_catchment. Area analisis provisional; menunggu konfirmasi batas DAS resmi.,09:00,7,6.9312,cukup,"BMKG,CMA,ECMWF,GFS,ICON,METEOFRANCE,UKMO",Berawan,86.9,Tinggi,19.1,+/-0.72,74.5,+/-10.13,0.0,+/-0.0,19.1,+/-0.72,27.9,14.4,57.7,0.0,0.0,0.0,0.72,10.13,0.0,0.72,7,1.0,8.57,60.0
gpm6,GPM6,2026-08-22,11.17.05.2002,Bale Redelong,provisional_catchment,yes,4.796061970712406,97.0098682419131,Asia/Jakarta,Forecast Redelong representative point. BMKG ADM4 reference: 11.17.05.2002 (Bale Redelong). Initial BMKG reference for catchment point Spatial role: provisional_catchment. Area analisis provisional; menunggu konfirmasi batas DAS resmi.,10:00,7,7.2416,cukup,"BMKG,CMA,ECMWF,GFS,ICON,METEOFRANCE,UKMO",Berawan,86.9,Tinggi,21.25,+/-1.53,69.71,+/-10.52,0.0,+/-0.0,21.25,+/-1.53,31.0,13.8,55.2,0.0,0.0,0.0,1.53,10.52,0.0,1.53,7,1.0,0.0,0.0
gpm6,GPM6,2026-08-22,11.17.05.2002,Bale Redelong,provisional_catchment,yes,4.796061970712406,97.0098682419131,Asia/Jakarta,Forecast Redelong representative point. BMKG ADM4 reference: 11.17.05.2002 (Bale Redelong). Initial BMKG reference for catchment point Spatial role: provisional_catchment. Area analisis provisional; menunggu konfirmasi batas DAS resmi.,11:00,7,6.9312,cukup,"BMKG,CMA,ECMWF,GFS,ICON,METEOFRANCE,UKMO",Hujan Ringan,86.1,Tinggi,21.76,+/-1.55,70.17,+/-11.78,0.3,+/-0.28,21.76,+/-1.55,27.9,0.0,14.4,57.7,0.0,0.0,1.55,11.78,0.28,1.55,7,1.0,8.57,60.0
gpm6,GPM6,2026-08-22,11.17.05.2002,Bale Redelong,provisional_catchment,yes,4.796061970712406,97.0098682419131,Asia/Jakarta,Forecast Redelong representative point. BMKG ADM4 reference: 11.17.05.2002 (Bale Redelong). Initial BMKG reference for catchment point Spatial role: provisional_catchment. Area analisis provisional; menunggu konfirmasi batas DAS resmi.,12:00,7,6.9312,cukup,"BMKG,CMA,ECMWF,GFS,ICON,METEOFRANCE,UKMO",Hujan Ringan,89.1,Tinggi,22.39,+/-2.08,70.13,+/-16.95,0.34,+/-0.27,22.39,+/-2.08,0.0,27.9,0.0,72.1,0.0,0.0,2.08,16.95,0.27,2.08,7,1.0,8.57,60.0
gpm6,GPM6,2026-08-22,11.17.05.2002,Bale Redelong,provisional_catchment,yes,4.796061970712406,97.0098682419131,Asia/Jakarta,Forecast Redelong representative point. BMKG ADM4 reference: 11.17.05.2002 (Bale Redelong). Initial BMKG reference for catchment point Spatial role: provisional_catchment. Area analisis provisional; menunggu konfirmasi batas DAS resmi.,13:00,7,7.2416,cukup,"BMKG,CMA,ECMWF,GFS,ICON,METEOFRANCE,UKMO",Hujan Ringan,88.8,Tinggi,22.35,+/-2.32,71.55,+/-18.88,0.93,+/-0.72,22.35,+/-2.32,0.0,17.1,0.0,69.0,0.0,13.8,2.32,18.88,0.72,2.32,7,1.0,0.0,0.0
gpm6,GPM6,2026-08-22,11.17.05.2002,Bale Redelong,provisional_catchment,yes,4.796061970712406,97.0098682419131,Asia/Jakarta,Forecast Redelong representative point. BMKG ADM4 reference: 11.17.05.2002 (Bale Redelong). Initial BMKG reference for catchment point Spatial role: provisional_catchment. Area analisis provisional; menunggu konfirmasi batas DAS resmi.,14:00,7,6.9312,cukup,"BMKG,CMA,ECMWF,GFS,ICON,METEOFRANCE,UKMO",Hujan Lebat,81.3,Tinggi,19.86,+/-1.29,78.07,+/-17.74,2.52,+/-1.45,19.86,+/-1.29,0.0,13.4,0.0,28.9,14.4,43.3,1.29,17.74,1.45,1.29,7,1.0,8.57,60.0
gpm6,GPM6,2026-08-22,11.17.05.2002,Bale Redelong,provisional_catchment,yes,4.796061970712406,97.0098682419131,Asia/Jakarta,Forecast Redelong representative point. BMKG ADM4 reference: 11.17.05.2002 (Bale Redelong). Initial BMKG reference for catchment point Spatial role: provisional_catchment. Area analisis provisional; menunggu konfirmasi batas DAS resmi.,15:00,7,6.9312,cukup,"BMKG,CMA,ECMWF,GFS,ICON,METEOFRANCE,UKMO",Hujan Ringan,78.1,Sedang,19.34,+/-1.4,83.03,+/-11.94,2.56,+/-1.44,19.34,+/-1.4,0.0,13.4,0.0,28.9,28.9,28.9,1.4,11.94,1.44,1.4,7,1.0,8.57,60.0
gpm6,GPM6,2026-08-22,11.17.05.2002,Bale Redelong,provisional_catchment,yes,4.796061970712406,97.0098682419131,Asia/Jakarta,Forecast Redelong representative point. BMKG ADM4 reference: 11.17.05.2002 (Bale Redelong). Initial BMKG reference for catchment point Spatial role: provisional_catchment. Area analisis provisional; menunggu konfirmasi batas DAS resmi.,16:00,7,7.2416,cukup,"BMKG,CMA,ECMWF,GFS,ICON,METEOFRANCE,UKMO",Hujan Ringan,82.7,Tinggi,20.17,+/-1.99,93.0,+/-1.0,2.4,+/-1.69,20.17,+/-1.99,0.0,17.1,0.0,41.4,13.8,27.6,1.99,1.0,1.69,1.99,7,1.0,0.0,0.0
gpm6,GPM6,2026-08-22,11.17.05.2002,Bale Redelong,provisional_catchment,yes,4.796061970712406,97.0098682419131,Asia/Jakarta,Forecast Redelong representative point. BMKG ADM4 reference: 11.17.05.2002 (Bale Redelong). Initial BMKG reference for catchment point Spatial role: provisional_catchment. Area analisis provisional; menunggu konfirmasi batas DAS resmi.,17:00,7,6.9312,cukup,"BMKG,CMA,ECMWF,GFS,ICON,METEOFRANCE,UKMO",Hujan Ringan,89.6,Tinggi,19.57,+/-1.94,89.83,+/-6.54,1.07,+/-0.78,19.57,+/-1.94,0.0,13.4,0.0,72.1,0.0,14.4,1.94,6.54,0.78,1.94,7,1.0,8.57,60.0
gpm6,GPM6,2026-08-22,11.17.05.2002,Bale Redelong,provisional_catchment,yes,4.796061970712406,97.0098682419131,Asia/Jakarta,Forecast Redelong representative point. BMKG ADM4 reference: 11.17.05.2002 (Bale Redelong). Initial BMKG reference for catchment point Spatial role: provisional_catchment. Area analisis provisional; menunggu konfirmasi batas DAS resmi.,18:00,7,6.9312,cukup,"BMKG,CMA,ECMWF,GFS,ICON,METEOFRANCE,UKMO",Hujan Ringan,93.9,Tinggi,18.35,+/-1.35,93.56,+/-3.12,0.83,+/-0.49,18.35,+/-1.35,0.0,13.4,0.0,86.6,0.0,0.0,1.35,3.12,0.49,1.35,7,1.0,8.57,60.0
gpm6,GPM6,2026-08-22,11.17.05.2002,Bale Redelong,provisional_catchment,yes,4.796061970712406,97.0098682419131,Asia/Jakarta,Forecast Redelong representative point. BMKG ADM4 reference: 11.17.05.2002 (Bale Redelong). Initial BMKG reference for catchment point Spatial role: provisional_catchment. Area analisis provisional; menunggu konfirmasi batas DAS resmi.,19:00,7,7.2416,cukup,"BMKG,CMA,ECMWF,GFS,ICON,METEOFRANCE,UKMO",Hujan Ringan,90.8,Tinggi,17.66,+/-1.6,96.24,+/-1.28,0.3,+/-0.2,17.66,+/-1.6,0.0,17.1,13.8,69.0,0.0,0.0,1.6,1.28,0.2,1.6,7,1.0,0.0,0.0
gpm6,GPM6,2026-08-22,11.17.05.2002,Bale Redelong,provisional_catchment,yes,4.796061970712406,97.0098682419131,Asia/Jakarta,Forecast Redelong representative point. BMKG ADM4 reference: 11.17.05.2002 (Bale Redelong). Initial BMKG reference for catchment point Spatial role: provisional_catchment. Area analisis provisional; menunggu konfirmasi batas DAS resmi.,20:00,7,6.9312,cukup,"BMKG,CMA,ECMWF,GFS,ICON,METEOFRANCE,UKMO",Hujan Ringan,83.4,Tinggi,17.27,+/-1.68,96.88,+/-1.24,0.08,+/-0.09,17.27,+/-1.68,0.0,27.9,28.9,43.3,0.0,0.0,1.68,1.24,0.09,1.68,7,1.0,8.57,60.0
gpm6,GPM6,2026-08-22,11.17.05.2002,Bale Redelong,provisional_catchment,yes,4.796061970712406,97.0098682419131,Asia/Jakarta,Forecast Redelong representative point. BMKG ADM4 reference: 11.17.05.2002 (Bale Redelong). Initial BMKG reference for catchment point Spatial role: provisional_catchment. Area analisis provisional; menunggu konfirmasi batas DAS resmi.,21:00,7,6.9312,cukup,"BMKG,CMA,ECMWF,GFS,ICON,METEOFRANCE,UKMO",Hujan Ringan,83.4,Tinggi,16.68,+/-1.64,97.7,+/-1.28,0.08,+/-0.09,16.68,+/-1.64,0.0,14.4,42.3,43.3,0.0,0.0,1.64,1.28,0.09,1.64,7,1.0,8.57,60.0
gpm6,GPM6,2026-08-22,11.17.05.2002,Bale Redelong,provisional_catchment,yes,4.796061970712406,97.0098682419131,Asia/Jakarta,Forecast Redelong representative point. BMKG ADM4 reference: 11.17.05.2002 (Bale Redelong). Initial BMKG reference for catchment point Spatial role: provisional_catchment. Area analisis provisional; menunggu konfirmasi batas DAS resmi.,22:00,7,7.2416,cukup,"BMKG,CMA,ECMWF,GFS,ICON,METEOFRANCE,UKMO",Berawan,84.7,Tinggi,16.46,+/-1.71,97.2,+/-2.22,0.08,+/-0.09,16.46,+/-1.71,13.8,0.0,44.8,41.4,0.0,0.0,1.71,2.22,0.09,1.71,7,1.0,0.0,0.0
gpm6,GPM6,2026-08-22,11.17.05.2002,Bale Redelong,provisional_catchment,yes,4.796061970712406,97.0098682419131,Asia/Jakarta,Forecast Redelong representative point. BMKG ADM4 reference: 11.17.05.2002 (Bale Redelong). Initial BMKG reference for catchment point Spatial role: provisional_catchment. Area analisis provisional; menunggu konfirmasi batas DAS resmi.,23:00,7,6.9312,cukup,"BMKG,CMA,ECMWF,GFS,ICON,METEOFRANCE,UKMO",Berawan,90.2,Tinggi,16.16,+/-1.73,96.4,+/-3.47,0.02,+/-0.04,16.16,+/-1.73,0.0,14.4,71.1,14.4,0.0,0.0,1.73,3.47,0.04,1.73,7,1.0,8.57,60.0
gpm6,GPM6,2026-08-23,11.17.05.2002,Bale Redelong,provisional_catchment,yes,4.796061970712406,97.0098682419131,Asia/Jakarta,Forecast Redelong representative point. BMKG ADM4 reference: 11.17.05.2002 (Bale Redelong). Initial BMKG reference for catchment point Spatial role: provisional_catchment. Area analisis provisional; menunggu konfirmasi batas DAS resmi.,00:00,6,6.0,cukup,"CMA,ECMWF,GFS,ICON,METEOFRANCE,UKMO",Berawan,76.7,Sedang,15.73,+/-1.73,96.0,+/-3.56,0.02,+/-0.04,15.73,+/-1.73,0.0,33.3,50.0,16.7,0.0,0.0,1.73,3.56,0.04,1.73,7,0.8571,0.0,0.0
gpm6,GPM6,2026-08-23,11.17.05.2002,Bale Redelong,provisional_catchment,yes,4.796061970712406,97.0098682419131,Asia/Jakarta,Forecast Redelong representative point. BMKG ADM4 reference: 11.17.05.2002 (Bale Redelong). Initial BMKG reference for catchment point Spatial role: provisional_catchment. Area analisis provisional; menunggu konfirmasi batas DAS resmi.,01:00,6,6.0,cukup,"CMA,ECMWF,GFS,ICON,METEOFRANCE,UKMO",Berawan,81.0,Tinggi,15.43,+/-1.56,96.33,+/-2.92,0.02,+/-0.04,15.43,+/-1.56,0.0,16.7,66.7,16.7,0.0,0.0,1.56,2.92,0.04,1.56,7,0.8571,0.0,0.0
gpm6,GPM6,2026-08-23,11.17.05.2002,Bale Redelong,provisional_catchment,yes,4.796061970712406,97.0098682419131,Asia/Jakarta,Forecast Redelong representative point. BMKG ADM4 reference: 11.17.05.2002 (Bale Redelong). Initial BMKG reference for catchment point Spatial role: provisional_catchment. Area analisis provisional; menunggu konfirmasi batas DAS resmi.,02:00,6,6.0,cukup,"CMA,ECMWF,GFS,ICON,METEOFRANCE,UKMO",Berawan,81.1,Tinggi,15.25,+/-1.44,95.83,+/-3.58,0.0,+/-0.0,15.25,+/-1.44,0.0,33.3,66.7,0.0,0.0,0.0,1.44,3.58,0.0,1.44,7,0.8571,0.0,0.0
gpm6,GPM6,2026-08-23,11.17.05.2002,Bale Redelong,provisional_catchment,yes,4.796061970712406,97.0098682419131,Asia/Jakarta,Forecast Redelong representative point. BMKG ADM4 reference: 11.17.05.2002 (Bale Redelong). Initial BMKG reference for catchment point Spatial role: provisional_catchment. Area analisis provisional; menunggu konfirmasi batas DAS resmi.,03:00,6,6.0,cukup,"CMA,ECMWF,GFS,ICON,METEOFRANCE,UKMO",Cerah Berawan,81.2,Tinggi,15.05,+/-1.3,95.83,+/-3.24,0.0,+/-0.0,15.05,+/-1.3,0.0,66.7,33.3,0.0,0.0,0.0,1.3,3.24,0.0,1.3,7,0.8571,0.0,0.0
gpm6,GPM6,2026-08-23,11.17.05.2002,Bale Redelong,provisional_catchment,yes,4.796061970712406,97.0098682419131,Asia/Jakarta,Forecast Redelong representative point. BMKG ADM4 reference: 11.17.05.2002 (Bale Redelong). Initial BMKG reference for catchment point Spatial role: provisional_catchment. Area analisis provisional; menunggu konfirmasi batas DAS resmi.,04:00,6,6.0,cukup,"CMA,ECMWF,GFS,ICON,METEOFRANCE,UKMO",Berawan,81.2,Tinggi,14.9,+/-1.19,95.67,+/-3.3,0.0,+/-0.0,14.9,+/-1.19,0.0,33.3,66.7,0.0,0.0,0.0,1.19,3.3,0.0,1.19,7,0.8571,0.0,0.0
gpm6,GPM6,2026-08-23,11.17.05.2002,Bale Redelong,provisional_catchment,yes,4.796061970712406,97.0098682419131,Asia/Jakarta,Forecast Redelong representative point. BMKG ADM4 reference: 11.17.05.2002 (Bale Redelong). Initial BMKG reference for catchment point Spatial role: provisional_catchment. Area analisis provisional; menunggu konfirmasi batas DAS resmi.,05:00,6,6.0,cukup,"CMA,ECMWF,GFS,ICON,METEOFRANCE,UKMO",Berawan,77.1,Sedang,14.62,+/-1.03,95.67,+/-3.64,0.0,+/-0.0,14.62,+/-1.03,0.0,50.0,50.0,0.0,0.0,0.0,1.03,3.64,0.0,1.03,7,0.8571,0.0,0.0
gpm6,GPM6,2026-08-23,11.17.05.2002,Bale Redelong,provisional_catchment,yes,4.796061970712406,97.0098682419131,Asia/Jakarta,Forecast Redelong representative point. BMKG ADM4 reference: 11.17.05.2002 (Bale Redelong). Initial BMKG reference for catchment point Spatial role: provisional_catchment. Area analisis provisional; menunggu konfirmasi batas DAS resmi.,06:00,6,6.0,cukup,"CMA,ECMWF,GFS,ICON,METEOFRANCE,UKMO",Berawan,77.2,Sedang,14.32,+/-0.96,96.33,+/-3.68,0.0,+/-0.0,14.32,+/-0.96,0.0,50.0,50.0,0.0,0.0,0.0,0.96,3.68,0.0,0.96,7,0.8571,0.0,0.0
gpm6,GPM6,2026-08-23,11.17.05.2002,Bale Redelong,provisional_catchment,yes,4.796061970712406,97.0098682419131,Asia/Jakarta,Forecast Redelong representative point. BMKG ADM4 reference: 11.17.05.2002 (Bale Redelong). Initial BMKG reference for catchment point Spatial role: provisional_catchment. Area analisis provisional; menunggu konfirmasi batas DAS resmi.,07:00,6,6.0,cukup,"CMA,ECMWF,GFS,ICON,METEOFRANCE,UKMO",Berawan,77.1,Sedang,14.67,+/-1.0,94.83,+/-3.62,0.0,+/-0.0,14.67,+/-1.0,0.0,50.0,50.0,0.0,0.0,0.0,1.0,3.62,0.0,1.0,7,0.8571,0.0,0.0
gpm6,GPM6,2026-08-23,11.17.05.2002,Bale Redelong,provisional_catchment,yes,4.796061970712406,97.0098682419131,Asia/Jakarta,Forecast Redelong representative point. BMKG ADM4 reference: 11.17.05.2002 (Bale Redelong). Initial BMKG reference for catchment point Spatial role: provisional_catchment. Area analisis provisional; menunggu konfirmasi batas DAS resmi.,08:00,6,6.0,cukup,"CMA,ECMWF,GFS,ICON,METEOFRANCE,UKMO",Berawan,77.1,Sedang,16.62,+/-0.91,87.83,+/-4.37,0.0,+/-0.0,16.62,+/-0.91,0.0,50.0,50.0,0.0,0.0,0.0,0.91,4.37,0.0,0.91,7,0.8571,0.0,0.0
gpm6,GPM6,2026-08-23,11.17.05.2002,Bale Redelong,provisional_catchment,yes,4.796061970712406,97.0098682419131,Asia/Jakarta,Forecast Redelong representative point. BMKG ADM4 reference: 11.17.05.2002 (Bale Redelong). Initial BMKG reference for catchment point Spatial role: provisional_catchment. Area analisis provisional; menunggu konfirmasi batas DAS resmi.,09:00,6,6.0,cukup,"CMA,ECMWF,GFS,ICON,METEOFRANCE,UKMO",Berawan,77.1,Sedang,19.02,+/-0.94,81.4,+/-3.93,0.0,+/-0.0,19.02,+/-0.94,0.0,50.0,50.0,0.0,0.0,0.0,0.94,3.93,0.0,0.94,7,0.8571,0.0,0.0
gpm6,GPM6,2026-08-23,11.17.05.2002,Bale Redelong,provisional_catchment,yes,4.796061970712406,97.0098682419131,Asia/Jakarta,Forecast Redelong representative point. BMKG ADM4 reference: 11.17.05.2002 (Bale Redelong). Initial BMKG reference for catchment point Spatial role: provisional_catchment. Area analisis provisional; menunggu konfirmasi batas DAS resmi.,10:00,6,6.0,cukup,"CMA,ECMWF,GFS,ICON,METEOFRANCE,UKMO",Berawan,80.9,Tinggi,20.83,+/-1.01,72.67,+/-8.9,0.0,+/-0.0,20.83,+/-1.01,0.0,33.3,66.7,0.0,0.0,0.0,1.01,8.9,0.0,1.01,7,0.8571,0.0,0.0
gpm6,GPM6,2026-08-23,11.17.05.2002,Bale Redelong,provisional_catchment,yes,4.796061970712406,97.0098682419131,Asia/Jakarta,Forecast Redelong representative point. BMKG ADM4 reference: 11.17.05.2002 (Bale Redelong). Initial BMKG reference for catchment point Spatial role: provisional_catchment. Area analisis provisional; menunggu konfirmasi batas DAS resmi.,11:00,6,6.0,cukup,"CMA,ECMWF,GFS,ICON,METEOFRANCE,UKMO",Hujan Ringan,76.2,Sedang,21.48,+/-1.23,73.0,+/-10.63,0.62,+/-0.37,21.48,+/-1.23,0.0,16.7,0.0,50.0,16.7,16.7,1.23,10.63,0.37,1.23,7,0.8571,0.0,0.0
gpm6,GPM6,2026-08-23,11.17.05.2002,Bale Redelong,provisional_catchment,yes,4.796061970712406,97.0098682419131,Asia/Jakarta,Forecast Redelong representative point. BMKG ADM4 reference: 11.17.05.2002 (Bale Redelong). Initial BMKG reference for catchment point Spatial role: provisional_catchment. Area analisis provisional; menunggu konfirmasi batas DAS resmi.,12:00,6,6.0,cukup,"CMA,ECMWF,GFS,ICON,METEOFRANCE,UKMO",Hujan Ringan,80.3,Tinggi,21.25,+/-1.34,78.5,+/-11.98,0.7,+/-0.25,21.25,+/-1.34,0.0,0.0,0.0,66.7,0.0,33.3,1.34,11.98,0.25,1.34,7,0.8571,0.0,0.0
gpm6,GPM6,2026-08-23,11.17.05.2002,Bale Redelong,provisional_catchment,yes,4.796061970712406,97.0098682419131,Asia/Jakarta,Forecast Redelong representative point. BMKG ADM4 reference: 11.17.05.2002 (Bale Redelong). Initial BMKG reference for catchment point Spatial role: provisional_catchment. Area analisis provisional; menunggu konfirmasi batas DAS resmi.,13:00,6,6.0,cukup,"CMA,ECMWF,GFS,ICON,METEOFRANCE,UKMO",Hujan Ringan,80.3,Tinggi,20.6,+/-1.42,84.83,+/-12.1,0.86,+/-0.27,20.6,+/-1.42,0.0,0.0,0.0,66.7,0.0,33.3,1.42,12.1,0.27,1.42,7,0.8571,0.0,0.0
gpm6,GPM6,2026-08-23,11.17.05.2002,Bale Redelong,provisional_catchment,yes,4.796061970712406,97.0098682419131,Asia/Jakarta,Forecast Redelong representative point. BMKG ADM4 reference: 11.17.05.2002 (Bale Redelong). Initial BMKG reference for catchment point Spatial role: provisional_catchment. Area analisis provisional; menunggu konfirmasi batas DAS resmi.,14:00,6,6.0,cukup,"CMA,ECMWF,GFS,ICON,METEOFRANCE,UKMO",Hujan Lebat,74.9,Sedang,20.17,+/-1.42,87.83,+/-11.31,3.28,+/-1.93,20.17,+/-1.42,0.0,0.0,0.0,33.3,16.7,50.0,1.42,11.31,1.93,1.42,7,0.8571,0.0,0.0
gpm6,GPM6,2026-08-23,11.17.05.2002,Bale Redelong,provisional_catchment,yes,4.796061970712406,97.0098682419131,Asia/Jakarta,Forecast Redelong representative point. BMKG ADM4 reference: 11.17.05.2002 (Bale Redelong). Initial BMKG reference for catchment point Spatial role: provisional_catchment. Area analisis provisional; menunggu konfirmasi batas DAS resmi.,15:00,6,6.0,cukup,"CMA,ECMWF,GFS,ICON,METEOFRANCE,UKMO",Hujan Sedang,70.9,Sedang,19.7,+/-1.26,88.5,+/-9.88,3.3,+/-1.91,19.7,+/-1.26,0.0,0.0,0.0,33.3,33.3,33.3,1.26,9.88,1.91,1.26,7,0.8571,0.0,0.0
gpm6,GPM6,2026-08-23,11.17.05.2002,Bale Redelong,provisional_catchment,yes,4.796061970712406,97.0098682419131,Asia/Jakarta,Forecast Redelong representative point. BMKG ADM4 reference: 11.17.05.2002 (Bale Redelong). Initial BMKG reference for catchment point Spatial role: provisional_catchment. Area analisis provisional; menunggu konfirmasi batas DAS resmi.,16:00,6,6.0,cukup,"CMA,ECMWF,GFS,ICON,METEOFRANCE,UKMO",Hujan Sedang,71.3,Sedang,19.1,+/-1.14,90.33,+/-7.41,3.44,+/-1.78,19.1,+/-1.14,0.0,0.0,0.0,33.3,33.3,33.3,1.14,7.41,1.78,1.14,7,0.8571,0.0,0.0
gpm6,GPM6,2026-08-23,11.17.05.2002,Bale Redelong,provisional_catchment,yes,4.796061970712406,97.0098682419131,Asia/Jakarta,Forecast Redelong representative point. BMKG ADM4 reference: 11.17.05.2002 (Bale Redelong). Initial BMKG reference for catchment point Spatial role: provisional_catchment. Area analisis provisional; menunggu konfirmasi batas DAS resmi.,17:00,6,6.0,cukup,"CMA,ECMWF,GFS,ICON,METEOFRANCE,UKMO",Hujan Ringan,76.6,Sedang,18.52,+/-0.26,92.0,+/-5.07,1.56,+/-1.11,18.52,+/-0.26,0.0,0.0,16.7,50.0,16.7,16.7,0.26,5.07,1.11,0.26,7,0.8571,0.0,0.0
gpm6,GPM6,2026-08-23,11.17.05.2002,Bale Redelong,provisional_catchment,yes,4.796061970712406,97.0098682419131,Asia/Jakarta,Forecast Redelong representative point. BMKG ADM4 reference: 11.17.05.2002 (Bale Redelong). Initial BMKG reference for catchment point Spatial role: provisional_catchment. Area analisis provisional; menunggu konfirmasi batas DAS resmi.,18:00,6,6.0,cukup,"CMA,ECMWF,GFS,ICON,METEOFRANCE,UKMO",Hujan Ringan,76.2,Sedang,17.87,+/-1.29,94.17,+/-2.67,1.58,+/-1.11,17.87,+/-1.29,0.0,0.0,16.7,50.0,16.7,16.7,1.29,2.67,1.11,1.29,7,0.8571,0.0,0.0
gpm6,GPM6,2026-08-23,11.17.05.2002,Bale Redelong,provisional_catchment,yes,4.796061970712406,97.0098682419131,Asia/Jakarta,Forecast Redelong representative point. BMKG ADM4 reference: 11.17.05.2002 (Bale Redelong). Initial BMKG reference for catchment point Spatial role: provisional_catchment. Area analisis provisional; menunggu konfirmasi batas DAS resmi.,19:00,6,6.0,cukup,"CMA,ECMWF,GFS,ICON,METEOFRANCE,UKMO",Hujan Ringan,76.1,Sedang,17.15,+/-1.63,95.67,+/-1.89,1.68,+/-1.12,17.15,+/-1.63,0.0,0.0,16.7,50.0,16.7,16.7,1.63,1.89,1.12,1.63,7,0.8571,0.0,0.0
gpm6,GPM6,2026-08-23,11.17.05.2002,Bale Redelong,provisional_catchment,yes,4.796061970712406,97.0098682419131,Asia/Jakarta,Forecast Redelong representative point. BMKG ADM4 reference: 11.17.05.2002 (Bale Redelong). Initial BMKG reference for catchment point Spatial role: provisional_catchment. Area analisis provisional; menunggu konfirmasi batas DAS resmi.,20:00,6,6.0,cukup,"CMA,ECMWF,GFS,ICON,METEOFRANCE,UKMO",Berawan,77.0,Sedang,16.75,+/-1.57,97.0,+/-0.63,0.03,+/-0.04,16.75,+/-1.57,0.0,0.0,50.0,50.0,0.0,0.0,1.57,0.63,0.04,1.57,7,0.8571,0.0,0.0
gpm6,GPM6,2026-08-23,11.17.05.2002,Bale Redelong,provisional_catchment,yes,4.796061970712406,97.0098682419131,Asia/Jakarta,Forecast Redelong representative point. BMKG ADM4 reference: 11.17.05.2002 (Bale Redelong). Initial BMKG reference for catchment point Spatial role: provisional_catchment. Area analisis provisional; menunggu konfirmasi batas DAS resmi.,21:00,6,6.0,cukup,"CMA,ECMWF,GFS,ICON,METEOFRANCE,UKMO",Berawan,80.6,Tinggi,16.35,+/-1.54,97.5,+/-0.76,0.4,+/-0.85,16.35,+/-1.54,0.0,0.0,66.7,33.3,0.0,0.0,1.54,0.76,0.85,1.54,7,0.8571,0.0,0.0
gpm6,GPM6,2026-08-23,11.17.05.2002,Bale Redelong,provisional_catchment,yes,4.796061970712406,97.0098682419131,Asia/Jakarta,Forecast Redelong representative point. BMKG ADM4 reference: 11.17.05.2002 (Bale Redelong). Initial BMKG reference for catchment point Spatial role: provisional_catchment. Area analisis provisional; menunggu konfirmasi batas DAS resmi.,22:00,6,6.0,cukup,"CMA,ECMWF,GFS,ICON,METEOFRANCE,UKMO",Berawan,80.6,Tinggi,16.05,+/-1.53,97.5,+/-1.26,0.4,+/-0.85,16.05,+/-1.53,0.0,0.0,66.7,33.3,0.0,0.0,1.53,1.26,0.85,1.53,7,0.8571,0.0,0.0
gpm6,GPM6,2026-08-23,11.17.05.2002,Bale Redelong,provisional_catchment,yes,4.796061970712406,97.0098682419131,Asia/Jakarta,Forecast Redelong representative point. BMKG ADM4 reference: 11.17.05.2002 (Bale Redelong). Initial BMKG reference for catchment point Spatial role: provisional_catchment. Area analisis provisional; menunggu konfirmasi batas DAS resmi.,23:00,6,6.0,cukup,"CMA,ECMWF,GFS,ICON,METEOFRANCE,UKMO",Berawan,76.4,Sedang,15.72,+/-1.6,97.5,+/-1.26,0.38,+/-0.81,15.72,+/-1.6,16.7,0.0,50.0,33.3,0.0,0.0,1.6,1.26,0.81,1.6,7,0.8571,0.0,0.0
gpm_grid_tamatue,GPM Grid TamaTue,2026-08-20,11.17.05.2002,Bale Redelong,external_comparison,yes,4.649902718619309,96.85017949357464,Asia/Jakarta,Forecast Redelong representative point. BMKG ADM4 reference: 11.17.05.2002 (Bale Redelong). Initial BMKG reference for catchment grid Spatial role: external_comparison. Grid terpisah dan terlalu jauh untuk langsung diasumsikan berkontribusi; hanya titik pembanding sampai konektivitas DAS dikonfirmasi.,00:00,6,6.0,cukup,"CMA,ECMWF,GFS,ICON,METEOFRANCE,UKMO",Berawan,89.1,Tinggi,18.3,+/-1.15,78.67,+/-10.16,0.0,+/-0.0,18.3,+/-1.15,0.0,0.0,100.0,0.0,0.0,0.0,1.15,10.16,0.0,1.15,7,0.8571,0.0,0.0
gpm_grid_tamatue,GPM Grid TamaTue,2026-08-20,11.17.05.2002,Bale Redelong,external_comparison,yes,4.649902718619309,96.85017949357464,Asia/Jakarta,Forecast Redelong representative point. BMKG ADM4 reference: 11.17.05.2002 (Bale Redelong). Initial BMKG reference for catchment grid Spatial role: external_comparison. Grid terpisah dan terlalu jauh untuk langsung diasumsikan berkontribusi; hanya titik pembanding sampai konektivitas DAS dikonfirmasi.,01:00,6,6.0,cukup,"CMA,ECMWF,GFS,ICON,METEOFRANCE,UKMO",Berawan,89.2,Tinggi,18.12,+/-1.17,75.5,+/-8.94,0.0,+/-0.0,18.12,+/-1.17,0.0,0.0,100.0,0.0,0.0,0.0,1.17,8.94,0.0,1.17,7,0.8571,0.0,0.0
gpm_grid_tamatue,GPM Grid TamaTue,2026-08-20,11.17.05.2002,Bale Redelong,external_comparison,yes,4.649902718619309,96.85017949357464,Asia/Jakarta,Forecast Redelong representative point. BMKG ADM4 reference: 11.17.05.2002 (Bale Redelong). Initial BMKG reference for catchment grid Spatial role: external_comparison. Grid terpisah dan terlalu jauh untuk langsung diasumsikan berkontribusi; hanya titik pembanding sampai konektivitas DAS dikonfirmasi.,02:00,6,6.0,cukup,"CMA,ECMWF,GFS,ICON,METEOFRANCE,UKMO",Berawan,89.0,Tinggi,17.92,+/-1.26,74.0,+/-10.2,0.0,+/-0.0,17.92,+/-1.26,0.0,0.0,100.0,0.0,0.0,0.0,1.26,10.2,0.0,1.26,7,0.8571,0.0,0.0
gpm_grid_tamatue,GPM Grid TamaTue,2026-08-20,11.17.05.2002,Bale Redelong,external_comparison,yes,4.649902718619309,96.85017949357464,Asia/Jakarta,Forecast Redelong representative point. BMKG ADM4 reference: 11.17.05.2002 (Bale Redelong). Initial BMKG reference for catchment grid Spatial role: external_comparison. Grid terpisah dan terlalu jauh untuk langsung diasumsikan berkontribusi; hanya titik pembanding sampai konektivitas DAS dikonfirmasi.,03:00,6,6.0,cukup,"CMA,ECMWF,GFS,ICON,METEOFRANCE,UKMO",Berawan,89.6,Tinggi,17.78,+/-1.4,73.5,+/-1.66,0.0,+/-0.0,17.78,+/-1.4,0.0,0.0,100.0,0.0,0.0,0.0,1.4,1.66,0.0,1.4,7,0.8571,0.0,0.0
gpm_grid_tamatue,GPM Grid TamaTue,2026-08-20,11.17.05.2002,Bale Redelong,external_comparison,yes,4.649902718619309,96.85017949357464,Asia/Jakarta,Forecast Redelong representative point. BMKG ADM4 reference: 11.17.05.2002 (Bale Redelong). Initial BMKG reference for catchment grid Spatial role: external_comparison. Grid terpisah dan terlalu jauh untuk langsung diasumsikan berkontribusi; hanya titik pembanding sampai konektivitas DAS dikonfirmasi.,04:00,7,6.6868,cukup,"BMKG,CMA,ECMWF,GFS,ICON,METEOFRANCE,UKMO",Berawan,96.9,Tinggi,17.73,+/-1.36,72.41,+/-2.42,0.0,+/-0.0,17.73,+/-1.36,0.0,0.0,100.0,0.0,0.0,0.0,1.36,2.42,0.0,1.36,7,1.0,25.71,180.0
gpm_grid_tamatue,GPM Grid TamaTue,2026-08-20,11.17.05.2002,Bale Redelong,external_comparison,yes,4.649902718619309,96.85017949357464,Asia/Jakarta,Forecast Redelong representative point. BMKG ADM4 reference: 11.17.05.2002 (Bale Redelong). Initial BMKG reference for catchment grid Spatial role: external_comparison. Grid terpisah dan terlalu jauh untuk langsung diasumsikan berkontribusi; hanya titik pembanding sampai konektivitas DAS dikonfirmasi.,05:00,7,6.6868,cukup,"BMKG,CMA,ECMWF,GFS,ICON,METEOFRANCE,UKMO",Berawan,96.1,Tinggi,17.6,+/-1.29,71.69,+/-13.25,0.0,+/-0.0,17.6,+/-1.29,0.0,0.0,100.0,0.0,0.0,0.0,1.29,13.25,0.0,1.29,7,1.0,17.14,120.0
gpm_grid_tamatue,GPM Grid TamaTue,2026-08-20,11.17.05.2002,Bale Redelong,external_comparison,yes,4.649902718619309,96.85017949357464,Asia/Jakarta,Forecast Redelong representative point. BMKG ADM4 reference: 11.17.05.2002 (Bale Redelong). Initial BMKG reference for catchment grid Spatial role: external_comparison. Grid terpisah dan terlalu jauh untuk langsung diasumsikan berkontribusi; hanya titik pembanding sampai konektivitas DAS dikonfirmasi.,06:00,7,6.9366,cukup,"BMKG,CMA,ECMWF,GFS,ICON,METEOFRANCE,UKMO",Berawan,97.0,Tinggi,17.32,+/-1.37,73.04,+/-12.24,0.0,+/-0.0,17.32,+/-1.37,0.0,0.0,100.0,0.0,0.0,0.0,1.37,12.24,0.0,1.37,7,1.0,8.57,60.0
gpm_grid_tamatue,GPM Grid TamaTue,2026-08-20,11.17.05.2002,Bale Redelong,external_comparison,yes,4.649902718619309,96.85017949357464,Asia/Jakarta,Forecast Redelong representative point. BMKG ADM4 reference: 11.17.05.2002 (Bale Redelong). Initial BMKG reference for catchment grid Spatial role: external_comparison. Grid terpisah dan terlalu jauh untuk langsung diasumsikan berkontribusi; hanya titik pembanding sampai konektivitas DAS dikonfirmasi.,07:00,7,7.2488,cukup,"BMKG,CMA,ECMWF,GFS,ICON,METEOFRANCE,UKMO",Berawan,98.2,Tinggi,17.6,+/-1.19,73.14,+/-11.93,0.0,+/-0.0,17.6,+/-1.19,0.0,0.0,100.0,0.0,0.0,0.0,1.19,11.93,0.0,1.19,7,1.0,0.0,0.0
gpm_grid_tamatue,GPM Grid TamaTue,2026-08-20,11.17.05.2002,Bale Redelong,external_comparison,yes,4.649902718619309,96.85017949357464,Asia/Jakarta,Forecast Redelong representative point. BMKG ADM4 reference: 11.17.05.2002 (Bale Redelong). Initial BMKG reference for catchment grid Spatial role: external_comparison. Grid terpisah dan terlalu jauh untuk langsung diasumsikan berkontribusi; hanya titik pembanding sampai konektivitas DAS dikonfirmasi.,08:00,7,6.9366,cukup,"BMKG,CMA,ECMWF,GFS,ICON,METEOFRANCE,UKMO",Berawan,97.1,Tinggi,19.02,+/-1.07,70.73,+/-12.99,0.0,+/-0.0,19.02,+/-1.07,0.0,0.0,100.0,0.0,0.0,0.0,1.07,12.99,0.0,1.07,7,1.0,8.57,60.0
gpm_grid_tamatue,GPM Grid TamaTue,2026-08-20,11.17.05.2002,Bale Redelong,external_comparison,yes,4.649902718619309,96.85017949357464,Asia/Jakarta,Forecast Redelong representative point. BMKG ADM4 reference: 11.17.05.2002 (Bale Redelong). Initial BMKG reference for catchment grid Spatial role: external_comparison. Grid terpisah dan terlalu jauh untuk langsung diasumsikan berkontribusi; hanya titik pembanding sampai konektivitas DAS dikonfirmasi.,09:00,7,6.9366,cukup,"BMKG,CMA,ECMWF,GFS,ICON,METEOFRANCE,UKMO",Berawan,96.7,Tinggi,21.67,+/-1.33,59.29,+/-16.16,0.0,+/-0.0,21.67,+/-1.33,0.0,0.0,100.0,0.0,0.0,0.0,1.33,16.16,0.0,1.33,7,1.0,8.57,60.0
gpm_grid_tamatue,GPM Grid TamaTue,2026-08-20,11.17.05.2002,Bale Redelong,external_comparison,yes,4.649902718619309,96.85017949357464,Asia/Jakarta,Forecast Redelong representative point. BMKG ADM4 reference: 11.17.05.2002 (Bale Redelong). Initial BMKG reference for catchment grid Spatial role: external_comparison. Grid terpisah dan terlalu jauh untuk langsung diasumsikan berkontribusi; hanya titik pembanding sampai konektivitas DAS dikonfirmasi.,10:00,7,7.2488,cukup,"BMKG,CMA,ECMWF,GFS,ICON,METEOFRANCE,UKMO",Berawan,98.3,Tinggi,23.27,+/-0.38,51.83,+/-15.54,0.0,+/-0.0,23.27,+/-0.38,0.0,0.0,100.0,0.0,0.0,0.0,0.38,15.54,0.0,0.38,7,1.0,0.0,0.0
gpm_grid_tamatue,GPM Grid TamaTue,2026-08-20,11.17.05.2002,Bale Redelong,external_comparison,yes,4.649902718619309,96.85017949357464,Asia/Jakarta,Forecast Redelong representative point. BMKG ADM4 reference: 11.17.05.2002 (Bale Redelong). Initial BMKG reference for catchment grid Spatial role: external_comparison. Grid terpisah dan terlalu jauh untuk langsung diasumsikan berkontribusi; hanya titik pembanding sampai konektivitas DAS dikonfirmasi.,11:00,7,6.9366,cukup,"BMKG,CMA,ECMWF,GFS,ICON,METEOFRANCE,UKMO",Berawan,96.6,Tinggi,24.64,+/-1.65,48.33,+/-15.46,0.0,+/-0.0,24.64,+/-1.65,0.0,0.0,100.0,0.0,0.0,0.0,1.65,15.46,0.0,1.65,7,1.0,8.57,60.0
gpm_grid_tamatue,GPM Grid TamaTue,2026-08-20,11.17.05.2002,Bale Redelong,external_comparison,yes,4.649902718619309,96.85017949357464,Asia/Jakarta,Forecast Redelong representative point. BMKG ADM4 reference: 11.17.05.2002 (Bale Redelong). Initial BMKG reference for catchment grid Spatial role: external_comparison. Grid terpisah dan terlalu jauh untuk langsung diasumsikan berkontribusi; hanya titik pembanding sampai konektivitas DAS dikonfirmasi.,12:00,7,6.9366,cukup,"BMKG,CMA,ECMWF,GFS,ICON,METEOFRANCE,UKMO",Berawan,96.8,Tinggi,25.86,+/-1.37,46.04,+/-14.24,0.0,+/-0.0,25.86,+/-1.37,0.0,0.0,100.0,0.0,0.0,0.0,1.37,14.24,0.0,1.37,7,1.0,8.57,60.0
gpm_grid_tamatue,GPM Grid TamaTue,2026-08-20,11.17.05.2002,Bale Redelong,external_comparison,yes,4.649902718619309,96.85017949357464,Asia/Jakarta,Forecast Redelong representative point. BMKG ADM4 reference: 11.17.05.2002 (Bale Redelong). Initial BMKG reference for catchment grid Spatial role: external_comparison. Grid terpisah dan terlalu jauh untuk langsung diasumsikan berkontribusi; hanya titik pembanding sampai konektivitas DAS dikonfirmasi.,13:00,7,7.2488,cukup,"BMKG,CMA,ECMWF,GFS,ICON,METEOFRANCE,UKMO",Berawan,98.1,Tinggi,26.23,+/-1.27,45.59,+/-12.69,0.0,+/-0.0,26.28,+/-1.31,0.0,0.0,100.0,0.0,0.0,0.0,1.27,12.69,0.0,1.31,7,1.0,0.0,0.0
gpm_grid_tamatue,GPM Grid TamaTue,2026-08-20,11.17.05.2002,Bale Redelong,external_comparison,yes,4.649902718619309,96.85017949357464,Asia/Jakarta,Forecast Redelong representative point. BMKG ADM4 reference: 11.17.05.2002 (Bale Redelong). Initial BMKG reference for catchment grid Spatial role: external_comparison. Grid terpisah dan terlalu jauh untuk langsung diasumsikan berkontribusi; hanya titik pembanding sampai konektivitas DAS dikonfirmasi.,14:00,7,6.9366,cukup,"BMKG,CMA,ECMWF,GFS,ICON,METEOFRANCE,UKMO",Berawan,93.2,Tinggi,26.07,+/-1.52,47.77,+/-13.26,0.02,+/-0.04,26.11,+/-1.56,0.0,0.0,85.6,14.4,0.0,0.0,1.52,13.26,0.04,1.56,7,1.0,8.57,60.0
gpm_grid_tamatue,GPM Grid TamaTue,2026-08-20,11.17.05.2002,Bale Redelong,external_comparison,yes,4.649902718619309,96.85017949357464,Asia/Jakarta,Forecast Redelong representative point. BMKG ADM4 reference: 11.17.05.2002 (Bale Redelong). Initial BMKG reference for catchment grid Spatial role: external_comparison. Grid terpisah dan terlalu jauh untuk langsung diasumsikan berkontribusi; hanya titik pembanding sampai konektivitas DAS dikonfirmasi.,15:00,7,6.9366,cukup,"BMKG,CMA,ECMWF,GFS,ICON,METEOFRANCE,UKMO",Berawan,93.0,Tinggi,25.24,+/-1.91,53.31,+/-13.72,0.02,+/-0.04,25.3,+/-1.96,0.0,0.0,85.6,14.4,0.0,0.0,1.91,13.72,0.04,1.96,7,1.0,8.57,60.0
gpm_grid_tamatue,GPM Grid TamaTue,2026-08-20,11.17.05.2002,Bale Redelong,external_comparison,yes,4.649902718619309,96.85017949357464,Asia/Jakarta,Forecast Redelong representative point. BMKG ADM4 reference: 11.17.05.2002 (Bale Redelong). Initial BMKG reference for catchment grid Spatial role: external_comparison. Grid terpisah dan terlalu jauh untuk langsung diasumsikan berkontribusi; hanya titik pembanding sampai konektivitas DAS dikonfirmasi.,16:00,7,7.2488,cukup,"BMKG,CMA,ECMWF,GFS,ICON,METEOFRANCE,UKMO",Berawan,98.1,Tinggi,24.52,+/-1.52,56.34,+/-10.28,0.0,+/-0.0,24.52,+/-1.52,0.0,0.0,100.0,0.0,0.0,0.0,1.52,10.28,0.0,1.52,7,1.0,0.0,0.0
gpm_grid_tamatue,GPM Grid TamaTue,2026-08-20,11.17.05.2002,Bale Redelong,external_comparison,yes,4.649902718619309,96.85017949357464,Asia/Jakarta,Forecast Redelong representative point. BMKG ADM4 reference: 11.17.05.2002 (Bale Redelong). Initial BMKG reference for catchment grid Spatial role: external_comparison. Grid terpisah dan terlalu jauh untuk langsung diasumsikan berkontribusi; hanya titik pembanding sampai konektivitas DAS dikonfirmasi.,17:00,7,6.9366,cukup,"BMKG,CMA,ECMWF,GFS,ICON,METEOFRANCE,UKMO",Berawan,89.9,Tinggi,23.74,+/-1.01,61.82,+/-5.76,0.33,+/-0.75,23.74,+/-1.01,0.0,14.4,71.2,14.4,0.0,0.0,1.01,5.76,0.75,1.01,7,1.0,8.57,60.0
gpm_grid_tamatue,GPM Grid TamaTue,2026-08-20,11.17.05.2002,Bale Redelong,external_comparison,yes,4.649902718619309,96.85017949357464,Asia/Jakarta,Forecast Redelong representative point. BMKG ADM4 reference: 11.17.05.2002 (Bale Redelong). Initial BMKG reference for catchment grid Spatial role: external_comparison. Grid terpisah dan terlalu jauh untuk langsung diasumsikan berkontribusi; hanya titik pembanding sampai konektivitas DAS dikonfirmasi.,18:00,7,6.9366,cukup,"BMKG,CMA,ECMWF,GFS,ICON,METEOFRANCE,UKMO",Berawan,89.4,Tinggi,21.81,+/-1.74,74.32,+/-6.85,0.33,+/-0.75,21.81,+/-1.74,0.0,14.4,71.2,14.4,0.0,0.0,1.74,6.85,0.75,1.74,7,1.0,8.57,60.0
gpm_grid_tamatue,GPM Grid TamaTue,2026-08-20,11.17.05.2002,Bale Redelong,external_comparison,yes,4.649902718619309,96.85017949357464,Asia/Jakarta,Forecast Redelong representative point. BMKG ADM4 reference: 11.17.05.2002 (Bale Redelong). Initial BMKG reference for catchment grid Spatial role: external_comparison. Grid terpisah dan terlalu jauh untuk langsung diasumsikan berkontribusi; hanya titik pembanding sampai konektivitas DAS dikonfirmasi.,19:00,7,7.2488,cukup,"BMKG,CMA,ECMWF,GFS,ICON,METEOFRANCE,UKMO",Berawan,90.8,Tinggi,20.22,+/-1.74,83.24,+/-6.74,0.35,+/-0.74,20.22,+/-1.74,0.0,0.0,72.4,27.6,0.0,0.0,1.74,6.74,0.74,1.74,7,1.0,0.0,0.0
gpm_grid_tamatue,GPM Grid TamaTue,2026-08-20,11.17.05.2002,Bale Redelong,external_comparison,yes,4.649902718619309,96.85017949357464,Asia/Jakarta,Forecast Redelong representative point. BMKG ADM4 reference: 11.17.05.2002 (Bale Redelong). Initial BMKG reference for catchment grid Spatial role: external_comparison. Grid terpisah dan terlalu jauh untuk langsung diasumsikan berkontribusi; hanya titik pembanding sampai konektivitas DAS dikonfirmasi.,20:00,7,6.9366,cukup,"BMKG,CMA,ECMWF,GFS,ICON,METEOFRANCE,UKMO",Berawan,93.5,Tinggi,19.38,+/-1.6,87.73,+/-7.1,0.07,+/-0.15,19.38,+/-1.6,0.0,0.0,85.6,14.4,0.0,0.0,1.6,7.1,0.15,1.6,7,1.0,8.57,60.0
gpm_grid_tamatue,GPM Grid TamaTue,2026-08-20,11.17.05.2002,Bale Redelong,external_comparison,yes,4.649902718619309,96.85017949357464,Asia/Jakarta,Forecast Redelong representative point. BMKG ADM4 reference: 11.17.05.2002 (Bale Redelong). Initial BMKG reference for catchment grid Spatial role: external_comparison. Grid terpisah dan terlalu jauh untuk langsung diasumsikan berkontribusi; hanya titik pembanding sampai konektivitas DAS dikonfirmasi.,21:00,7,6.9366,cukup,"BMKG,CMA,ECMWF,GFS,ICON,METEOFRANCE,UKMO",Berawan,93.7,Tinggi,18.75,+/-1.62,90.29,+/-5.23,0.07,+/-0.15,18.75,+/-1.62,0.0,0.0,85.6,14.4,0.0,0.0,1.62,5.23,0.15,1.62,7,1.0,8.57,60.0
gpm_grid_tamatue,GPM Grid TamaTue,2026-08-20,11.17.05.2002,Bale Redelong,external_comparison,yes,4.649902718619309,96.85017949357464,Asia/Jakarta,Forecast Redelong representative point. BMKG ADM4 reference: 11.17.05.2002 (Bale Redelong). Initial BMKG reference for catchment grid Spatial role: external_comparison. Grid terpisah dan terlalu jauh untuk langsung diasumsikan berkontribusi; hanya titik pembanding sampai konektivitas DAS dikonfirmasi.,22:00,7,7.2488,cukup,"BMKG,CMA,ECMWF,GFS,ICON,METEOFRANCE,UKMO",Berawan,95.1,Tinggi,18.12,+/-1.44,91.66,+/-3.97,0.07,+/-0.15,18.12,+/-1.44,0.0,0.0,86.2,13.8,0.0,0.0,1.44,3.97,0.15,1.44,7,1.0,0.0,0.0
gpm_grid_tamatue,GPM Grid TamaTue,2026-08-20,11.17.05.2002,Bale Redelong,external_comparison,yes,4.649902718619309,96.85017949357464,Asia/Jakarta,Forecast Redelong representative point. BMKG ADM4 reference: 11.17.05.2002 (Bale Redelong). Initial BMKG reference for catchment grid Spatial role: external_comparison. Grid terpisah dan terlalu jauh untuk langsung diasumsikan berkontribusi; hanya titik pembanding sampai konektivitas DAS dikonfirmasi.,23:00,7,6.9366,cukup,"BMKG,CMA,ECMWF,GFS,ICON,METEOFRANCE,UKMO",Berawan,97.7,Tinggi,17.67,+/-1.28,93.75,+/-3.23,0.0,+/-0.0,17.67,+/-1.28,0.0,0.0,100.0,0.0,0.0,0.0,1.28,3.23,0.0,1.28,7,1.0,8.57,60.0
gpm_grid_tamatue,GPM Grid TamaTue,2026-08-21,11.17.05.2002,Bale Redelong,external_comparison,yes,4.649902718619309,96.85017949357464,Asia/Jakarta,Forecast Redelong representative point. BMKG ADM4 reference: 11.17.05.2002 (Bale Redelong). Initial BMKG reference for catchment grid Spatial role: external_comparison. Grid terpisah dan terlalu jauh untuk langsung diasumsikan berkontribusi; hanya titik pembanding sampai konektivitas DAS dikonfirmasi.,00:00,7,6.9284,cukup,"BMKG,CMA,ECMWF,GFS,ICON,METEOFRANCE,UKMO",Berawan,97.9,Tinggi,17.36,+/-1.17,95.17,+/-1.45,0.0,+/-0.0,17.36,+/-1.17,0.0,0.0,100.0,0.0,0.0,0.0,1.17,1.45,0.0,1.17,7,1.0,8.57,60.0
gpm_grid_tamatue,GPM Grid TamaTue,2026-08-21,11.17.05.2002,Bale Redelong,external_comparison,yes,4.649902718619309,96.85017949357464,Asia/Jakarta,Forecast Redelong representative point. BMKG ADM4 reference: 11.17.05.2002 (Bale Redelong). Initial BMKG reference for catchment grid Spatial role: external_comparison. Grid terpisah dan terlalu jauh untuk langsung diasumsikan berkontribusi; hanya titik pembanding sampai konektivitas DAS dikonfirmasi.,01:00,7,7.2379,cukup,"BMKG,CMA,ECMWF,GFS,ICON,METEOFRANCE,UKMO",Berawan,99.4,Tinggi,16.29,+/-0.21,95.49,+/-1.45,0.0,+/-0.0,16.29,+/-0.21,0.0,0.0,100.0,0.0,0.0,0.0,0.21,1.45,0.0,0.21,7,1.0,0.0,0.0
gpm_grid_tamatue,GPM Grid TamaTue,2026-08-21,11.17.05.2002,Bale Redelong,external_comparison,yes,4.649902718619309,96.85017949357464,Asia/Jakarta,Forecast Redelong representative point. BMKG ADM4 reference: 11.17.05.2002 (Bale Redelong). Initial BMKG reference for catchment grid Spatial role: external_comparison. Grid terpisah dan terlalu jauh untuk langsung diasumsikan berkontribusi; hanya titik pembanding sampai konektivitas DAS dikonfirmasi.,02:00,7,6.9284,cukup,"BMKG,CMA,ECMWF,GFS,ICON,METEOFRANCE,UKMO",Berawan,98.2,Tinggi,16.18,+/-0.24,95.02,+/-2.94,0.0,+/-0.0,16.18,+/-0.24,0.0,0.0,100.0,0.0,0.0,0.0,0.24,2.94,0.0,0.24,7,1.0,8.57,60.0
gpm_grid_tamatue,GPM Grid TamaTue,2026-08-21,11.17.05.2002,Bale Redelong,external_comparison,yes,4.649902718619309,96.85017949357464,Asia/Jakarta,Forecast Redelong representative point. BMKG ADM4 reference: 11.17.05.2002 (Bale Redelong). Initial BMKG reference for catchment grid Spatial role: external_comparison. Grid terpisah dan terlalu jauh untuk langsung diasumsikan berkontribusi; hanya titik pembanding sampai konektivitas DAS dikonfirmasi.,03:00,7,6.9284,cukup,"BMKG,CMA,ECMWF,GFS,ICON,METEOFRANCE,UKMO",Berawan,97.4,Tinggi,16.75,+/-1.41,93.07,+/-5.51,0.0,+/-0.0,16.75,+/-1.41,0.0,0.0,100.0,0.0,0.0,0.0,1.41,5.51,0.0,1.41,7,1.0,8.57,60.0
gpm_grid_tamatue,GPM Grid TamaTue,2026-08-21,11.17.05.2002,Bale Redelong,external_comparison,yes,4.649902718619309,96.85017949357464,Asia/Jakarta,Forecast Redelong representative point. BMKG ADM4 reference: 11.17.05.2002 (Bale Redelong). Initial BMKG reference for catchment grid Spatial role: external_comparison. Grid terpisah dan terlalu jauh untuk langsung diasumsikan berkontribusi; hanya titik pembanding sampai konektivitas DAS dikonfirmasi.,04:00,7,7.2379,cukup,"BMKG,CMA,ECMWF,GFS,ICON,METEOFRANCE,UKMO",Berawan,98.3,Tinggi,16.7,+/-1.4,90.7,+/-7.96,0.0,+/-0.0,16.7,+/-1.4,0.0,0.0,100.0,0.0,0.0,0.0,1.4,7.96,0.0,1.4,7,1.0,0.0,0.0
gpm_grid_tamatue,GPM Grid TamaTue,2026-08-21,11.17.05.2002,Bale Redelong,external_comparison,yes,4.649902718619309,96.85017949357464,Asia/Jakarta,Forecast Redelong representative point. BMKG ADM4 reference: 11.17.05.2002 (Bale Redelong). Initial BMKG reference for catchment grid Spatial role: external_comparison. Grid terpisah dan terlalu jauh untuk langsung diasumsikan berkontribusi; hanya titik pembanding sampai konektivitas DAS dikonfirmasi.,05:00,7,6.9284,cukup,"BMKG,CMA,ECMWF,GFS,ICON,METEOFRANCE,UKMO",Berawan,93.5,Tinggi,16.55,+/-1.61,89.18,+/-9.09,0.0,+/-0.0,16.55,+/-1.61,0.0,14.4,85.6,0.0,0.0,0.0,1.61,9.09,0.0,1.61,7,1.0,8.57,60.0
gpm_grid_tamatue,GPM Grid TamaTue,2026-08-21,11.17.05.2002,Bale Redelong,external_comparison,yes,4.649902718619309,96.85017949357464,Asia/Jakarta,Forecast Redelong representative point. BMKG ADM4 reference: 11.17.05.2002 (Bale Redelong). Initial BMKG reference for catchment grid Spatial role: external_comparison. Grid terpisah dan terlalu jauh untuk langsung diasumsikan berkontribusi; hanya titik pembanding sampai konektivitas DAS dikonfirmasi.,06:00,7,6.9284,cukup,"BMKG,CMA,ECMWF,GFS,ICON,METEOFRANCE,UKMO",Berawan,97.0,Tinggi,16.7,+/-1.67,86.08,+/-10.06,0.0,+/-0.0,16.7,+/-1.67,0.0,0.0,100.0,0.0,0.0,0.0,1.67,10.06,0.0,1.67,7,1.0,8.57,60.0
gpm_grid_tamatue,GPM Grid TamaTue,2026-08-21,11.17.05.2002,Bale Redelong,external_comparison,yes,4.649902718619309,96.85017949357464,Asia/Jakarta,Forecast Redelong representative point. BMKG ADM4 reference: 11.17.05.2002 (Bale Redelong). Initial BMKG reference for catchment grid Spatial role: external_comparison. Grid terpisah dan terlalu jauh untuk langsung diasumsikan berkontribusi; hanya titik pembanding sampai konektivitas DAS dikonfirmasi.,07:00,7,7.2379,cukup,"BMKG,CMA,ECMWF,GFS,ICON,METEOFRANCE,UKMO",Berawan,98.2,Tinggi,17.06,+/-1.43,84.08,+/-9.33,0.0,+/-0.0,17.06,+/-1.43,0.0,0.0,100.0,0.0,0.0,0.0,1.43,9.33,0.0,1.43,7,1.0,0.0,0.0
gpm_grid_tamatue,GPM Grid TamaTue,2026-08-21,11.17.05.2002,Bale Redelong,external_comparison,yes,4.649902718619309,96.85017949357464,Asia/Jakarta,Forecast Redelong representative point. BMKG ADM4 reference: 11.17.05.2002 (Bale Redelong). Initial BMKG reference for catchment grid Spatial role: external_comparison. Grid terpisah dan terlalu jauh untuk langsung diasumsikan berkontribusi; hanya titik pembanding sampai konektivitas DAS dikonfirmasi.,08:00,7,6.9284,cukup,"BMKG,CMA,ECMWF,GFS,ICON,METEOFRANCE,UKMO",Berawan,97.9,Tinggi,18.69,+/-1.05,82.05,+/-2.49,0.0,+/-0.0,18.69,+/-1.05,0.0,0.0,100.0,0.0,0.0,0.0,1.05,2.49,0.0,1.05,7,1.0,8.57,60.0
gpm_grid_tamatue,GPM Grid TamaTue,2026-08-21,11.17.05.2002,Bale Redelong,external_comparison,yes,4.649902718619309,96.85017949357464,Asia/Jakarta,Forecast Redelong representative point. BMKG ADM4 reference: 11.17.05.2002 (Bale Redelong). Initial BMKG reference for catchment grid Spatial role: external_comparison. Grid terpisah dan terlalu jauh untuk langsung diasumsikan berkontribusi; hanya titik pembanding sampai konektivitas DAS dikonfirmasi.,09:00,7,6.9284,cukup,"BMKG,CMA,ECMWF,GFS,ICON,METEOFRANCE,UKMO",Berawan,93.9,Tinggi,21.63,+/-0.92,66.61,+/-11.11,0.0,+/-0.0,21.63,+/-0.92,13.4,0.0,86.6,0.0,0.0,0.0,0.92,11.11,0.0,0.92,7,1.0,8.57,60.0
gpm_grid_tamatue,GPM Grid TamaTue,2026-08-21,11.17.05.2002,Bale Redelong,external_comparison,yes,4.649902718619309,96.85017949357464,Asia/Jakarta,Forecast Redelong representative point. BMKG ADM4 reference: 11.17.05.2002 (Bale Redelong). Initial BMKG reference for catchment grid Spatial role: external_comparison. Grid terpisah dan terlalu jauh untuk langsung diasumsikan berkontribusi; hanya titik pembanding sampai konektivitas DAS dikonfirmasi.,10:00,7,7.2379,cukup,"BMKG,CMA,ECMWF,GFS,ICON,METEOFRANCE,UKMO",Berawan,94.3,Tinggi,23.11,+/-0.87,58.67,+/-8.35,0.0,+/-0.0,23.11,+/-0.87,17.1,0.0,82.9,0.0,0.0,0.0,0.87,8.35,0.0,0.87,7,1.0,0.0,0.0
gpm_grid_tamatue,GPM Grid TamaTue,2026-08-21,11.17.05.2002,Bale Redelong,external_comparison,yes,4.649902718619309,96.85017949357464,Asia/Jakarta,Forecast Redelong representative point. BMKG ADM4 reference: 11.17.05.2002 (Bale Redelong). Initial BMKG reference for catchment grid Spatial role: external_comparison. Grid terpisah dan terlalu jauh untuk langsung diasumsikan berkontribusi; hanya titik pembanding sampai konektivitas DAS dikonfirmasi.,11:00,7,6.9284,cukup,"BMKG,CMA,ECMWF,GFS,ICON,METEOFRANCE,UKMO",Berawan,90.4,Tinggi,24.24,+/-0.75,56.36,+/-8.58,0.13,+/-0.3,24.24,+/-0.75,13.4,0.0,72.2,14.4,0.0,0.0,0.75,8.58,0.3,0.75,7,1.0,8.57,60.0
gpm_grid_tamatue,GPM Grid TamaTue,2026-08-21,11.17.05.2002,Bale Redelong,external_comparison,yes,4.649902718619309,96.85017949357464,Asia/Jakarta,Forecast Redelong representative point. BMKG ADM4 reference: 11.17.05.2002 (Bale Redelong). Initial BMKG reference for catchment grid Spatial role: external_comparison. Grid terpisah dan terlalu jauh untuk langsung diasumsikan berkontribusi; hanya titik pembanding sampai konektivitas DAS dikonfirmasi.,12:00,7,6.9284,cukup,"BMKG,CMA,ECMWF,GFS,ICON,METEOFRANCE,UKMO",Berawan,89.9,Tinggi,25.3,+/-0.63,55.78,+/-11.88,0.13,+/-0.3,25.3,+/-0.63,0.0,14.4,71.1,14.4,0.0,0.0,0.63,11.88,0.3,0.63,7,1.0,8.57,60.0
gpm_grid_tamatue,GPM Grid TamaTue,2026-08-21,11.17.05.2002,Bale Redelong,external_comparison,yes,4.649902718619309,96.85017949357464,Asia/Jakarta,Forecast Redelong representative point. BMKG ADM4 reference: 11.17.05.2002 (Bale Redelong). Initial BMKG reference for catchment grid Spatial role: external_comparison. Grid terpisah dan terlalu jauh untuk langsung diasumsikan berkontribusi; hanya titik pembanding sampai konektivitas DAS dikonfirmasi.,13:00,7,7.2379,cukup,"BMKG,CMA,ECMWF,GFS,ICON,METEOFRANCE,UKMO",Berawan,94.2,Tinggi,26.19,+/-1.06,55.36,+/-15.65,0.13,+/-0.3,26.19,+/-1.07,0.0,0.0,86.2,13.8,0.0,0.0,1.06,15.65,0.3,1.07,7,1.0,0.0,0.0
gpm_grid_tamatue,GPM Grid TamaTue,2026-08-21,11.17.05.2002,Bale Redelong,external_comparison,yes,4.649902718619309,96.85017949357464,Asia/Jakarta,Forecast Redelong representative point. BMKG ADM4 reference: 11.17.05.2002 (Bale Redelong). Initial BMKG reference for catchment grid Spatial role: external_comparison. Grid terpisah dan terlalu jauh untuk langsung diasumsikan berkontribusi; hanya titik pembanding sampai konektivitas DAS dikonfirmasi.,14:00,7,6.9284,cukup,"BMKG,CMA,ECMWF,GFS,ICON,METEOFRANCE,UKMO",Berawan,92.7,Tinggi,26.52,+/-1.09,55.93,+/-17.26,0.27,+/-0.6,25.74,+/-2.56,0.0,0.0,85.6,14.4,0.0,0.0,1.09,17.26,0.6,2.56,7,1.0,8.57,60.0
gpm_grid_tamatue,GPM Grid TamaTue,2026-08-21,11.17.05.2002,Bale Redelong,external_comparison,yes,4.649902718619309,96.85017949357464,Asia/Jakarta,Forecast Redelong representative point. BMKG ADM4 reference: 11.17.05.2002 (Bale Redelong). Initial BMKG reference for catchment grid Spatial role: external_comparison. Grid terpisah dan terlalu jauh untuk langsung diasumsikan berkontribusi; hanya titik pembanding sampai konektivitas DAS dikonfirmasi.,15:00,7,6.9284,cukup,"BMKG,CMA,ECMWF,GFS,ICON,METEOFRANCE,UKMO",Berawan,89.4,Tinggi,24.88,+/-2.39,53.93,+/-7.74,0.27,+/-0.6,24.92,+/-2.43,0.0,13.4,72.2,14.4,0.0,0.0,2.39,7.74,0.6,2.43,7,1.0,8.57,60.0
gpm_grid_tamatue,GPM Grid TamaTue,2026-08-21,11.17.05.2002,Bale Redelong,external_comparison,yes,4.649902718619309,96.85017949357464,Asia/Jakarta,Forecast Redelong representative point. BMKG ADM4 reference: 11.17.05.2002 (Bale Redelong). Initial BMKG reference for catchment grid Spatial role: external_comparison. Grid terpisah dan terlalu jauh untuk langsung diasumsikan berkontribusi; hanya titik pembanding sampai konektivitas DAS dikonfirmasi.,16:00,7,7.2379,cukup,"BMKG,CMA,ECMWF,GFS,ICON,METEOFRANCE,UKMO",Berawan,86.5,Tinggi,24.16,+/-2.0,59.2,+/-6.78,0.32,+/-0.58,24.16,+/-2.0,0.0,17.1,55.3,27.6,0.0,0.0,2.0,6.78,0.58,2.0,7,1.0,0.0,0.0
gpm_grid_tamatue,GPM Grid TamaTue,2026-08-21,11.17.05.2002,Bale Redelong,external_comparison,yes,4.649902718619309,96.85017949357464,Asia/Jakarta,Forecast Redelong representative point. BMKG ADM4 reference: 11.17.05.2002 (Bale Redelong). Initial BMKG reference for catchment grid Spatial role: external_comparison. Grid terpisah dan terlalu jauh untuk langsung diasumsikan berkontribusi; hanya titik pembanding sampai konektivitas DAS dikonfirmasi.,17:00,7,6.9284,cukup,"BMKG,CMA,ECMWF,GFS,ICON,METEOFRANCE,UKMO",Berawan,86.1,Tinggi,23.32,+/-1.81,70.39,+/-12.97,0.05,+/-0.08,23.32,+/-1.81,0.0,13.4,57.7,28.9,0.0,0.0,1.81,12.97,0.08,1.81,7,1.0,8.57,60.0
gpm_grid_tamatue,GPM Grid TamaTue,2026-08-21,11.17.05.2002,Bale Redelong,external_comparison,yes,4.649902718619309,96.85017949357464,Asia/Jakarta,Forecast Redelong representative point. BMKG ADM4 reference: 11.17.05.2002 (Bale Redelong). Initial BMKG reference for catchment grid Spatial role: external_comparison. Grid terpisah dan terlalu jauh untuk langsung diasumsikan berkontribusi; hanya titik pembanding sampai konektivitas DAS dikonfirmasi.,18:00,7,6.9284,cukup,"BMKG,CMA,ECMWF,GFS,ICON,METEOFRANCE,UKMO",Berawan,86.2,Tinggi,21.55,+/-2.07,79.81,+/-9.21,0.03,+/-0.05,21.55,+/-2.07,0.0,13.4,57.7,28.9,0.0,0.0,2.07,9.21,0.05,2.07,7,1.0,8.57,60.0
gpm_grid_tamatue,GPM Grid TamaTue,2026-08-21,11.17.05.2002,Bale Redelong,external_comparison,yes,4.649902718619309,96.85017949357464,Asia/Jakarta,Forecast Redelong representative point. BMKG ADM4 reference: 11.17.05.2002 (Bale Redelong). Initial BMKG reference for catchment grid Spatial role: external_comparison. Grid terpisah dan terlalu jauh untuk langsung diasumsikan berkontribusi; hanya titik pembanding sampai konektivitas DAS dikonfirmasi.,19:00,7,7.2379,cukup,"BMKG,CMA,ECMWF,GFS,ICON,METEOFRANCE,UKMO",Berawan,90.4,Tinggi,20.14,+/-1.86,85.93,+/-6.68,0.02,+/-0.04,20.14,+/-1.86,0.0,17.1,69.1,13.8,0.0,0.0,1.86,6.68,0.04,1.86,7,1.0,0.0,0.0
gpm_grid_tamatue,GPM Grid TamaTue,2026-08-21,11.17.05.2002,Bale Redelong,external_comparison,yes,4.649902718619309,96.85017949357464,Asia/Jakarta,Forecast Redelong representative point. BMKG ADM4 reference: 11.17.05.2002 (Bale Redelong). Initial BMKG reference for catchment grid Spatial role: external_comparison. Grid terpisah dan terlalu jauh untuk langsung diasumsikan berkontribusi; hanya titik pembanding sampai konektivitas DAS dikonfirmasi.,20:00,7,6.9284,cukup,"BMKG,CMA,ECMWF,GFS,ICON,METEOFRANCE,UKMO",Berawan,93.9,Tinggi,19.37,+/-1.71,90.35,+/-5.54,0.0,+/-0.0,19.37,+/-1.71,0.0,13.4,86.6,0.0,0.0,0.0,1.71,5.54,0.0,1.71,7,1.0,8.57,60.0
gpm_grid_tamatue,GPM Grid TamaTue,2026-08-21,11.17.05.2002,Bale Redelong,external_comparison,yes,4.649902718619309,96.85017949357464,Asia/Jakarta,Forecast Redelong representative point. BMKG ADM4 reference: 11.17.05.2002 (Bale Redelong). Initial BMKG reference for catchment grid Spatial role: external_comparison. Grid terpisah dan terlalu jauh untuk langsung diasumsikan berkontribusi; hanya titik pembanding sampai konektivitas DAS dikonfirmasi.,21:00,7,6.9284,cukup,"BMKG,CMA,ECMWF,GFS,ICON,METEOFRANCE,UKMO",Berawan,97.5,Tinggi,18.75,+/-1.66,92.21,+/-3.8,0.0,+/-0.0,18.75,+/-1.66,0.0,0.0,100.0,0.0,0.0,0.0,1.66,3.8,0.0,1.66,7,1.0,8.57,60.0
gpm_grid_tamatue,GPM Grid TamaTue,2026-08-21,11.17.05.2002,Bale Redelong,external_comparison,yes,4.649902718619309,96.85017949357464,Asia/Jakarta,Forecast Redelong representative point. BMKG ADM4 reference: 11.17.05.2002 (Bale Redelong). Initial BMKG reference for catchment grid Spatial role: external_comparison. Grid terpisah dan terlalu jauh untuk langsung diasumsikan berkontribusi; hanya titik pembanding sampai konektivitas DAS dikonfirmasi.,22:00,7,7.2379,cukup,"BMKG,CMA,ECMWF,GFS,ICON,METEOFRANCE,UKMO",Berawan,98.8,Tinggi,18.52,+/-1.37,94.67,+/-1.8,0.0,+/-0.0,18.52,+/-1.37,0.0,0.0,100.0,0.0,0.0,0.0,1.37,1.8,0.0,1.37,7,1.0,0.0,0.0
gpm_grid_tamatue,GPM Grid TamaTue,2026-08-21,11.17.05.2002,Bale Redelong,external_comparison,yes,4.649902718619309,96.85017949357464,Asia/Jakarta,Forecast Redelong representative point. BMKG ADM4 reference: 11.17.05.2002 (Bale Redelong). Initial BMKG reference for catchment grid Spatial role: external_comparison. Grid terpisah dan terlalu jauh untuk langsung diasumsikan berkontribusi; hanya titik pembanding sampai konektivitas DAS dikonfirmasi.,23:00,7,6.9284,cukup,"BMKG,CMA,ECMWF,GFS,ICON,METEOFRANCE,UKMO",Berawan,97.6,Tinggi,18.18,+/-1.31,94.8,+/-3.84,0.0,+/-0.0,18.18,+/-1.31,0.0,0.0,100.0,0.0,0.0,0.0,1.31,3.84,0.0,1.31,7,1.0,8.57,60.0
gpm_grid_tamatue,GPM Grid TamaTue,2026-08-22,11.17.05.2002,Bale Redelong,external_comparison,yes,4.649902718619309,96.85017949357464,Asia/Jakarta,Forecast Redelong representative point. BMKG ADM4 reference: 11.17.05.2002 (Bale Redelong). Initial BMKG reference for catchment grid Spatial role: external_comparison. Grid terpisah dan terlalu jauh untuk langsung diasumsikan berkontribusi; hanya titik pembanding sampai konektivitas DAS dikonfirmasi.,00:00,7,6.9312,cukup,"BMKG,CMA,ECMWF,GFS,ICON,METEOFRANCE,UKMO",Berawan,97.8,Tinggi,17.82,+/-1.18,96.67,+/-2.21,0.0,+/-0.0,17.82,+/-1.18,0.0,0.0,100.0,0.0,0.0,0.0,1.18,2.21,0.0,1.18,7,1.0,8.57,60.0
gpm_grid_tamatue,GPM Grid TamaTue,2026-08-22,11.17.05.2002,Bale Redelong,external_comparison,yes,4.649902718619309,96.85017949357464,Asia/Jakarta,Forecast Redelong representative point. BMKG ADM4 reference: 11.17.05.2002 (Bale Redelong). Initial BMKG reference for catchment grid Spatial role: external_comparison. Grid terpisah dan terlalu jauh untuk langsung diasumsikan berkontribusi; hanya titik pembanding sampai konektivitas DAS dikonfirmasi.,01:00,7,7.2416,cukup,"BMKG,CMA,ECMWF,GFS,ICON,METEOFRANCE,UKMO",Berawan,95.5,Tinggi,17.62,+/-1.12,96.67,+/-1.8,0.0,+/-0.0,17.62,+/-1.12,13.8,0.0,86.2,0.0,0.0,0.0,1.12,1.8,0.0,1.12,7,1.0,0.0,0.0
gpm_grid_tamatue,GPM Grid TamaTue,2026-08-22,11.17.05.2002,Bale Redelong,external_comparison,yes,4.649902718619309,96.85017949357464,Asia/Jakarta,Forecast Redelong representative point. BMKG ADM4 reference: 11.17.05.2002 (Bale Redelong). Initial BMKG reference for catchment grid Spatial role: external_comparison. Grid terpisah dan terlalu jauh untuk langsung diasumsikan berkontribusi; hanya titik pembanding sampai konektivitas DAS dikonfirmasi.,02:00,7,6.9312,cukup,"BMKG,CMA,ECMWF,GFS,ICON,METEOFRANCE,UKMO",Berawan,90.7,Tinggi,17.38,+/-1.16,96.83,+/-1.21,0.0,+/-0.0,17.38,+/-1.16,14.4,14.4,71.1,0.0,0.0,0.0,1.16,1.21,0.0,1.16,7,1.0,8.57,60.0
gpm_grid_tamatue,GPM Grid TamaTue,2026-08-22,11.17.05.2002,Bale Redelong,external_comparison,yes,4.649902718619309,96.85017949357464,Asia/Jakarta,Forecast Redelong representative point. BMKG ADM4 reference: 11.17.05.2002 (Bale Redelong). Initial BMKG reference for catchment grid Spatial role: external_comparison. Grid terpisah dan terlalu jauh untuk langsung diasumsikan berkontribusi; hanya titik pembanding sampai konektivitas DAS dikonfirmasi.,03:00,7,6.9312,cukup,"BMKG,CMA,ECMWF,GFS,ICON,METEOFRANCE,UKMO",Berawan,87.3,Tinggi,17.08,+/-1.26,96.67,+/-1.6,0.0,+/-0.0,17.08,+/-1.26,13.4,28.9,57.7,0.0,0.0,0.0,1.26,1.6,0.0,1.26,7,1.0,8.57,60.0
gpm_grid_tamatue,GPM Grid TamaTue,2026-08-22,11.17.05.2002,Bale Redelong,external_comparison,yes,4.649902718619309,96.85017949357464,Asia/Jakarta,Forecast Redelong representative point. BMKG ADM4 reference: 11.17.05.2002 (Bale Redelong). Initial BMKG reference for catchment grid Spatial role: external_comparison. Grid terpisah dan terlalu jauh untuk langsung diasumsikan berkontribusi; hanya titik pembanding sampai konektivitas DAS dikonfirmasi.,04:00,7,7.2416,cukup,"BMKG,CMA,ECMWF,GFS,ICON,METEOFRANCE,UKMO",Berawan,87.7,Tinggi,16.93,+/-1.21,95.83,+/-2.03,0.0,+/-0.0,16.93,+/-1.21,31.0,13.8,55.2,0.0,0.0,0.0,1.21,2.03,0.0,1.21,7,1.0,0.0,0.0
gpm_grid_tamatue,GPM Grid TamaTue,2026-08-22,11.17.05.2002,Bale Redelong,external_comparison,yes,4.649902718619309,96.85017949357464,Asia/Jakarta,Forecast Redelong representative point. BMKG ADM4 reference: 11.17.05.2002 (Bale Redelong). Initial BMKG reference for catchment grid Spatial role: external_comparison. Grid terpisah dan terlalu jauh untuk langsung diasumsikan berkontribusi; hanya titik pembanding sampai konektivitas DAS dikonfirmasi.,05:00,7,6.9312,cukup,"BMKG,CMA,ECMWF,GFS,ICON,METEOFRANCE,UKMO",Berawan,87.2,Tinggi,16.78,+/-1.13,95.17,+/-3.29,0.0,+/-0.0,16.78,+/-1.13,13.4,28.9,57.7,0.0,0.0,0.0,1.13,3.29,0.0,1.13,7,1.0,8.57,60.0
gpm_grid_tamatue,GPM Grid TamaTue,2026-08-22,11.17.05.2002,Bale Redelong,external_comparison,yes,4.649902718619309,96.85017949357464,Asia/Jakarta,Forecast Redelong representative point. BMKG ADM4 reference: 11.17.05.2002 (Bale Redelong). Initial BMKG reference for catchment grid Spatial role: external_comparison. Grid terpisah dan terlalu jauh untuk langsung diasumsikan berkontribusi; hanya titik pembanding sampai konektivitas DAS dikonfirmasi.,06:00,7,6.9312,cukup,"BMKG,CMA,ECMWF,GFS,ICON,METEOFRANCE,UKMO",Berawan,86.8,Tinggi,16.98,+/-1.34,92.85,+/-6.6,0.0,+/-0.0,16.98,+/-1.34,27.9,14.4,57.7,0.0,0.0,0.0,1.34,6.6,0.0,1.34,7,1.0,8.57,60.0
gpm_grid_tamatue,GPM Grid TamaTue,2026-08-22,11.17.05.2002,Bale Redelong,external_comparison,yes,4.649902718619309,96.85017949357464,Asia/Jakarta,Forecast Redelong representative point. BMKG ADM4 reference: 11.17.05.2002 (Bale Redelong). Initial BMKG reference for catchment grid Spatial role: external_comparison. Grid terpisah dan terlalu jauh untuk langsung diasumsikan berkontribusi; hanya titik pembanding sampai konektivitas DAS dikonfirmasi.,07:00,7,7.2416,cukup,"BMKG,CMA,ECMWF,GFS,ICON,METEOFRANCE,UKMO",Berawan,87.3,Tinggi,17.41,+/-1.23,90.19,+/-6.43,0.0,+/-0.0,17.41,+/-1.23,17.1,27.6,55.2,0.0,0.0,0.0,1.23,6.43,0.0,1.23,7,1.0,0.0,0.0
gpm_grid_tamatue,GPM Grid TamaTue,2026-08-22,11.17.05.2002,Bale Redelong,external_comparison,yes,4.649902718619309,96.85017949357464,Asia/Jakarta,Forecast Redelong representative point. BMKG ADM4 reference: 11.17.05.2002 (Bale Redelong). Initial BMKG reference for catchment grid Spatial role: external_comparison. Grid terpisah dan terlalu jauh untuk langsung diasumsikan berkontribusi; hanya titik pembanding sampai konektivitas DAS dikonfirmasi.,08:00,7,6.9312,cukup,"BMKG,CMA,ECMWF,GFS,ICON,METEOFRANCE,UKMO",Berawan,87.3,Tinggi,19.3,+/-0.9,84.23,+/-2.99,0.0,+/-0.0,19.3,+/-0.9,13.4,28.9,57.7,0.0,0.0,0.0,0.9,2.99,0.0,0.9,7,1.0,8.57,60.0
gpm_grid_tamatue,GPM Grid TamaTue,2026-08-22,11.17.05.2002,Bale Redelong,external_comparison,yes,4.649902718619309,96.85017949357464,Asia/Jakarta,Forecast Redelong representative point. BMKG ADM4 reference: 11.17.05.2002 (Bale Redelong). Initial BMKG reference for catchment grid Spatial role: external_comparison. Grid terpisah dan terlalu jauh untuk langsung diasumsikan berkontribusi; hanya titik pembanding sampai konektivitas DAS dikonfirmasi.,09:00,7,6.9312,cukup,"BMKG,CMA,ECMWF,GFS,ICON,METEOFRANCE,UKMO",Berawan,86.9,Tinggi,22.44,+/-1.02,67.43,+/-8.18,0.0,+/-0.0,22.44,+/-1.02,13.4,28.9,57.7,0.0,0.0,0.0,1.02,8.18,0.0,1.02,7,1.0,8.57,60.0
gpm_grid_tamatue,GPM Grid TamaTue,2026-08-22,11.17.05.2002,Bale Redelong,external_comparison,yes,4.649902718619309,96.85017949357464,Asia/Jakarta,Forecast Redelong representative point. BMKG ADM4 reference: 11.17.05.2002 (Bale Redelong). Initial BMKG reference for catchment grid Spatial role: external_comparison. Grid terpisah dan terlalu jauh untuk langsung diasumsikan berkontribusi; hanya titik pembanding sampai konektivitas DAS dikonfirmasi.,10:00,7,7.2416,cukup,"BMKG,CMA,ECMWF,GFS,ICON,METEOFRANCE,UKMO",Berawan,91.0,Tinggi,24.18,+/-0.65,59.9,+/-6.92,0.0,+/-0.0,24.18,+/-0.65,31.0,0.0,69.0,0.0,0.0,0.0,0.65,6.92,0.0,0.65,7,1.0,0.0,0.0
gpm_grid_tamatue,GPM Grid TamaTue,2026-08-22,11.17.05.2002,Bale Redelong,external_comparison,yes,4.649902718619309,96.85017949357464,Asia/Jakarta,Forecast Redelong representative point. BMKG ADM4 reference: 11.17.05.2002 (Bale Redelong). Initial BMKG reference for catchment grid Spatial role: external_comparison. Grid terpisah dan terlalu jauh untuk langsung diasumsikan berkontribusi; hanya titik pembanding sampai konektivitas DAS dikonfirmasi.,11:00,7,6.9312,cukup,"BMKG,CMA,ECMWF,GFS,ICON,METEOFRANCE,UKMO",Berawan,86.7,Tinggi,25.05,+/-0.99,58.05,+/-7.43,0.15,+/-0.34,25.07,+/-1.02,27.9,0.0,57.7,14.4,0.0,0.0,0.99,7.43,0.34,1.02,7,1.0,8.57,60.0
gpm_grid_tamatue,GPM Grid TamaTue,2026-08-22,11.17.05.2002,Bale Redelong,external_comparison,yes,4.649902718619309,96.85017949357464,Asia/Jakarta,Forecast Redelong representative point. BMKG ADM4 reference: 11.17.05.2002 (Bale Redelong). Initial BMKG reference for catchment grid Spatial role: external_comparison. Grid terpisah dan terlalu jauh untuk langsung diasumsikan berkontribusi; hanya titik pembanding sampai konektivitas DAS dikonfirmasi.,12:00,7,6.9312,cukup,"BMKG,CMA,ECMWF,GFS,ICON,METEOFRANCE,UKMO",Berawan,82.4,Tinggi,25.65,+/-1.58,57.0,+/-12.74,0.15,+/-0.34,25.85,+/-1.79,14.4,27.9,43.3,14.4,0.0,0.0,1.58,12.74,0.34,1.79,7,1.0,8.57,60.0
gpm_grid_tamatue,GPM Grid TamaTue,2026-08-22,11.17.05.2002,Bale Redelong,external_comparison,yes,4.649902718619309,96.85017949357464,Asia/Jakarta,Forecast Redelong representative point. BMKG ADM4 reference: 11.17.05.2002 (Bale Redelong). Initial BMKG reference for catchment grid Spatial role: external_comparison. Grid terpisah dan terlalu jauh untuk langsung diasumsikan berkontribusi; hanya titik pembanding sampai konektivitas DAS dikonfirmasi.,13:00,7,7.2416,cukup,"BMKG,CMA,ECMWF,GFS,ICON,METEOFRANCE,UKMO",Berawan,85.8,Tinggi,25.86,+/-2.15,57.6,+/-16.82,0.15,+/-0.34,26.13,+/-2.4,0.0,31.0,55.2,13.8,0.0,0.0,2.15,16.82,0.34,2.4,7,1.0,0.0,0.0
gpm_grid_tamatue,GPM Grid TamaTue,2026-08-22,11.17.05.2002,Bale Redelong,external_comparison,yes,4.649902718619309,96.85017949357464,Asia/Jakarta,Forecast Redelong representative point. BMKG ADM4 reference: 11.17.05.2002 (Bale Redelong). Initial BMKG reference for catchment grid Spatial role: external_comparison. Grid terpisah dan terlalu jauh untuk langsung diasumsikan berkontribusi; hanya titik pembanding sampai konektivitas DAS dikonfirmasi.,14:00,7,6.9312,cukup,"BMKG,CMA,ECMWF,GFS,ICON,METEOFRANCE,UKMO",Hujan Ringan,81.9,Tinggi,25.54,+/-2.16,60.9,+/-18.13,0.03,+/-0.04,25.89,+/-2.48,0.0,27.9,28.9,43.3,0.0,0.0,2.16,18.13,0.04,2.48,7,1.0,8.57,60.0
gpm_grid_tamatue,GPM Grid TamaTue,2026-08-22,11.17.05.2002,Bale Redelong,external_comparison,yes,4.649902718619309,96.85017949357464,Asia/Jakarta,Forecast Redelong representative point. BMKG ADM4 reference: 11.17.05.2002 (Bale Redelong). Initial BMKG reference for catchment grid Spatial role: external_comparison. Grid terpisah dan terlalu jauh untuk langsung diasumsikan berkontribusi; hanya titik pembanding sampai konektivitas DAS dikonfirmasi.,15:00,7,6.9312,cukup,"BMKG,CMA,ECMWF,GFS,ICON,METEOFRANCE,UKMO",Hujan Ringan,82.0,Tinggi,24.05,+/-1.85,70.92,+/-14.33,0.6,+/-0.59,24.05,+/-1.85,0.0,27.9,14.4,43.3,0.0,14.4,1.85,14.33,0.59,1.85,7,1.0,8.57,60.0
gpm_grid_tamatue,GPM Grid TamaTue,2026-08-22,11.17.05.2002,Bale Redelong,external_comparison,yes,4.649902718619309,96.85017949357464,Asia/Jakarta,Forecast Redelong representative point. BMKG ADM4 reference: 11.17.05.2002 (Bale Redelong). Initial BMKG reference for catchment grid Spatial role: external_comparison. Grid terpisah dan terlalu jauh untuk langsung diasumsikan berkontribusi; hanya titik pembanding sampai konektivitas DAS dikonfirmasi.,16:00,7,7.2416,cukup,"BMKG,CMA,ECMWF,GFS,ICON,METEOFRANCE,UKMO",Hujan Ringan,89.6,Tinggi,23.1,+/-1.71,75.91,+/-13.68,0.72,+/-0.53,23.1,+/-1.71,0.0,31.0,0.0,69.0,0.0,0.0,1.71,13.68,0.53,1.71,7,1.0,0.0,0.0
gpm_grid_tamatue,GPM Grid TamaTue,2026-08-22,11.17.05.2002,Bale Redelong,external_comparison,yes,4.649902718619309,96.85017949357464,Asia/Jakarta,Forecast Redelong representative point. BMKG ADM4 reference: 11.17.05.2002 (Bale Redelong). Initial BMKG reference for catchment grid Spatial role: external_comparison. Grid terpisah dan terlalu jauh untuk langsung diasumsikan berkontribusi; hanya titik pembanding sampai konektivitas DAS dikonfirmasi.,17:00,7,6.9312,cukup,"BMKG,CMA,ECMWF,GFS,ICON,METEOFRANCE,UKMO",Hujan Ringan,86.1,Tinggi,22.52,+/-1.57,79.86,+/-11.97,0.35,+/-0.34,22.52,+/-1.57,0.0,27.9,14.4,57.7,0.0,0.0,1.57,11.97,0.34,1.57,7,1.0,8.57,60.0
gpm_grid_tamatue,GPM Grid TamaTue,2026-08-22,11.17.05.2002,Bale Redelong,external_comparison,yes,4.649902718619309,96.85017949357464,Asia/Jakarta,Forecast Redelong representative point. BMKG ADM4 reference: 11.17.05.2002 (Bale Redelong). Initial BMKG reference for catchment grid Spatial role: external_comparison. Grid terpisah dan terlalu jauh untuk langsung diasumsikan berkontribusi; hanya titik pembanding sampai konektivitas DAS dikonfirmasi.,18:00,7,6.9312,cukup,"BMKG,CMA,ECMWF,GFS,ICON,METEOFRANCE,UKMO",Hujan Ringan,86.5,Tinggi,21.28,+/-1.57,89.6,+/-6.22,0.32,+/-0.35,21.28,+/-1.57,0.0,27.9,14.4,57.7,0.0,0.0,1.57,6.22,0.35,1.57,7,1.0,8.57,60.0
gpm_grid_tamatue,GPM Grid TamaTue,2026-08-22,11.17.05.2002,Bale Redelong,external_comparison,yes,4.649902718619309,96.85017949357464,Asia/Jakarta,Forecast Redelong representative point. BMKG ADM4 reference: 11.17.05.2002 (Bale Redelong). Initial BMKG reference for catchment grid Spatial role: external_comparison. Grid terpisah dan terlalu jauh untuk langsung diasumsikan berkontribusi; hanya titik pembanding sampai konektivitas DAS dikonfirmasi.,19:00,7,7.2416,cukup,"BMKG,CMA,ECMWF,GFS,ICON,METEOFRANCE,UKMO",Hujan Ringan,83.8,Tinggi,20.17,+/-1.47,93.72,+/-1.78,0.3,+/-0.36,20.17,+/-1.47,0.0,31.0,27.6,41.4,0.0,0.0,1.47,1.78,0.36,1.47,7,1.0,0.0,0.0
gpm_grid_tamatue,GPM Grid TamaTue,2026-08-22,11.17.05.2002,Bale Redelong,external_comparison,yes,4.649902718619309,96.85017949357464,Asia/Jakarta,Forecast Redelong representative point. BMKG ADM4 reference: 11.17.05.2002 (Bale Redelong). Initial BMKG reference for catchment grid Spatial role: external_comparison. Grid terpisah dan terlalu jauh untuk langsung diasumsikan berkontribusi; hanya titik pembanding sampai konektivitas DAS dikonfirmasi.,20:00,7,6.9312,cukup,"BMKG,CMA,ECMWF,GFS,ICON,METEOFRANCE,UKMO",Berawan,84.0,Tinggi,18.82,+/-0.48,95.84,+/-1.35,0.08,+/-0.12,18.82,+/-0.48,0.0,27.9,43.3,28.9,0.0,0.0,0.48,1.35,0.12,0.48,7,1.0,8.57,60.0
gpm_grid_tamatue,GPM Grid TamaTue,2026-08-22,11.17.05.2002,Bale Redelong,external_comparison,yes,4.649902718619309,96.85017949357464,Asia/Jakarta,Forecast Redelong representative point. BMKG ADM4 reference: 11.17.05.2002 (Bale Redelong). Initial BMKG reference for catchment grid Spatial role: external_comparison. Grid terpisah dan terlalu jauh untuk langsung diasumsikan berkontribusi; hanya titik pembanding sampai konektivitas DAS dikonfirmasi.,21:00,7,6.9312,cukup,"BMKG,CMA,ECMWF,GFS,ICON,METEOFRANCE,UKMO",Berawan,86.8,Tinggi,18.98,+/-1.59,97.99,+/-0.81,0.1,+/-0.12,18.98,+/-1.59,0.0,0.0,56.7,43.3,0.0,0.0,1.59,0.81,0.12,1.59,7,1.0,8.57,60.0
gpm_grid_tamatue,GPM Grid TamaTue,2026-08-22,11.17.05.2002,Bale Redelong,external_comparison,yes,4.649902718619309,96.85017949357464,Asia/Jakarta,Forecast Redelong representative point. BMKG ADM4 reference: 11.17.05.2002 (Bale Redelong). Initial BMKG reference for catchment grid Spatial role: external_comparison. Grid terpisah dan terlalu jauh untuk langsung diasumsikan berkontribusi; hanya titik pembanding sampai konektivitas DAS dikonfirmasi.,22:00,7,7.2416,cukup,"BMKG,CMA,ECMWF,GFS,ICON,METEOFRANCE,UKMO",Berawan,88.3,Tinggi,18.56,+/-1.53,97.62,+/-2.11,0.1,+/-0.13,18.56,+/-1.53,0.0,0.0,58.6,41.4,0.0,0.0,1.53,2.11,0.13,1.53,7,1.0,0.0,0.0
gpm_grid_tamatue,GPM Grid TamaTue,2026-08-22,11.17.05.2002,Bale Redelong,external_comparison,yes,4.649902718619309,96.85017949357464,Asia/Jakarta,Forecast Redelong representative point. BMKG ADM4 reference: 11.17.05.2002 (Bale Redelong). Initial BMKG reference for catchment grid Spatial role: external_comparison. Grid terpisah dan terlalu jauh untuk langsung diasumsikan berkontribusi; hanya titik pembanding sampai konektivitas DAS dikonfirmasi.,23:00,7,6.9312,cukup,"BMKG,CMA,ECMWF,GFS,ICON,METEOFRANCE,UKMO",Berawan,90.5,Tinggi,18.33,+/-1.44,98.13,+/-1.73,0.0,+/-0.0,18.33,+/-1.44,0.0,28.9,71.1,0.0,0.0,0.0,1.44,1.73,0.0,1.44,7,1.0,8.57,60.0
gpm_grid_tamatue,GPM Grid TamaTue,2026-08-23,11.17.05.2002,Bale Redelong,external_comparison,yes,4.649902718619309,96.85017949357464,Asia/Jakarta,Forecast Redelong representative point. BMKG ADM4 reference: 11.17.05.2002 (Bale Redelong). Initial BMKG reference for catchment grid Spatial role: external_comparison. Grid terpisah dan terlalu jauh untuk langsung diasumsikan berkontribusi; hanya titik pembanding sampai konektivitas DAS dikonfirmasi.,00:00,6,6.0,cukup,"CMA,ECMWF,GFS,ICON,METEOFRANCE,UKMO",Berawan,77.0,Sedang,18.27,+/-1.42,98.0,+/-1.73,0.02,+/-0.04,18.27,+/-1.42,0.0,33.3,50.0,16.7,0.0,0.0,1.42,1.73,0.04,1.42,7,0.8571,0.0,0.0
gpm_grid_tamatue,GPM Grid TamaTue,2026-08-23,11.17.05.2002,Bale Redelong,external_comparison,yes,4.649902718619309,96.85017949357464,Asia/Jakarta,Forecast Redelong representative point. BMKG ADM4 reference: 11.17.05.2002 (Bale Redelong). Initial BMKG reference for catchment grid Spatial role: external_comparison. Grid terpisah dan terlalu jauh untuk langsung diasumsikan berkontribusi; hanya titik pembanding sampai konektivitas DAS dikonfirmasi.,01:00,6,6.0,cukup,"CMA,ECMWF,GFS,ICON,METEOFRANCE,UKMO",Berawan,81.2,Tinggi,18.02,+/-1.42,98.0,+/-2.08,0.0,+/-0.0,18.02,+/-1.42,0.0,33.3,66.7,0.0,0.0,0.0,1.42,2.08,0.0,1.42,7,0.8571,0.0,0.0
gpm_grid_tamatue,GPM Grid TamaTue,2026-08-23,11.17.05.2002,Bale Redelong,external_comparison,yes,4.649902718619309,96.85017949357464,Asia/Jakarta,Forecast Redelong representative point. BMKG ADM4 reference: 11.17.05.2002 (Bale Redelong). Initial BMKG reference for catchment grid Spatial role: external_comparison. Grid terpisah dan terlalu jauh untuk langsung diasumsikan berkontribusi; hanya titik pembanding sampai konektivitas DAS dikonfirmasi.,02:00,6,6.0,cukup,"CMA,ECMWF,GFS,ICON,METEOFRANCE,UKMO",Berawan,81.2,Tinggi,17.78,+/-1.33,97.5,+/-2.75,0.0,+/-0.0,17.78,+/-1.33,0.0,33.3,66.7,0.0,0.0,0.0,1.33,2.75,0.0,1.33,7,0.8571,0.0,0.0
gpm_grid_tamatue,GPM Grid TamaTue,2026-08-23,11.17.05.2002,Bale Redelong,external_comparison,yes,4.649902718619309,96.85017949357464,Asia/Jakarta,Forecast Redelong representative point. BMKG ADM4 reference: 11.17.05.2002 (Bale Redelong). Initial BMKG reference for catchment grid Spatial role: external_comparison. Grid terpisah dan terlalu jauh untuk langsung diasumsikan berkontribusi; hanya titik pembanding sampai konektivitas DAS dikonfirmasi.,03:00,6,6.0,cukup,"CMA,ECMWF,GFS,ICON,METEOFRANCE,UKMO",Berawan,89.7,Tinggi,17.57,+/-1.29,98.4,+/-1.36,0.0,+/-0.0,17.57,+/-1.29,0.0,0.0,100.0,0.0,0.0,0.0,1.29,1.36,0.0,1.29,7,0.8571,0.0,0.0
gpm_grid_tamatue,GPM Grid TamaTue,2026-08-23,11.17.05.2002,Bale Redelong,external_comparison,yes,4.649902718619309,96.85017949357464,Asia/Jakarta,Forecast Redelong representative point. BMKG ADM4 reference: 11.17.05.2002 (Bale Redelong). Initial BMKG reference for catchment grid Spatial role: external_comparison. Grid terpisah dan terlalu jauh untuk langsung diasumsikan berkontribusi; hanya titik pembanding sampai konektivitas DAS dikonfirmasi.,04:00,6,6.0,cukup,"CMA,ECMWF,GFS,ICON,METEOFRANCE,UKMO",Berawan,81.7,Tinggi,16.84,+/-0.59,98.75,+/-0.43,0.0,+/-0.0,16.84,+/-0.59,0.0,33.3,66.7,0.0,0.0,0.0,0.59,0.43,0.0,0.59,7,0.8571,0.0,0.0
gpm_grid_tamatue,GPM Grid TamaTue,2026-08-23,11.17.05.2002,Bale Redelong,external_comparison,yes,4.649902718619309,96.85017949357464,Asia/Jakarta,Forecast Redelong representative point. BMKG ADM4 reference: 11.17.05.2002 (Bale Redelong). Initial BMKG reference for catchment grid Spatial role: external_comparison. Grid terpisah dan terlalu jauh untuk langsung diasumsikan berkontribusi; hanya titik pembanding sampai konektivitas DAS dikonfirmasi.,05:00,6,6.0,cukup,"CMA,ECMWF,GFS,ICON,METEOFRANCE,UKMO",Berawan,85.7,Tinggi,16.56,+/-0.65,97.0,+/-2.24,0.0,+/-0.0,16.56,+/-0.65,0.0,16.7,83.3,0.0,0.0,0.0,0.65,2.24,0.0,0.65,7,0.8571,0.0,0.0
gpm_grid_tamatue,GPM Grid TamaTue,2026-08-23,11.17.05.2002,Bale Redelong,external_comparison,yes,4.649902718619309,96.85017949357464,Asia/Jakarta,Forecast Redelong representative point. BMKG ADM4 reference: 11.17.05.2002 (Bale Redelong). Initial BMKG reference for catchment grid Spatial role: external_comparison. Grid terpisah dan terlalu jauh untuk langsung diasumsikan berkontribusi; hanya titik pembanding sampai konektivitas DAS dikonfirmasi.,06:00,6,6.0,cukup,"CMA,ECMWF,GFS,ICON,METEOFRANCE,UKMO",Berawan,77.4,Sedang,16.26,+/-0.6,97.33,+/-2.21,0.0,+/-0.0,16.26,+/-0.6,0.0,50.0,50.0,0.0,0.0,0.0,0.6,2.21,0.0,0.6,7,0.8571,0.0,0.0
gpm_grid_tamatue,GPM Grid TamaTue,2026-08-23,11.17.05.2002,Bale Redelong,external_comparison,yes,4.649902718619309,96.85017949357464,Asia/Jakarta,Forecast Redelong representative point. BMKG ADM4 reference: 11.17.05.2002 (Bale Redelong). Initial BMKG reference for catchment grid Spatial role: external_comparison. Grid terpisah dan terlalu jauh untuk langsung diasumsikan berkontribusi; hanya titik pembanding sampai konektivitas DAS dikonfirmasi.,07:00,6,6.0,cukup,"CMA,ECMWF,GFS,ICON,METEOFRANCE,UKMO",Berawan,77.2,Sedang,17.05,+/-1.06,95.67,+/-2.05,0.0,+/-0.0,17.05,+/-1.06,0.0,50.0,50.0,0.0,0.0,0.0,1.06,2.05,0.0,1.06,7,0.8571,0.0,0.0
gpm_grid_tamatue,GPM Grid TamaTue,2026-08-23,11.17.05.2002,Bale Redelong,external_comparison,yes,4.649902718619309,96.85017949357464,Asia/Jakarta,Forecast Redelong representative point. BMKG ADM4 reference: 11.17.05.2002 (Bale Redelong). Initial BMKG reference for catchment grid Spatial role: external_comparison. Grid terpisah dan terlalu jauh untuk langsung diasumsikan berkontribusi; hanya titik pembanding sampai konektivitas DAS dikonfirmasi.,08:00,6,6.0,cukup,"CMA,ECMWF,GFS,ICON,METEOFRANCE,UKMO",Berawan,77.2,Sedang,19.05,+/-0.88,87.5,+/-3.64,0.0,+/-0.0,19.05,+/-0.88,0.0,50.0,50.0,0.0,0.0,0.0,0.88,3.64,0.0,0.88,7,0.8571,0.0,0.0
gpm_grid_tamatue,GPM Grid TamaTue,2026-08-23,11.17.05.2002,Bale Redelong,external_comparison,yes,4.649902718619309,96.85017949357464,Asia/Jakarta,Forecast Redelong representative point. BMKG ADM4 reference: 11.17.05.2002 (Bale Redelong). Initial BMKG reference for catchment grid Spatial role: external_comparison. Grid terpisah dan terlalu jauh untuk langsung diasumsikan berkontribusi; hanya titik pembanding sampai konektivitas DAS dikonfirmasi.,09:00,6,6.0,cukup,"CMA,ECMWF,GFS,ICON,METEOFRANCE,UKMO",Berawan,77.1,Sedang,21.8,+/-0.78,75.83,+/-5.93,0.0,+/-0.0,21.8,+/-0.78,0.0,50.0,50.0,0.0,0.0,0.0,0.78,5.93,0.0,0.78,7,0.8571,0.0,0.0
gpm_grid_tamatue,GPM Grid TamaTue,2026-08-23,11.17.05.2002,Bale Redelong,external_comparison,yes,4.649902718619309,96.85017949357464,Asia/Jakarta,Forecast Redelong representative point. BMKG ADM4 reference: 11.17.05.2002 (Bale Redelong). Initial BMKG reference for catchment grid Spatial role: external_comparison. Grid terpisah dan terlalu jauh untuk langsung diasumsikan berkontribusi; hanya titik pembanding sampai konektivitas DAS dikonfirmasi.,10:00,6,6.0,cukup,"CMA,ECMWF,GFS,ICON,METEOFRANCE,UKMO",Berawan,81.0,Tinggi,24.13,+/-0.9,65.83,+/-8.15,0.0,+/-0.0,24.13,+/-0.9,0.0,33.3,66.7,0.0,0.0,0.0,0.9,8.15,0.0,0.9,7,0.8571,0.0,0.0
gpm_grid_tamatue,GPM Grid TamaTue,2026-08-23,11.17.05.2002,Bale Redelong,external_comparison,yes,4.649902718619309,96.85017949357464,Asia/Jakarta,Forecast Redelong representative point. BMKG ADM4 reference: 11.17.05.2002 (Bale Redelong). Initial BMKG reference for catchment grid Spatial role: external_comparison. Grid terpisah dan terlalu jauh untuk langsung diasumsikan berkontribusi; hanya titik pembanding sampai konektivitas DAS dikonfirmasi.,11:00,6,6.0,cukup,"CMA,ECMWF,GFS,ICON,METEOFRANCE,UKMO",Hujan Ringan,80.7,Tinggi,25.2,+/-1.26,62.33,+/-9.34,0.06,+/-0.05,25.24,+/-1.32,0.0,16.7,16.7,66.7,0.0,0.0,1.26,9.34,0.05,1.32,7,0.8571,0.0,0.0
gpm_grid_tamatue,GPM Grid TamaTue,2026-08-23,11.17.05.2002,Bale Redelong,external_comparison,yes,4.649902718619309,96.85017949357464,Asia/Jakarta,Forecast Redelong representative point. BMKG ADM4 reference: 11.17.05.2002 (Bale Redelong). Initial BMKG reference for catchment grid Spatial role: external_comparison. Grid terpisah dan terlalu jauh untuk langsung diasumsikan berkontribusi; hanya titik pembanding sampai konektivitas DAS dikonfirmasi.,12:00,6,6.0,cukup,"CMA,ECMWF,GFS,ICON,METEOFRANCE,UKMO",Hujan Ringan,80.3,Tinggi,25.52,+/-1.74,62.5,+/-11.53,0.06,+/-0.05,25.95,+/-2.15,0.0,0.0,33.3,66.7,0.0,0.0,1.74,11.53,0.05,2.15,7,0.8571,0.0,0.0
gpm_grid_tamatue,GPM Grid TamaTue,2026-08-23,11.17.05.2002,Bale Redelong,external_comparison,yes,4.649902718619309,96.85017949357464,Asia/Jakarta,Forecast Redelong representative point. BMKG ADM4 reference: 11.17.05.2002 (Bale Redelong). Initial BMKG reference for catchment grid Spatial role: external_comparison. Grid terpisah dan terlalu jauh untuk langsung diasumsikan berkontribusi; hanya titik pembanding sampai konektivitas DAS dikonfirmasi.,13:00,6,6.0,cukup,"CMA,ECMWF,GFS,ICON,METEOFRANCE,UKMO",Hujan Ringan,80.3,Tinggi,26.08,+/-1.38,65.0,+/-13.81,0.06,+/-0.05,25.81,+/-2.52,0.0,0.0,33.3,66.7,0.0,0.0,1.38,13.81,0.05,2.52,7,0.8571,0.0,0.0
gpm_grid_tamatue,GPM Grid TamaTue,2026-08-23,11.17.05.2002,Bale Redelong,external_comparison,yes,4.649902718619309,96.85017949357464,Asia/Jakarta,Forecast Redelong representative point. BMKG ADM4 reference: 11.17.05.2002 (Bale Redelong). Initial BMKG reference for catchment grid Spatial role: external_comparison. Grid terpisah dan terlalu jauh untuk langsung diasumsikan berkontribusi; hanya titik pembanding sampai konektivitas DAS dikonfirmasi.,14:00,6,6.0,cukup,"CMA,ECMWF,GFS,ICON,METEOFRANCE,UKMO",Hujan Ringan,74.4,Sedang,24.07,+/-1.76,73.83,+/-10.9,2.88,+/-2.41,24.07,+/-1.76,0.0,0.0,0.0,50.0,33.3,16.7,1.76,10.9,2.41,1.76,7,0.8571,0.0,0.0
gpm_grid_tamatue,GPM Grid TamaTue,2026-08-23,11.17.05.2002,Bale Redelong,external_comparison,yes,4.649902718619309,96.85017949357464,Asia/Jakarta,Forecast Redelong representative point. BMKG ADM4 reference: 11.17.05.2002 (Bale Redelong). Initial BMKG reference for catchment grid Spatial role: external_comparison. Grid terpisah dan terlalu jauh untuk langsung diasumsikan berkontribusi; hanya titik pembanding sampai konektivitas DAS dikonfirmasi.,15:00,6,6.0,cukup,"CMA,ECMWF,GFS,ICON,METEOFRANCE,UKMO",Hujan Ringan,75.8,Sedang,22.83,+/-1.38,82.33,+/-9.1,2.02,+/-0.94,22.83,+/-1.38,0.0,0.0,0.0,50.0,33.3,16.7,1.38,9.1,0.94,1.38,7,0.8571,0.0,0.0
gpm_grid_tamatue,GPM Grid TamaTue,2026-08-23,11.17.05.2002,Bale Redelong,external_comparison,yes,4.649902718619309,96.85017949357464,Asia/Jakarta,Forecast Redelong representative point. BMKG ADM4 reference: 11.17.05.2002 (Bale Redelong). Initial BMKG reference for catchment grid Spatial role: external_comparison. Grid terpisah dan terlalu jauh untuk langsung diasumsikan berkontribusi; hanya titik pembanding sampai konektivitas DAS dikonfirmasi.,16:00,6,6.0,cukup,"CMA,ECMWF,GFS,ICON,METEOFRANCE,UKMO",Hujan Ringan,75.0,Sedang,21.83,+/-1.14,88.17,+/-7.88,2.95,+/-2.35,21.83,+/-1.14,0.0,0.0,0.0,50.0,33.3,16.7,1.14,7.88,2.35,1.14,7,0.8571,0.0,0.0
gpm_grid_tamatue,GPM Grid TamaTue,2026-08-23,11.17.05.2002,Bale Redelong,external_comparison,yes,4.649902718619309,96.85017949357464,Asia/Jakarta,Forecast Redelong representative point. BMKG ADM4 reference: 11.17.05.2002 (Bale Redelong). Initial BMKG reference for catchment grid Spatial role: external_comparison. Grid terpisah dan terlalu jauh untuk langsung diasumsikan berkontribusi; hanya titik pembanding sampai konektivitas DAS dikonfirmasi.,17:00,6,6.0,cukup,"CMA,ECMWF,GFS,ICON,METEOFRANCE,UKMO",Hujan Ringan,84.6,Tinggi,21.25,+/-1.08,90.83,+/-6.62,1.04,+/-0.82,21.25,+/-1.08,0.0,0.0,0.0,83.3,0.0,16.7,1.08,6.62,0.82,1.08,7,0.8571,0.0,0.0
gpm_grid_tamatue,GPM Grid TamaTue,2026-08-23,11.17.05.2002,Bale Redelong,external_comparison,yes,4.649902718619309,96.85017949357464,Asia/Jakarta,Forecast Redelong representative point. BMKG ADM4 reference: 11.17.05.2002 (Bale Redelong). Initial BMKG reference for catchment grid Spatial role: external_comparison. Grid terpisah dan terlalu jauh untuk langsung diasumsikan berkontribusi; hanya titik pembanding sampai konektivitas DAS dikonfirmasi.,18:00,6,6.0,cukup,"CMA,ECMWF,GFS,ICON,METEOFRANCE,UKMO",Hujan Ringan,85.0,Tinggi,20.26,+/-0.85,95.0,+/-2.28,0.98,+/-0.84,20.26,+/-0.85,0.0,0.0,0.0,83.3,0.0,16.7,0.85,2.28,0.84,0.85,7,0.8571,0.0,0.0
gpm_grid_tamatue,GPM Grid TamaTue,2026-08-23,11.17.05.2002,Bale Redelong,external_comparison,yes,4.649902718619309,96.85017949357464,Asia/Jakarta,Forecast Redelong representative point. BMKG ADM4 reference: 11.17.05.2002 (Bale Redelong). Initial BMKG reference for catchment grid Spatial role: external_comparison. Grid terpisah dan terlalu jauh untuk langsung diasumsikan berkontribusi; hanya titik pembanding sampai konektivitas DAS dikonfirmasi.,19:00,6,6.0,cukup,"CMA,ECMWF,GFS,ICON,METEOFRANCE,UKMO",Hujan Ringan,84.8,Tinggi,19.92,+/-1.33,96.0,+/-1.41,0.96,+/-0.86,19.92,+/-1.33,0.0,0.0,0.0,83.3,0.0,16.7,1.33,1.41,0.86,1.33,7,0.8571,0.0,0.0
gpm_grid_tamatue,GPM Grid TamaTue,2026-08-23,11.17.05.2002,Bale Redelong,external_comparison,yes,4.649902718619309,96.85017949357464,Asia/Jakarta,Forecast Redelong representative point. BMKG ADM4 reference: 11.17.05.2002 (Bale Redelong). Initial BMKG reference for catchment grid Spatial role: external_comparison. Grid terpisah dan terlalu jauh untuk langsung diasumsikan berkontribusi; hanya titik pembanding sampai konektivitas DAS dikonfirmasi.,20:00,6,6.0,cukup,"CMA,ECMWF,GFS,ICON,METEOFRANCE,UKMO",Hujan Ringan,85.1,Tinggi,19.52,+/-1.3,96.4,+/-1.02,0.57,+/-0.51,19.52,+/-1.3,0.0,0.0,16.7,83.3,0.0,0.0,1.3,1.02,0.51,1.3,7,0.8571,0.0,0.0
gpm_grid_tamatue,GPM Grid TamaTue,2026-08-23,11.17.05.2002,Bale Redelong,external_comparison,yes,4.649902718619309,96.85017949357464,Asia/Jakarta,Forecast Redelong representative point. BMKG ADM4 reference: 11.17.05.2002 (Bale Redelong). Initial BMKG reference for catchment grid Spatial role: external_comparison. Grid terpisah dan terlalu jauh untuk langsung diasumsikan berkontribusi; hanya titik pembanding sampai konektivitas DAS dikonfirmasi.,21:00,6,6.0,cukup,"CMA,ECMWF,GFS,ICON,METEOFRANCE,UKMO",Hujan Ringan,85.3,Tinggi,19.18,+/-1.3,96.5,+/-1.89,0.26,+/-0.24,19.18,+/-1.3,0.0,0.0,16.7,83.3,0.0,0.0,1.3,1.89,0.24,1.3,7,0.8571,0.0,0.0
gpm_grid_tamatue,GPM Grid TamaTue,2026-08-23,11.17.05.2002,Bale Redelong,external_comparison,yes,4.649902718619309,96.85017949357464,Asia/Jakarta,Forecast Redelong representative point. BMKG ADM4 reference: 11.17.05.2002 (Bale Redelong). Initial BMKG reference for catchment grid Spatial role: external_comparison. Grid terpisah dan terlalu jauh untuk langsung diasumsikan berkontribusi; hanya titik pembanding sampai konektivitas DAS dikonfirmasi.,22:00,6,6.0,cukup,"CMA,ECMWF,GFS,ICON,METEOFRANCE,UKMO",Hujan Ringan,81.1,Tinggi,18.87,+/-1.34,97.33,+/-1.11,0.22,+/-0.26,18.87,+/-1.34,0.0,0.0,33.3,66.7,0.0,0.0,1.34,1.11,0.26,1.34,7,0.8571,0.0,0.0
gpm_grid_tamatue,GPM Grid TamaTue,2026-08-23,11.17.05.2002,Bale Redelong,external_comparison,yes,4.649902718619309,96.85017949357464,Asia/Jakarta,Forecast Redelong representative point. BMKG ADM4 reference: 11.17.05.2002 (Bale Redelong). Initial BMKG reference for catchment grid Spatial role: external_comparison. Grid terpisah dan terlalu jauh untuk langsung diasumsikan berkontribusi; hanya titik pembanding sampai konektivitas DAS dikonfirmasi.,23:00,6,6.0,cukup,"CMA,ECMWF,GFS,ICON,METEOFRANCE,UKMO",Berawan,81.6,Tinggi,18.06,+/-0.76,97.33,+/-0.94,0.05,+/-0.08,18.06,+/-0.76,0.0,0.0,66.7,33.3,0.0,0.0,0.76,0.94,0.08,0.76,7,0.8571,0.0,0.0
pltm_besai_kemu,PLTM Besai Kemu,2026-08-20,18.08.03.2017,Kemu,independent_site_reference,yes,-4.862591667,104.500497222,Asia/Jakarta,PLTM Besai Kemu forecast reference. BMKG ADM4 reference: 18.08.03.2017. Coordinate status: engineering_document_reference_operational_asset_confirmed.,00:00,6,6.0,cukup,"CMA,ECMWF,GFS,ICON,METEOFRANCE,UKMO",Berawan,81.0,Tinggi,24.07,+/-1.45,89.33,+/-4.35,0.0,+/-0.0,24.07,+/-1.45,0.0,33.3,66.7,0.0,0.0,0.0,1.45,4.35,0.0,1.45,7,0.8571,0.0,0.0
pltm_besai_kemu,PLTM Besai Kemu,2026-08-20,18.08.03.2017,Kemu,independent_site_reference,yes,-4.862591667,104.500497222,Asia/Jakarta,PLTM Besai Kemu forecast reference. BMKG ADM4 reference: 18.08.03.2017. Coordinate status: engineering_document_reference_operational_asset_confirmed.,01:00,6,6.0,cukup,"CMA,ECMWF,GFS,ICON,METEOFRANCE,UKMO",Berawan,81.2,Tinggi,23.72,+/-1.12,91.0,+/-4.47,0.0,+/-0.0,23.72,+/-1.12,0.0,33.3,66.7,0.0,0.0,0.0,1.12,4.47,0.0,1.12,7,0.8571,0.0,0.0
pltm_besai_kemu,PLTM Besai Kemu,2026-08-20,18.08.03.2017,Kemu,independent_site_reference,yes,-4.862591667,104.500497222,Asia/Jakarta,PLTM Besai Kemu forecast reference. BMKG ADM4 reference: 18.08.03.2017. Coordinate status: engineering_document_reference_operational_asset_confirmed.,02:00,6,6.0,cukup,"CMA,ECMWF,GFS,ICON,METEOFRANCE,UKMO",Berawan,77.0,Sedang,23.48,+/-1.07,91.67,+/-4.71,0.02,+/-0.04,23.48,+/-1.07,0.0,33.3,50.0,16.7,0.0,0.0,1.07,4.71,0.04,1.07,7,0.8571,0.0,0.0
pltm_besai_kemu,PLTM Besai Kemu,2026-08-20,18.08.03.2017,Kemu,independent_site_reference,yes,-4.862591667,104.500497222,Asia/Jakarta,PLTM Besai Kemu forecast reference. BMKG ADM4 reference: 18.08.03.2017. Coordinate status: engineering_document_reference_operational_asset_confirmed.,03:00,6,6.0,cukup,"CMA,ECMWF,GFS,ICON,METEOFRANCE,UKMO",Berawan,76.9,Sedang,23.15,+/-1.24,92.0,+/-4.32,0.02,+/-0.04,23.15,+/-1.24,0.0,33.3,50.0,16.7,0.0,0.0,1.24,4.32,0.04,1.24,7,0.8571,0.0,0.0
pltm_besai_kemu,PLTM Besai Kemu,2026-08-20,18.08.03.2017,Kemu,independent_site_reference,yes,-4.862591667,104.500497222,Asia/Jakarta,PLTM Besai Kemu forecast reference. BMKG ADM4 reference: 18.08.03.2017. Coordinate status: engineering_document_reference_operational_asset_confirmed.,04:00,7,6.6868,cukup,"BMKG,CMA,ECMWF,GFS,ICON,METEOFRANCE,UKMO",Cerah Berawan,82.9,Tinggi,23.1,+/-1.45,92.5,+/-4.27,0.02,+/-0.04,23.1,+/-1.45,0.0,44.9,40.2,15.0,0.0,0.0,1.45,4.27,0.04,1.45,7,1.0,25.71,180.0
pltm_besai_kemu,PLTM Besai Kemu,2026-08-20,18.08.03.2017,Kemu,independent_site_reference,yes,-4.862591667,104.500497222,Asia/Jakarta,PLTM Besai Kemu forecast reference. BMKG ADM4 reference: 18.08.03.2017. Coordinate status: engineering_document_reference_operational_asset_confirmed.,05:00,7,6.6868,cukup,"BMKG,CMA,ECMWF,GFS,ICON,METEOFRANCE,UKMO",Cerah Berawan,86.5,Tinggi,23.01,+/-1.47,90.37,+/-5.61,0.0,+/-0.0,23.01,+/-1.47,0.0,59.8,40.2,0.0,0.0,0.0,1.47,5.61,0.0,1.47,7,1.0,17.14,120.0
pltm_besai_kemu,PLTM Besai Kemu,2026-08-20,18.08.03.2017,Kemu,independent_site_reference,yes,-4.862591667,104.500497222,Asia/Jakarta,PLTM Besai Kemu forecast reference. BMKG ADM4 reference: 18.08.03.2017. Coordinate status: engineering_document_reference_operational_asset_confirmed.,06:00,7,6.9366,cukup,"BMKG,CMA,ECMWF,GFS,ICON,METEOFRANCE,UKMO",Cerah Berawan,83.5,Tinggi,23.01,+/-1.64,93.2,+/-1.17,0.0,+/-0.0,23.01,+/-1.64,14.4,43.2,42.3,0.0,0.0,0.0,1.64,1.17,0.0,1.64,7,1.0,8.57,60.0
pltm_besai_kemu,PLTM Besai Kemu,2026-08-20,18.08.03.2017,Kemu,independent_site_reference,yes,-4.862591667,104.500497222,Asia/Jakarta,PLTM Besai Kemu forecast reference. BMKG ADM4 reference: 18.08.03.2017. Coordinate status: engineering_document_reference_operational_asset_confirmed.,07:00,7,7.2488,cukup,"BMKG,CMA,ECMWF,GFS,ICON,METEOFRANCE,UKMO",Cerah Berawan,84.1,Tinggi,23.97,+/-0.95,85.48,+/-5.12,0.0,+/-0.0,23.97,+/-0.95,27.6,41.4,31.0,0.0,0.0,0.0,0.95,5.12,0.0,0.95,7,1.0,0.0,0.0
pltm_besai_kemu,PLTM Besai Kemu,2026-08-20,18.08.03.2017,Kemu,independent_site_reference,yes,-4.862591667,104.500497222,Asia/Jakarta,PLTM Besai Kemu forecast reference. BMKG ADM4 reference: 18.08.03.2017. Coordinate status: engineering_document_reference_operational_asset_confirmed.,08:00,7,6.9366,cukup,"BMKG,CMA,ECMWF,GFS,ICON,METEOFRANCE,UKMO",Cerah Berawan,83.5,Tinggi,25.94,+/-0.78,77.13,+/-6.36,0.0,+/-0.0,26.18,+/-1.28,28.8,43.2,27.9,0.0,0.0,0.0,0.78,6.36,0.0,1.28,7,1.0,8.57,60.0
pltm_besai_kemu,PLTM Besai Kemu,2026-08-20,18.08.03.2017,Kemu,independent_site_reference,yes,-4.862591667,104.500497222,Asia/Jakarta,PLTM Besai Kemu forecast reference. BMKG ADM4 reference: 18.08.03.2017. Coordinate status: engineering_document_reference_operational_asset_confirmed.,09:00,7,6.9366,cukup,"BMKG,CMA,ECMWF,GFS,ICON,METEOFRANCE,UKMO",Berawan,83.0,Tinggi,28.37,+/-1.2,66.47,+/-7.11,0.0,+/-0.0,30.46,+/-1.96,28.8,28.8,42.3,0.0,0.0,0.0,1.2,7.11,0.0,1.96,7,1.0,8.57,60.0
pltm_besai_kemu,PLTM Besai Kemu,2026-08-20,18.08.03.2017,Kemu,independent_site_reference,yes,-4.862591667,104.500497222,Asia/Jakarta,PLTM Besai Kemu forecast reference. BMKG ADM4 reference: 18.08.03.2017. Coordinate status: engineering_document_reference_operational_asset_confirmed.,10:00,7,7.2488,cukup,"BMKG,CMA,ECMWF,GFS,ICON,METEOFRANCE,UKMO",Berawan,84.9,Tinggi,29.85,+/-0.99,59.79,+/-5.67,0.0,+/-0.0,32.42,+/-0.91,13.8,41.4,44.8,0.0,0.0,0.0,0.99,5.67,0.0,0.91,7,1.0,0.0,0.0
pltm_besai_kemu,PLTM Besai Kemu,2026-08-20,18.08.03.2017,Kemu,independent_site_reference,yes,-4.862591667,104.500497222,Asia/Jakarta,PLTM Besai Kemu forecast reference. BMKG ADM4 reference: 18.08.03.2017. Coordinate status: engineering_document_reference_operational_asset_confirmed.,11:00,7,6.9366,cukup,"BMKG,CMA,ECMWF,GFS,ICON,METEOFRANCE,UKMO",Berawan,86.6,Tinggi,30.89,+/-1.2,55.8,+/-6.96,0.02,+/-0.04,33.53,+/-0.83,14.4,14.4,56.8,14.4,0.0,0.0,1.2,6.96,0.04,0.83,7,1.0,8.57,60.0
pltm_besai_kemu,PLTM Besai Kemu,2026-08-20,18.08.03.2017,Kemu,independent_site_reference,yes,-4.862591667,104.500497222,Asia/Jakarta,PLTM Besai Kemu forecast reference. BMKG ADM4 reference: 18.08.03.2017. Coordinate status: engineering_document_reference_operational_asset_confirmed.,12:00,7,6.9366,cukup,"BMKG,CMA,ECMWF,GFS,ICON,METEOFRANCE,UKMO",Berawan,83.1,Tinggi,31.83,+/-1.41,53.65,+/-7.89,0.02,+/-0.04,34.84,+/-1.42,28.8,13.5,43.2,14.4,0.0,0.0,1.41,7.89,0.04,1.42,7,1.0,8.57,60.0
pltm_besai_kemu,PLTM Besai Kemu,2026-08-20,18.08.03.2017,Kemu,independent_site_reference,yes,-4.862591667,104.500497222,Asia/Jakarta,PLTM Besai Kemu forecast reference. BMKG ADM4 reference: 18.08.03.2017. Coordinate status: engineering_document_reference_operational_asset_confirmed.,13:00,7,7.2488,cukup,"BMKG,CMA,ECMWF,GFS,ICON,METEOFRANCE,UKMO",Cerah Berawan,84.6,Tinggi,32.63,+/-1.29,50.65,+/-8.08,0.02,+/-0.04,35.46,+/-1.08,13.8,44.8,27.6,13.8,0.0,0.0,1.29,8.08,0.04,1.08,7,1.0,0.0,0.0
pltm_besai_kemu,PLTM Besai Kemu,2026-08-20,18.08.03.2017,Kemu,independent_site_reference,yes,-4.862591667,104.500497222,Asia/Jakarta,PLTM Besai Kemu forecast reference. BMKG ADM4 reference: 18.08.03.2017. Coordinate status: engineering_document_reference_operational_asset_confirmed.,14:00,7,6.9366,cukup,"BMKG,CMA,ECMWF,GFS,ICON,METEOFRANCE,UKMO",Cerah Berawan,82.8,Tinggi,32.91,+/-1.29,48.6,+/-8.33,0.07,+/-0.11,35.47,+/-1.02,0.0,42.3,28.8,28.8,0.0,0.0,1.29,8.33,0.11,1.02,7,1.0,8.57,60.0
pltm_besai_kemu,PLTM Besai Kemu,2026-08-20,18.08.03.2017,Kemu,independent_site_reference,yes,-4.862591667,104.500497222,Asia/Jakarta,PLTM Besai Kemu forecast reference. BMKG ADM4 reference: 18.08.03.2017. Coordinate status: engineering_document_reference_operational_asset_confirmed.,15:00,7,6.9366,cukup,"BMKG,CMA,ECMWF,GFS,ICON,METEOFRANCE,UKMO",Hujan Ringan,79.1,Sedang,31.78,+/-1.88,51.12,+/-9.4,0.07,+/-0.11,34.03,+/-1.64,27.9,28.8,14.4,28.8,0.0,0.0,1.88,9.4,0.11,1.64,7,1.0,8.57,60.0
pltm_besai_kemu,PLTM Besai Kemu,2026-08-20,18.08.03.2017,Kemu,independent_site_reference,yes,-4.862591667,104.500497222,Asia/Jakarta,PLTM Besai Kemu forecast reference. BMKG ADM4 reference: 18.08.03.2017. Coordinate status: engineering_document_reference_operational_asset_confirmed.,16:00,7,7.2488,cukup,"BMKG,CMA,ECMWF,GFS,ICON,METEOFRANCE,UKMO",Cerah,80.6,Tinggi,30.99,+/-2.04,53.96,+/-9.91,0.07,+/-0.11,33.21,+/-1.8,31.0,27.6,13.8,27.6,0.0,0.0,2.04,9.91,0.11,1.8,7,1.0,0.0,0.0
pltm_besai_kemu,PLTM Besai Kemu,2026-08-20,18.08.03.2017,Kemu,independent_site_reference,yes,-4.862591667,104.500497222,Asia/Jakarta,PLTM Besai Kemu forecast reference. BMKG ADM4 reference: 18.08.03.2017. Coordinate status: engineering_document_reference_operational_asset_confirmed.,17:00,7,6.9366,cukup,"BMKG,CMA,ECMWF,GFS,ICON,METEOFRANCE,UKMO",Hujan Ringan,81.8,Tinggi,29.56,+/-2.83,61.5,+/-14.67,0.1,+/-0.13,32.83,+/-1.43,27.9,14.4,14.4,43.2,0.0,0.0,2.83,14.67,0.13,1.43,7,1.0,8.57,60.0
pltm_besai_kemu,PLTM Besai Kemu,2026-08-20,18.08.03.2017,Kemu,independent_site_reference,yes,-4.862591667,104.500497222,Asia/Jakarta,PLTM Besai Kemu forecast reference. BMKG ADM4 reference: 18.08.03.2017. Coordinate status: engineering_document_reference_operational_asset_confirmed.,18:00,7,6.9366,cukup,"BMKG,CMA,ECMWF,GFS,ICON,METEOFRANCE,UKMO",Hujan Ringan,78.0,Sedang,27.68,+/-2.96,69.98,+/-16.77,0.1,+/-0.13,28.82,+/-3.85,27.9,28.8,0.0,28.8,14.4,0.0,2.96,16.77,0.13,3.85,7,1.0,8.57,60.0
pltm_besai_kemu,PLTM Besai Kemu,2026-08-20,18.08.03.2017,Kemu,independent_site_reference,yes,-4.862591667,104.500497222,Asia/Jakarta,PLTM Besai Kemu forecast reference. BMKG ADM4 reference: 18.08.03.2017. Coordinate status: engineering_document_reference_operational_asset_confirmed.,19:00,7,7.2488,cukup,"BMKG,CMA,ECMWF,GFS,ICON,METEOFRANCE,UKMO",Hujan Ringan,82.5,Tinggi,26.41,+/-2.43,76.14,+/-15.24,0.1,+/-0.13,27.28,+/-3.41,31.0,13.8,13.8,41.4,0.0,0.0,2.43,15.24,0.13,3.41,7,1.0,0.0,0.0
pltm_besai_kemu,PLTM Besai Kemu,2026-08-20,18.08.03.2017,Kemu,independent_site_reference,yes,-4.862591667,104.500497222,Asia/Jakarta,PLTM Besai Kemu forecast reference. BMKG ADM4 reference: 18.08.03.2017. Coordinate status: engineering_document_reference_operational_asset_confirmed.,20:00,7,6.9366,cukup,"BMKG,CMA,ECMWF,GFS,ICON,METEOFRANCE,UKMO",Cerah,82.2,Tinggi,25.93,+/-1.97,79.06,+/-12.72,0.02,+/-0.04,26.86,+/-2.99,42.3,14.4,28.8,14.4,0.0,0.0,1.97,12.72,0.04,2.99,7,1.0,8.57,60.0
pltm_besai_kemu,PLTM Besai Kemu,2026-08-20,18.08.03.2017,Kemu,independent_site_reference,yes,-4.862591667,104.500497222,Asia/Jakarta,PLTM Besai Kemu forecast reference. BMKG ADM4 reference: 18.08.03.2017. Coordinate status: engineering_document_reference_operational_asset_confirmed.,21:00,7,6.9366,cukup,"BMKG,CMA,ECMWF,GFS,ICON,METEOFRANCE,UKMO",Berawan,82.7,Tinggi,25.36,+/-1.76,82.47,+/-10.95,0.0,+/-0.0,26.0,+/-2.66,27.9,28.8,43.2,0.0,0.0,0.0,1.76,10.95,0.0,2.66,7,1.0,8.57,60.0
pltm_besai_kemu,PLTM Besai Kemu,2026-08-20,18.08.03.2017,Kemu,independent_site_reference,yes,-4.862591667,104.500497222,Asia/Jakarta,PLTM Besai Kemu forecast reference. BMKG ADM4 reference: 18.08.03.2017. Coordinate status: engineering_document_reference_operational_asset_confirmed.,22:00,7,7.2488,cukup,"BMKG,CMA,ECMWF,GFS,ICON,METEOFRANCE,UKMO",Cerah,84.5,Tinggi,24.64,+/-1.65,89.04,+/-6.66,0.0,+/-0.0,24.14,+/-1.15,44.8,27.6,27.6,0.0,0.0,0.0,1.65,6.66,0.0,1.15,7,1.0,0.0,0.0
pltm_besai_kemu,PLTM Besai Kemu,2026-08-20,18.08.03.2017,Kemu,independent_site_reference,yes,-4.862591667,104.500497222,Asia/Jakarta,PLTM Besai Kemu forecast reference. BMKG ADM4 reference: 18.08.03.2017. Coordinate status: engineering_document_reference_operational_asset_confirmed.,23:00,7,6.9366,cukup,"BMKG,CMA,ECMWF,GFS,ICON,METEOFRANCE,UKMO",Cerah,90.0,Tinggi,24.14,+/-1.57,88.52,+/-7.89,0.0,+/-0.0,23.62,+/-1.02,71.2,14.4,14.4,0.0,0.0,0.0,1.57,7.89,0.0,1.02,7,1.0,8.57,60.0
pltm_besai_kemu,PLTM Besai Kemu,2026-08-21,18.08.03.2017,Kemu,independent_site_reference,yes,-4.862591667,104.500497222,Asia/Jakarta,PLTM Besai Kemu forecast reference. BMKG ADM4 reference: 18.08.03.2017. Coordinate status: engineering_document_reference_operational_asset_confirmed.,00:00,7,6.9284,cukup,"BMKG,CMA,ECMWF,GFS,ICON,METEOFRANCE,UKMO",Cerah,83.0,Tinggi,23.66,+/-1.63,89.95,+/-7.03,0.0,+/-0.0,23.99,+/-2.35,43.3,28.9,27.8,0.0,0.0,0.0,1.63,7.03,0.0,2.35,7,1.0,8.57,60.0
pltm_besai_kemu,PLTM Besai Kemu,2026-08-21,18.08.03.2017,Kemu,independent_site_reference,yes,-4.862591667,104.500497222,Asia/Jakarta,PLTM Besai Kemu forecast reference. BMKG ADM4 reference: 18.08.03.2017. Coordinate status: engineering_document_reference_operational_asset_confirmed.,01:00,7,7.2379,cukup,"BMKG,CMA,ECMWF,GFS,ICON,METEOFRANCE,UKMO",Cerah Berawan,83.7,Tinggi,23.15,+/-1.6,91.13,+/-6.08,0.0,+/-0.0,23.15,+/-1.6,41.4,41.4,17.1,0.0,0.0,0.0,1.6,6.08,0.0,1.6,7,1.0,0.0,0.0
pltm_besai_kemu,PLTM Besai Kemu,2026-08-21,18.08.03.2017,Kemu,independent_site_reference,yes,-4.862591667,104.500497222,Asia/Jakarta,PLTM Besai Kemu forecast reference. BMKG ADM4 reference: 18.08.03.2017. Coordinate status: engineering_document_reference_operational_asset_confirmed.,02:00,7,6.9284,cukup,"BMKG,CMA,ECMWF,GFS,ICON,METEOFRANCE,UKMO",Cerah,87.5,Tinggi,22.1,+/-0.79,94.49,+/-1.81,0.0,+/-0.0,22.1,+/-0.79,57.7,28.9,13.4,0.0,0.0,0.0,0.79,1.81,0.0,0.79,7,1.0,8.57,60.0
pltm_besai_kemu,PLTM Besai Kemu,2026-08-21,18.08.03.2017,Kemu,independent_site_reference,yes,-4.862591667,104.500497222,Asia/Jakarta,PLTM Besai Kemu forecast reference. BMKG ADM4 reference: 18.08.03.2017. Coordinate status: engineering_document_reference_operational_asset_confirmed.,03:00,7,6.9284,cukup,"BMKG,CMA,ECMWF,GFS,ICON,METEOFRANCE,UKMO",Cerah,83.1,Tinggi,22.43,+/-1.71,91.7,+/-5.65,0.0,+/-0.0,22.43,+/-1.71,43.3,43.3,13.4,0.0,0.0,0.0,1.71,5.65,0.0,1.71,7,1.0,8.57,60.0
pltm_besai_kemu,PLTM Besai Kemu,2026-08-21,18.08.03.2017,Kemu,independent_site_reference,yes,-4.862591667,104.500497222,Asia/Jakarta,PLTM Besai Kemu forecast reference. BMKG ADM4 reference: 18.08.03.2017. Coordinate status: engineering_document_reference_operational_asset_confirmed.,04:00,7,7.2379,cukup,"BMKG,CMA,ECMWF,GFS,ICON,METEOFRANCE,UKMO",Cerah,84.4,Tinggi,21.7,+/-0.76,93.0,+/-2.33,0.0,+/-0.0,21.7,+/-0.76,41.4,41.4,17.1,0.0,0.0,0.0,0.76,2.33,0.0,0.76,7,1.0,0.0,0.0
pltm_besai_kemu,PLTM Besai Kemu,2026-08-21,18.08.03.2017,Kemu,independent_site_reference,yes,-4.862591667,104.500497222,Asia/Jakarta,PLTM Besai Kemu forecast reference. BMKG ADM4 reference: 18.08.03.2017. Coordinate status: engineering_document_reference_operational_asset_confirmed.,05:00,7,6.9284,cukup,"BMKG,CMA,ECMWF,GFS,ICON,METEOFRANCE,UKMO",Cerah,87.0,Tinggi,22.27,+/-1.69,92.49,+/-2.07,0.0,+/-0.0,22.27,+/-1.69,57.7,28.9,13.4,0.0,0.0,0.0,1.69,2.07,0.0,1.69,7,1.0,8.57,60.0
pltm_besai_kemu,PLTM Besai Kemu,2026-08-21,18.08.03.2017,Kemu,independent_site_reference,yes,-4.862591667,104.500497222,Asia/Jakarta,PLTM Besai Kemu forecast reference. BMKG ADM4 reference: 18.08.03.2017. Coordinate status: engineering_document_reference_operational_asset_confirmed.,06:00,7,6.9284,cukup,"BMKG,CMA,ECMWF,GFS,ICON,METEOFRANCE,UKMO",Cerah,97.2,Tinggi,22.71,+/-1.9,88.35,+/-5.24,0.0,+/-0.0,22.71,+/-1.9,100.0,0.0,0.0,0.0,0.0,0.0,1.9,5.24,0.0,1.9,7,1.0,8.57,60.0
pltm_besai_kemu,PLTM Besai Kemu,2026-08-21,18.08.03.2017,Kemu,independent_site_reference,yes,-4.862591667,104.500497222,Asia/Jakarta,PLTM Besai Kemu forecast reference. BMKG ADM4 reference: 18.08.03.2017. Coordinate status: engineering_document_reference_operational_asset_confirmed.,07:00,7,7.2379,cukup,"BMKG,CMA,ECMWF,GFS,ICON,METEOFRANCE,UKMO",Cerah,95.2,Tinggi,23.66,+/-1.26,85.04,+/-4.12,0.0,+/-0.0,23.66,+/-1.26,86.2,13.8,0.0,0.0,0.0,0.0,1.26,4.12,0.0,1.26,7,1.0,0.0,0.0
pltm_besai_kemu,PLTM Besai Kemu,2026-08-21,18.08.03.2017,Kemu,independent_site_reference,yes,-4.862591667,104.500497222,Asia/Jakarta,PLTM Besai Kemu forecast reference. BMKG ADM4 reference: 18.08.03.2017. Coordinate status: engineering_document_reference_operational_asset_confirmed.,08:00,7,6.9284,cukup,"BMKG,CMA,ECMWF,GFS,ICON,METEOFRANCE,UKMO",Cerah,94.3,Tinggi,25.58,+/-0.79,80.31,+/-3.37,0.0,+/-0.0,25.35,+/-0.62,85.6,14.4,0.0,0.0,0.0,0.0,0.79,3.37,0.0,0.62,7,1.0,8.57,60.0
pltm_besai_kemu,PLTM Besai Kemu,2026-08-21,18.08.03.2017,Kemu,independent_site_reference,yes,-4.862591667,104.500497222,Asia/Jakarta,PLTM Besai Kemu forecast reference. BMKG ADM4 reference: 18.08.03.2017. Coordinate status: engineering_document_reference_operational_asset_confirmed.,09:00,7,6.9284,cukup,"BMKG,CMA,ECMWF,GFS,ICON,METEOFRANCE,UKMO",Cerah,86.9,Tinggi,27.64,+/-0.92,69.62,+/-5.61,0.0,+/-0.0,29.59,+/-1.72,56.7,43.3,0.0,0.0,0.0,0.0,0.92,5.61,0.0,1.72,7,1.0,8.57,60.0
pltm_besai_kemu,PLTM Besai Kemu,2026-08-21,18.08.03.2017,Kemu,independent_site_reference,yes,-4.862591667,104.500497222,Asia/Jakarta,PLTM Besai Kemu forecast reference. BMKG ADM4 reference: 18.08.03.2017. Coordinate status: engineering_document_reference_operational_asset_confirmed.,10:00,7,7.2379,cukup,"BMKG,CMA,ECMWF,GFS,ICON,METEOFRANCE,UKMO",Cerah,88.3,Tinggi,28.9,+/-0.99,64.03,+/-6.02,0.0,+/-0.0,31.39,+/-1.0,58.6,41.4,0.0,0.0,0.0,0.0,0.99,6.02,0.0,1.0,7,1.0,0.0,0.0
pltm_besai_kemu,PLTM Besai Kemu,2026-08-21,18.08.03.2017,Kemu,independent_site_reference,yes,-4.862591667,104.500497222,Asia/Jakarta,PLTM Besai Kemu forecast reference. BMKG ADM4 reference: 18.08.03.2017. Coordinate status: engineering_document_reference_operational_asset_confirmed.,11:00,7,6.9284,cukup,"BMKG,CMA,ECMWF,GFS,ICON,METEOFRANCE,UKMO",Cerah,86.6,Tinggi,30.05,+/-1.24,59.08,+/-7.19,0.02,+/-0.04,32.61,+/-0.98,56.7,14.4,14.4,14.4,0.0,0.0,1.24,7.19,0.04,0.98,7,1.0,8.57,60.0
pltm_besai_kemu,PLTM Besai Kemu,2026-08-21,18.08.03.2017,Kemu,independent_site_reference,yes,-4.862591667,104.500497222,Asia/Jakarta,PLTM Besai Kemu forecast reference. BMKG ADM4 reference: 18.08.03.2017. Coordinate status: engineering_document_reference_operational_asset_confirmed.,12:00,7,6.9284,cukup,"BMKG,CMA,ECMWF,GFS,ICON,METEOFRANCE,UKMO",Cerah,86.3,Tinggi,31.35,+/-1.42,54.17,+/-9.1,0.02,+/-0.04,34.01,+/-1.28,56.7,28.9,0.0,14.4,0.0,0.0,1.42,9.1,0.04,1.28,7,1.0,8.57,60.0
pltm_besai_kemu,PLTM Besai Kemu,2026-08-21,18.08.03.2017,Kemu,independent_site_reference,yes,-4.862591667,104.500497222,Asia/Jakarta,PLTM Besai Kemu forecast reference. BMKG ADM4 reference: 18.08.03.2017. Coordinate status: engineering_document_reference_operational_asset_confirmed.,13:00,7,7.2379,cukup,"BMKG,CMA,ECMWF,GFS,ICON,METEOFRANCE,UKMO",Cerah,84.2,Tinggi,32.05,+/-1.51,51.05,+/-10.48,0.02,+/-0.04,34.51,+/-1.12,44.7,41.4,0.0,13.8,0.0,0.0,1.51,10.48,0.04,1.12,7,1.0,0.0,0.0
pltm_besai_kemu,PLTM Besai Kemu,2026-08-21,18.08.03.2017,Kemu,independent_site_reference,yes,-4.862591667,104.500497222,Asia/Jakarta,PLTM Besai Kemu forecast reference. BMKG ADM4 reference: 18.08.03.2017. Coordinate status: engineering_document_reference_operational_asset_confirmed.,14:00,7,6.9284,cukup,"BMKG,CMA,ECMWF,GFS,ICON,METEOFRANCE,UKMO",Cerah,86.0,Tinggi,32.41,+/-1.65,49.12,+/-11.15,0.05,+/-0.11,34.5,+/-0.83,56.7,14.4,14.4,14.4,0.0,0.0,1.65,11.15,0.11,0.83,7,1.0,8.57,60.0
pltm_besai_kemu,PLTM Besai Kemu,2026-08-21,18.08.03.2017,Kemu,independent_site_reference,yes,-4.862591667,104.500497222,Asia/Jakarta,PLTM Besai Kemu forecast reference. BMKG ADM4 reference: 18.08.03.2017. Coordinate status: engineering_document_reference_operational_asset_confirmed.,15:00,7,6.9284,cukup,"BMKG,CMA,ECMWF,GFS,ICON,METEOFRANCE,UKMO",Cerah,85.2,Tinggi,31.67,+/-2.76,51.01,+/-14.23,0.05,+/-0.11,34.22,+/-0.58,56.7,28.9,0.0,14.4,0.0,0.0,2.76,14.23,0.11,0.58,7,1.0,8.57,60.0
pltm_besai_kemu,PLTM Besai Kemu,2026-08-21,18.08.03.2017,Kemu,independent_site_reference,yes,-4.862591667,104.500497222,Asia/Jakarta,PLTM Besai Kemu forecast reference. BMKG ADM4 reference: 18.08.03.2017. Coordinate status: engineering_document_reference_operational_asset_confirmed.,16:00,7,7.2379,cukup,"BMKG,CMA,ECMWF,GFS,ICON,METEOFRANCE,UKMO",Cerah,83.2,Tinggi,31.03,+/-2.88,54.1,+/-14.89,0.05,+/-0.11,33.69,+/-0.25,44.7,41.4,0.0,13.8,0.0,0.0,2.88,14.89,0.11,0.25,7,1.0,0.0,0.0
pltm_besai_kemu,PLTM Besai Kemu,2026-08-21,18.08.03.2017,Kemu,independent_site_reference,yes,-4.862591667,104.500497222,Asia/Jakarta,PLTM Besai Kemu forecast reference. BMKG ADM4 reference: 18.08.03.2017. Coordinate status: engineering_document_reference_operational_asset_confirmed.,17:00,7,6.9284,cukup,"BMKG,CMA,ECMWF,GFS,ICON,METEOFRANCE,UKMO",Cerah Berawan,81.9,Tinggi,30.03,+/-2.49,58.8,+/-14.06,0.1,+/-0.22,32.87,+/-1.0,42.3,43.3,0.0,14.4,0.0,0.0,2.49,14.06,0.22,1.0,7,1.0,8.57,60.0
pltm_besai_kemu,PLTM Besai Kemu,2026-08-21,18.08.03.2017,Kemu,independent_site_reference,yes,-4.862591667,104.500497222,Asia/Jakarta,PLTM Besai Kemu forecast reference. BMKG ADM4 reference: 18.08.03.2017. Coordinate status: engineering_document_reference_operational_asset_confirmed.,18:00,7,6.9284,cukup,"BMKG,CMA,ECMWF,GFS,ICON,METEOFRANCE,UKMO",Cerah,86.1,Tinggi,27.7,+/-0.58,67.92,+/-15.82,0.1,+/-0.22,30.55,+/-1.4,56.7,28.9,0.0,14.4,0.0,0.0,0.58,15.82,0.22,1.4,7,1.0,8.57,60.0
pltm_besai_kemu,PLTM Besai Kemu,2026-08-21,18.08.03.2017,Kemu,independent_site_reference,yes,-4.862591667,104.500497222,Asia/Jakarta,PLTM Besai Kemu forecast reference. BMKG ADM4 reference: 18.08.03.2017. Coordinate status: engineering_document_reference_operational_asset_confirmed.,19:00,7,7.2379,cukup,"BMKG,CMA,ECMWF,GFS,ICON,METEOFRANCE,UKMO",Cerah,90.4,Tinggi,26.64,+/-2.2,75.08,+/-14.29,0.1,+/-0.22,27.66,+/-2.78,72.4,13.8,0.0,13.8,0.0,0.0,2.2,14.29,0.22,2.78,7,1.0,0.0,0.0
pltm_besai_kemu,PLTM Besai Kemu,2026-08-21,18.08.03.2017,Kemu,independent_site_reference,yes,-4.862591667,104.500497222,Asia/Jakarta,PLTM Besai Kemu forecast reference. BMKG ADM4 reference: 18.08.03.2017. Coordinate status: engineering_document_reference_operational_asset_confirmed.,20:00,7,6.9284,cukup,"BMKG,CMA,ECMWF,GFS,ICON,METEOFRANCE,UKMO",Cerah,86.5,Tinggi,25.25,+/-0.74,79.32,+/-11.14,0.0,+/-0.0,25.25,+/-0.74,56.7,43.3,0.0,0.0,0.0,0.0,0.74,11.14,0.0,0.74,7,1.0,8.57,60.0
pltm_besai_kemu,PLTM Besai Kemu,2026-08-21,18.08.03.2017,Kemu,independent_site_reference,yes,-4.862591667,104.500497222,Asia/Jakarta,PLTM Besai Kemu forecast reference. BMKG ADM4 reference: 18.08.03.2017. Coordinate status: engineering_document_reference_operational_asset_confirmed.,21:00,7,6.9284,cukup,"BMKG,CMA,ECMWF,GFS,ICON,METEOFRANCE,UKMO",Cerah,86.2,Tinggi,25.05,+/-1.64,83.36,+/-9.29,0.0,+/-0.0,24.47,+/-0.89,56.7,28.9,14.4,0.0,0.0,0.0,1.64,9.29,0.0,0.89,7,1.0,8.57,60.0
pltm_besai_kemu,PLTM Besai Kemu,2026-08-21,18.08.03.2017,Kemu,independent_site_reference,yes,-4.862591667,104.500497222,Asia/Jakarta,PLTM Besai Kemu forecast reference. BMKG ADM4 reference: 18.08.03.2017. Coordinate status: engineering_document_reference_operational_asset_confirmed.,22:00,7,7.2379,cukup,"BMKG,CMA,ECMWF,GFS,ICON,METEOFRANCE,UKMO",Cerah,88.1,Tinggi,24.52,+/-1.51,88.88,+/-4.69,0.0,+/-0.0,23.99,+/-0.81,58.6,13.8,27.6,0.0,0.0,0.0,1.51,4.69,0.0,0.81,7,1.0,0.0,0.0
pltm_besai_kemu,PLTM Besai Kemu,2026-08-21,18.08.03.2017,Kemu,independent_site_reference,yes,-4.862591667,104.500497222,Asia/Jakarta,PLTM Besai Kemu forecast reference. BMKG ADM4 reference: 18.08.03.2017. Coordinate status: engineering_document_reference_operational_asset_confirmed.,23:00,7,6.9284,cukup,"BMKG,CMA,ECMWF,GFS,ICON,METEOFRANCE,UKMO",Cerah,86.7,Tinggi,24.0,+/-1.57,91.18,+/-4.0,0.0,+/-0.0,23.46,+/-0.93,56.7,28.9,14.4,0.0,0.0,0.0,1.57,4.0,0.0,0.93,7,1.0,8.57,60.0
pltm_besai_kemu,PLTM Besai Kemu,2026-08-22,18.08.03.2017,Kemu,independent_site_reference,yes,-4.862591667,104.500497222,Asia/Jakarta,PLTM Besai Kemu forecast reference. BMKG ADM4 reference: 18.08.03.2017. Coordinate status: engineering_document_reference_operational_asset_confirmed.,00:00,7,6.9312,cukup,"BMKG,CMA,ECMWF,GFS,ICON,METEOFRANCE,UKMO",Cerah,90.5,Tinggi,23.47,+/-1.64,91.0,+/-1.1,0.0,+/-0.0,22.91,+/-0.99,71.1,14.4,14.4,0.0,0.0,0.0,1.64,1.1,0.0,0.99,7,1.0,8.57,60.0
pltm_besai_kemu,PLTM Besai Kemu,2026-08-22,18.08.03.2017,Kemu,independent_site_reference,yes,-4.862591667,104.500497222,Asia/Jakarta,PLTM Besai Kemu forecast reference. BMKG ADM4 reference: 18.08.03.2017. Coordinate status: engineering_document_reference_operational_asset_confirmed.,01:00,7,7.2416,cukup,"BMKG,CMA,ECMWF,GFS,ICON,METEOFRANCE,UKMO",Cerah,91.8,Tinggi,23.16,+/-1.55,92.76,+/-2.64,0.0,+/-0.0,23.16,+/-1.55,72.4,13.8,13.8,0.0,0.0,0.0,1.55,2.64,0.0,1.55,7,1.0,0.0,0.0
pltm_besai_kemu,PLTM Besai Kemu,2026-08-22,18.08.03.2017,Kemu,independent_site_reference,yes,-4.862591667,104.500497222,Asia/Jakarta,PLTM Besai Kemu forecast reference. BMKG ADM4 reference: 18.08.03.2017. Coordinate status: engineering_document_reference_operational_asset_confirmed.,02:00,7,6.9312,cukup,"BMKG,CMA,ECMWF,GFS,ICON,METEOFRANCE,UKMO",Cerah,94.0,Tinggi,22.84,+/-1.61,93.02,+/-2.52,0.0,+/-0.0,22.84,+/-1.61,85.6,14.4,0.0,0.0,0.0,0.0,1.61,2.52,0.0,1.61,7,1.0,8.57,60.0
pltm_besai_kemu,PLTM Besai Kemu,2026-08-22,18.08.03.2017,Kemu,independent_site_reference,yes,-4.862591667,104.500497222,Asia/Jakarta,PLTM Besai Kemu forecast reference. BMKG ADM4 reference: 18.08.03.2017. Coordinate status: engineering_document_reference_operational_asset_confirmed.,03:00,7,6.9312,cukup,"BMKG,CMA,ECMWF,GFS,ICON,METEOFRANCE,UKMO",Cerah,93.9,Tinggi,22.36,+/-1.71,93.15,+/-2.42,0.0,+/-0.0,22.36,+/-1.71,85.6,14.4,0.0,0.0,0.0,0.0,1.71,2.42,0.0,1.71,7,1.0,8.57,60.0
pltm_besai_kemu,PLTM Besai Kemu,2026-08-22,18.08.03.2017,Kemu,independent_site_reference,yes,-4.862591667,104.500497222,Asia/Jakarta,PLTM Besai Kemu forecast reference. BMKG ADM4 reference: 18.08.03.2017. Coordinate status: engineering_document_reference_operational_asset_confirmed.,04:00,7,7.2416,cukup,"BMKG,CMA,ECMWF,GFS,ICON,METEOFRANCE,UKMO",Cerah,98.6,Tinggi,22.17,+/-1.69,92.6,+/-2.62,0.0,+/-0.0,22.17,+/-1.69,100.0,0.0,0.0,0.0,0.0,0.0,1.69,2.62,0.0,1.69,7,1.0,0.0,0.0
pltm_besai_kemu,PLTM Besai Kemu,2026-08-22,18.08.03.2017,Kemu,independent_site_reference,yes,-4.862591667,104.500497222,Asia/Jakarta,PLTM Besai Kemu forecast reference. BMKG ADM4 reference: 18.08.03.2017. Coordinate status: engineering_document_reference_operational_asset_confirmed.,05:00,7,6.9312,cukup,"BMKG,CMA,ECMWF,GFS,ICON,METEOFRANCE,UKMO",Cerah,97.3,Tinggi,22.17,+/-1.65,89.81,+/-6.34,0.0,+/-0.0,22.17,+/-1.65,100.0,0.0,0.0,0.0,0.0,0.0,1.65,6.34,0.0,1.65,7,1.0,8.57,60.0
pltm_besai_kemu,PLTM Besai Kemu,2026-08-22,18.08.03.2017,Kemu,independent_site_reference,yes,-4.862591667,104.500497222,Asia/Jakarta,PLTM Besai Kemu forecast reference. BMKG ADM4 reference: 18.08.03.2017. Coordinate status: engineering_document_reference_operational_asset_confirmed.,06:00,7,6.9312,cukup,"BMKG,CMA,ECMWF,GFS,ICON,METEOFRANCE,UKMO",Cerah,93.9,Tinggi,22.81,+/-1.82,87.92,+/-5.94,0.0,+/-0.0,22.81,+/-1.82,86.6,0.0,13.4,0.0,0.0,0.0,1.82,5.94,0.0,1.82,7,1.0,8.57,60.0
pltm_besai_kemu,PLTM Besai Kemu,2026-08-22,18.08.03.2017,Kemu,independent_site_reference,yes,-4.862591667,104.500497222,Asia/Jakarta,PLTM Besai Kemu forecast reference. BMKG ADM4 reference: 18.08.03.2017. Coordinate status: engineering_document_reference_operational_asset_confirmed.,07:00,7,7.2416,cukup,"BMKG,CMA,ECMWF,GFS,ICON,METEOFRANCE,UKMO",Cerah,91.2,Tinggi,23.76,+/-1.34,82.47,+/-0.5,0.0,+/-0.0,23.76,+/-1.34,69.0,0.0,31.0,0.0,0.0,0.0,1.34,0.5,0.0,1.34,7,1.0,0.0,0.0
pltm_besai_kemu,PLTM Besai Kemu,2026-08-22,18.08.03.2017,Kemu,independent_site_reference,yes,-4.862591667,104.500497222,Asia/Jakarta,PLTM Besai Kemu forecast reference. BMKG ADM4 reference: 18.08.03.2017. Coordinate status: engineering_document_reference_operational_asset_confirmed.,08:00,7,6.9312,cukup,"BMKG,CMA,ECMWF,GFS,ICON,METEOFRANCE,UKMO",Cerah,86.8,Tinggi,25.66,+/-1.24,77.09,+/-7.87,0.0,+/-0.0,26.25,+/-2.05,57.7,28.9,13.4,0.0,0.0,0.0,1.24,7.87,0.0,2.05,7,1.0,8.57,60.0
pltm_besai_kemu,PLTM Besai Kemu,2026-08-22,18.08.03.2017,Kemu,independent_site_reference,yes,-4.862591667,104.500497222,Asia/Jakarta,PLTM Besai Kemu forecast reference. BMKG ADM4 reference: 18.08.03.2017. Coordinate status: engineering_document_reference_operational_asset_confirmed.,09:00,7,6.9312,cukup,"BMKG,CMA,ECMWF,GFS,ICON,METEOFRANCE,UKMO",Cerah Berawan,86.6,Tinggi,27.82,+/-1.56,69.17,+/-7.77,0.0,+/-0.0,29.63,+/-2.84,42.3,57.7,0.0,0.0,0.0,0.0,1.56,7.77,0.0,2.84,7,1.0,8.57,60.0
pltm_besai_kemu,PLTM Besai Kemu,2026-08-22,18.08.03.2017,Kemu,independent_site_reference,yes,-4.862591667,104.500497222,Asia/Jakarta,PLTM Besai Kemu forecast reference. BMKG ADM4 reference: 18.08.03.2017. Coordinate status: engineering_document_reference_operational_asset_confirmed.,10:00,7,7.2416,cukup,"BMKG,CMA,ECMWF,GFS,ICON,METEOFRANCE,UKMO",Cerah,84.6,Tinggi,29.16,+/-1.33,64.07,+/-7.61,0.0,+/-0.0,31.84,+/-1.65,44.8,41.4,13.8,0.0,0.0,0.0,1.33,7.61,0.0,1.65,7,1.0,0.0,0.0
pltm_besai_kemu,PLTM Besai Kemu,2026-08-22,18.08.03.2017,Kemu,independent_site_reference,yes,-4.862591667,104.500497222,Asia/Jakarta,PLTM Besai Kemu forecast reference. BMKG ADM4 reference: 18.08.03.2017. Coordinate status: engineering_document_reference_operational_asset_confirmed.,11:00,7,6.9312,cukup,"BMKG,CMA,ECMWF,GFS,ICON,METEOFRANCE,UKMO",Cerah Berawan,83.0,Tinggi,30.32,+/-1.43,58.93,+/-8.57,0.03,+/-0.05,33.05,+/-1.19,27.9,43.3,0.0,28.9,0.0,0.0,1.43,8.57,0.05,1.19,7,1.0,8.57,60.0
pltm_besai_kemu,PLTM Besai Kemu,2026-08-22,18.08.03.2017,Kemu,independent_site_reference,yes,-4.862591667,104.500497222,Asia/Jakarta,PLTM Besai Kemu forecast reference. BMKG ADM4 reference: 18.08.03.2017. Coordinate status: engineering_document_reference_operational_asset_confirmed.,12:00,7,6.9312,cukup,"BMKG,CMA,ECMWF,GFS,ICON,METEOFRANCE,UKMO",Cerah Berawan,82.9,Tinggi,31.62,+/-1.58,53.25,+/-8.9,0.03,+/-0.05,34.29,+/-1.26,27.9,43.3,0.0,28.9,0.0,0.0,1.58,8.9,0.05,1.26,7,1.0,8.57,60.0
pltm_besai_kemu,PLTM Besai Kemu,2026-08-22,18.08.03.2017,Kemu,independent_site_reference,yes,-4.862591667,104.500497222,Asia/Jakarta,PLTM Besai Kemu forecast reference. BMKG ADM4 reference: 18.08.03.2017. Coordinate status: engineering_document_reference_operational_asset_confirmed.,13:00,7,7.2416,cukup,"BMKG,CMA,ECMWF,GFS,ICON,METEOFRANCE,UKMO",Cerah,84.3,Tinggi,32.22,+/-1.62,50.79,+/-9.25,0.03,+/-0.05,34.82,+/-1.2,44.8,27.6,0.0,27.6,0.0,0.0,1.62,9.25,0.05,1.2,7,1.0,0.0,0.0
pltm_besai_kemu,PLTM Besai Kemu,2026-08-22,18.08.03.2017,Kemu,independent_site_reference,yes,-4.862591667,104.500497222,Asia/Jakarta,PLTM Besai Kemu forecast reference. BMKG ADM4 reference: 18.08.03.2017. Coordinate status: engineering_document_reference_operational_asset_confirmed.,14:00,7,6.9312,cukup,"BMKG,CMA,ECMWF,GFS,ICON,METEOFRANCE,UKMO",Cerah Berawan,82.7,Tinggi,32.56,+/-1.77,48.92,+/-9.78,0.02,+/-0.04,34.6,+/-1.01,42.3,43.3,0.0,14.4,0.0,0.0,1.77,9.78,0.04,1.01,7,1.0,8.57,60.0
pltm_besai_kemu,PLTM Besai Kemu,2026-08-22,18.08.03.2017,Kemu,independent_site_reference,yes,-4.862591667,104.500497222,Asia/Jakarta,PLTM Besai Kemu forecast reference. BMKG ADM4 reference: 18.08.03.2017. Coordinate status: engineering_document_reference_operational_asset_confirmed.,15:00,7,6.9312,cukup,"BMKG,CMA,ECMWF,GFS,ICON,METEOFRANCE,UKMO",Cerah Berawan,82.4,Tinggi,32.06,+/-2.19,50.25,+/-12.16,0.02,+/-0.04,33.93,+/-0.98,27.9,43.3,14.4,14.4,0.0,0.0,2.19,12.16,0.04,0.98,7,1.0,8.57,60.0
pltm_besai_kemu,PLTM Besai Kemu,2026-08-22,18.08.03.2017,Kemu,independent_site_reference,yes,-4.862591667,104.500497222,Asia/Jakarta,PLTM Besai Kemu forecast reference. BMKG ADM4 reference: 18.08.03.2017. Coordinate status: engineering_document_reference_operational_asset_confirmed.,16:00,7,7.2416,cukup,"BMKG,CMA,ECMWF,GFS,ICON,METEOFRANCE,UKMO",Cerah,80.4,Tinggi,31.25,+/-2.15,53.22,+/-11.93,0.02,+/-0.04,33.28,+/-1.15,31.0,27.6,27.6,13.8,0.0,0.0,2.15,11.93,0.04,1.15,7,1.0,0.0,0.0
pltm_besai_kemu,PLTM Besai Kemu,2026-08-22,18.08.03.2017,Kemu,independent_site_reference,yes,-4.862591667,104.500497222,Asia/Jakarta,PLTM Besai Kemu forecast reference. BMKG ADM4 reference: 18.08.03.2017. Coordinate status: engineering_document_reference_operational_asset_confirmed.,17:00,7,6.9312,cukup,"BMKG,CMA,ECMWF,GFS,ICON,METEOFRANCE,UKMO",Cerah Berawan,82.9,Tinggi,29.56,+/-1.2,57.18,+/-11.56,0.02,+/-0.04,32.31,+/-1.21,27.9,43.3,14.4,14.4,0.0,0.0,1.2,11.56,0.04,1.21,7,1.0,8.57,60.0
pltm_besai_kemu,PLTM Besai Kemu,2026-08-22,18.08.03.2017,Kemu,independent_site_reference,yes,-4.862591667,104.500497222,Asia/Jakarta,PLTM Besai Kemu forecast reference. BMKG ADM4 reference: 18.08.03.2017. Coordinate status: engineering_document_reference_operational_asset_confirmed.,18:00,7,6.9312,cukup,"BMKG,CMA,ECMWF,GFS,ICON,METEOFRANCE,UKMO",Cerah Berawan,82.1,Tinggi,28.3,+/-2.33,65.52,+/-14.39,0.02,+/-0.04,30.28,+/-2.22,27.9,43.3,14.4,14.4,0.0,0.0,2.33,14.39,0.04,2.22,7,1.0,8.57,60.0
pltm_besai_kemu,PLTM Besai Kemu,2026-08-22,18.08.03.2017,Kemu,independent_site_reference,yes,-4.862591667,104.500497222,Asia/Jakarta,PLTM Besai Kemu forecast reference. BMKG ADM4 reference: 18.08.03.2017. Coordinate status: engineering_document_reference_operational_asset_confirmed.,19:00,7,7.2416,cukup,"BMKG,CMA,ECMWF,GFS,ICON,METEOFRANCE,UKMO",Cerah Berawan,82.9,Tinggi,26.99,+/-2.05,72.16,+/-13.5,0.03,+/-0.05,27.64,+/-2.59,31.0,41.4,0.0,27.6,0.0,0.0,2.05,13.5,0.05,2.59,7,1.0,0.0,0.0
pltm_besai_kemu,PLTM Besai Kemu,2026-08-22,18.08.03.2017,Kemu,independent_site_reference,yes,-4.862591667,104.500497222,Asia/Jakarta,PLTM Besai Kemu forecast reference. BMKG ADM4 reference: 18.08.03.2017. Coordinate status: engineering_document_reference_operational_asset_confirmed.,20:00,7,6.9312,cukup,"BMKG,CMA,ECMWF,GFS,ICON,METEOFRANCE,UKMO",Cerah Berawan,86.7,Tinggi,25.61,+/-0.75,75.91,+/-12.39,0.02,+/-0.04,25.88,+/-1.22,27.9,57.7,0.0,14.4,0.0,0.0,0.75,12.39,0.04,1.22,7,1.0,8.57,60.0
pltm_besai_kemu,PLTM Besai Kemu,2026-08-22,18.08.03.2017,Kemu,independent_site_reference,yes,-4.862591667,104.500497222,Asia/Jakarta,PLTM Besai Kemu forecast reference. BMKG ADM4 reference: 18.08.03.2017. Coordinate status: engineering_document_reference_operational_asset_confirmed.,21:00,7,6.9312,cukup,"BMKG,CMA,ECMWF,GFS,ICON,METEOFRANCE,UKMO",Cerah Berawan,86.9,Tinggi,24.69,+/-0.53,81.21,+/-10.74,0.0,+/-0.0,24.69,+/-0.53,42.3,57.7,0.0,0.0,0.0,0.0,0.53,10.74,0.0,0.53,7,1.0,8.57,60.0
pltm_besai_kemu,PLTM Besai Kemu,2026-08-22,18.08.03.2017,Kemu,independent_site_reference,yes,-4.862591667,104.500497222,Asia/Jakarta,PLTM Besai Kemu forecast reference. BMKG ADM4 reference: 18.08.03.2017. Coordinate status: engineering_document_reference_operational_asset_confirmed.,22:00,7,7.2416,cukup,"BMKG,CMA,ECMWF,GFS,ICON,METEOFRANCE,UKMO",Cerah,92.3,Tinggi,24.06,+/-0.19,87.88,+/-5.02,0.0,+/-0.0,24.06,+/-0.19,72.4,13.8,13.8,0.0,0.0,0.0,0.19,5.02,0.0,0.19,7,1.0,0.0,0.0
pltm_besai_kemu,PLTM Besai Kemu,2026-08-22,18.08.03.2017,Kemu,independent_site_reference,yes,-4.862591667,104.500497222,Asia/Jakarta,PLTM Besai Kemu forecast reference. BMKG ADM4 reference: 18.08.03.2017. Coordinate status: engineering_document_reference_operational_asset_confirmed.,23:00,7,6.9312,cukup,"BMKG,CMA,ECMWF,GFS,ICON,METEOFRANCE,UKMO",Cerah,90.8,Tinggi,23.41,+/-0.57,90.52,+/-3.79,0.0,+/-0.0,23.41,+/-0.57,71.1,14.4,14.4,0.0,0.0,0.0,0.57,3.79,0.0,0.57,7,1.0,8.57,60.0
pltm_besai_kemu,PLTM Besai Kemu,2026-08-23,18.08.03.2017,Kemu,independent_site_reference,yes,-4.862591667,104.500497222,Asia/Jakarta,PLTM Besai Kemu forecast reference. BMKG ADM4 reference: 18.08.03.2017. Coordinate status: engineering_document_reference_operational_asset_confirmed.,00:00,6,6.0,cukup,"CMA,ECMWF,GFS,ICON,METEOFRANCE,UKMO",Cerah,76.8,Sedang,23.25,+/-1.91,92.6,+/-2.42,0.0,+/-0.0,22.52,+/-1.1,50.0,33.3,16.7,0.0,0.0,0.0,1.91,2.42,0.0,1.1,7,0.8571,0.0,0.0
pltm_besai_kemu,PLTM Besai Kemu,2026-08-23,18.08.03.2017,Kemu,independent_site_reference,yes,-4.862591667,104.500497222,Asia/Jakarta,PLTM Besai Kemu forecast reference. BMKG ADM4 reference: 18.08.03.2017. Coordinate status: engineering_document_reference_operational_asset_confirmed.,01:00,6,6.0,cukup,"CMA,ECMWF,GFS,ICON,METEOFRANCE,UKMO",Cerah,76.7,Sedang,22.75,+/-2.1,93.0,+/-2.37,0.0,+/-0.0,22.75,+/-2.1,50.0,33.3,16.7,0.0,0.0,0.0,2.1,2.37,0.0,2.1,7,0.8571,0.0,0.0
pltm_besai_kemu,PLTM Besai Kemu,2026-08-23,18.08.03.2017,Kemu,independent_site_reference,yes,-4.862591667,104.500497222,Asia/Jakarta,PLTM Besai Kemu forecast reference. BMKG ADM4 reference: 18.08.03.2017. Coordinate status: engineering_document_reference_operational_asset_confirmed.,02:00,6,6.0,cukup,"CMA,ECMWF,GFS,ICON,METEOFRANCE,UKMO",Cerah,76.6,Sedang,22.32,+/-2.19,92.6,+/-2.24,0.0,+/-0.0,22.32,+/-2.19,50.0,33.3,16.7,0.0,0.0,0.0,2.19,2.24,0.0,2.19,7,0.8571,0.0,0.0
pltm_besai_kemu,PLTM Besai Kemu,2026-08-23,18.08.03.2017,Kemu,independent_site_reference,yes,-4.862591667,104.500497222,Asia/Jakarta,PLTM Besai Kemu forecast reference. BMKG ADM4 reference: 18.08.03.2017. Coordinate status: engineering_document_reference_operational_asset_confirmed.,03:00,6,6.0,cukup,"CMA,ECMWF,GFS,ICON,METEOFRANCE,UKMO",Cerah,80.8,Tinggi,22.0,+/-2.28,92.0,+/-2.37,0.0,+/-0.0,22.0,+/-2.28,66.7,33.3,0.0,0.0,0.0,0.0,2.28,2.37,0.0,2.28,7,0.8571,0.0,0.0
pltm_besai_kemu,PLTM Besai Kemu,2026-08-23,18.08.03.2017,Kemu,independent_site_reference,yes,-4.862591667,104.500497222,Asia/Jakarta,PLTM Besai Kemu forecast reference. BMKG ADM4 reference: 18.08.03.2017. Coordinate status: engineering_document_reference_operational_asset_confirmed.,04:00,6,6.0,cukup,"CMA,ECMWF,GFS,ICON,METEOFRANCE,UKMO",Cerah,80.7,Tinggi,21.78,+/-2.35,91.6,+/-2.33,0.0,+/-0.0,21.78,+/-2.35,66.7,33.3,0.0,0.0,0.0,0.0,2.35,2.33,0.0,2.35,7,0.8571,0.0,0.0
pltm_besai_kemu,PLTM Besai Kemu,2026-08-23,18.08.03.2017,Kemu,independent_site_reference,yes,-4.862591667,104.500497222,Asia/Jakarta,PLTM Besai Kemu forecast reference. BMKG ADM4 reference: 18.08.03.2017. Coordinate status: engineering_document_reference_operational_asset_confirmed.,05:00,6,6.0,cukup,"CMA,ECMWF,GFS,ICON,METEOFRANCE,UKMO",Cerah,76.7,Sedang,22.54,+/-1.47,89.83,+/-4.95,0.07,+/-0.15,22.54,+/-1.47,50.0,16.7,16.7,16.7,0.0,0.0,1.47,4.95,0.15,1.47,7,0.8571,0.0,0.0
pltm_besai_kemu,PLTM Besai Kemu,2026-08-23,18.08.03.2017,Kemu,independent_site_reference,yes,-4.862591667,104.500497222,Asia/Jakarta,PLTM Besai Kemu forecast reference. BMKG ADM4 reference: 18.08.03.2017. Coordinate status: engineering_document_reference_operational_asset_confirmed.,06:00,6,6.0,cukup,"CMA,ECMWF,GFS,ICON,METEOFRANCE,UKMO",Cerah,76.8,Sedang,22.6,+/-1.19,89.67,+/-5.12,0.07,+/-0.15,22.6,+/-1.19,50.0,16.7,16.7,16.7,0.0,0.0,1.19,5.12,0.15,1.19,7,0.8571,0.0,0.0
pltm_besai_kemu,PLTM Besai Kemu,2026-08-23,18.08.03.2017,Kemu,independent_site_reference,yes,-4.862591667,104.500497222,Asia/Jakarta,PLTM Besai Kemu forecast reference. BMKG ADM4 reference: 18.08.03.2017. Coordinate status: engineering_document_reference_operational_asset_confirmed.,07:00,6,6.0,cukup,"CMA,ECMWF,GFS,ICON,METEOFRANCE,UKMO",Berawan,72.2,Sedang,22.75,+/-1.82,85.5,+/-6.4,0.07,+/-0.15,22.75,+/-1.82,33.3,16.7,33.3,16.7,0.0,0.0,1.82,6.4,0.15,1.82,7,0.8571,0.0,0.0
pltm_besai_kemu,PLTM Besai Kemu,2026-08-23,18.08.03.2017,Kemu,independent_site_reference,yes,-4.862591667,104.500497222,Asia/Jakarta,PLTM Besai Kemu forecast reference. BMKG ADM4 reference: 18.08.03.2017. Coordinate status: engineering_document_reference_operational_asset_confirmed.,08:00,6,6.0,cukup,"CMA,ECMWF,GFS,ICON,METEOFRANCE,UKMO",Cerah,84.8,Tinggi,24.8,+/-1.62,77.33,+/-8.94,0.0,+/-0.0,25.14,+/-2.23,83.3,0.0,16.7,0.0,0.0,0.0,1.62,8.94,0.0,2.23,7,0.8571,0.0,0.0
pltm_besai_kemu,PLTM Besai Kemu,2026-08-23,18.08.03.2017,Kemu,independent_site_reference,yes,-4.862591667,104.500497222,Asia/Jakarta,PLTM Besai Kemu forecast reference. BMKG ADM4 reference: 18.08.03.2017. Coordinate status: engineering_document_reference_operational_asset_confirmed.,09:00,6,6.0,cukup,"CMA,ECMWF,GFS,ICON,METEOFRANCE,UKMO",Cerah,80.6,Tinggi,27.1,+/-1.38,68.5,+/-10.94,0.0,+/-0.0,27.93,+/-2.39,66.7,33.3,0.0,0.0,0.0,0.0,1.38,10.94,0.0,2.39,7,0.8571,0.0,0.0
pltm_besai_kemu,PLTM Besai Kemu,2026-08-23,18.08.03.2017,Kemu,independent_site_reference,yes,-4.862591667,104.500497222,Asia/Jakarta,PLTM Besai Kemu forecast reference. BMKG ADM4 reference: 18.08.03.2017. Coordinate status: engineering_document_reference_operational_asset_confirmed.,10:00,6,6.0,cukup,"CMA,ECMWF,GFS,ICON,METEOFRANCE,UKMO",Cerah Berawan,76.2,Sedang,28.95,+/-1.48,61.33,+/-11.93,0.02,+/-0.04,30.88,+/-1.22,33.3,50.0,0.0,16.7,0.0,0.0,1.48,11.93,0.04,1.22,7,0.8571,0.0,0.0
pltm_besai_kemu,PLTM Besai Kemu,2026-08-23,18.08.03.2017,Kemu,independent_site_reference,yes,-4.862591667,104.500497222,Asia/Jakarta,PLTM Besai Kemu forecast reference. BMKG ADM4 reference: 18.08.03.2017. Coordinate status: engineering_document_reference_operational_asset_confirmed.,11:00,6,6.0,cukup,"CMA,ECMWF,GFS,ICON,METEOFRANCE,UKMO",Cerah Berawan,76.2,Sedang,30.32,+/-1.48,55.5,+/-11.15,0.1,+/-0.18,32.27,+/-0.75,16.7,50.0,0.0,33.3,0.0,0.0,1.48,11.15,0.18,0.75,7,0.8571,0.0,0.0
pltm_besai_kemu,PLTM Besai Kemu,2026-08-23,18.08.03.2017,Kemu,independent_site_reference,yes,-4.862591667,104.500497222,Asia/Jakarta,PLTM Besai Kemu forecast reference. BMKG ADM4 reference: 18.08.03.2017. Coordinate status: engineering_document_reference_operational_asset_confirmed.,12:00,6,6.0,cukup,"CMA,ECMWF,GFS,ICON,METEOFRANCE,UKMO",Cerah,72.1,Sedang,31.58,+/-1.51,49.83,+/-10.17,0.1,+/-0.18,33.24,+/-0.85,33.3,33.3,0.0,33.3,0.0,0.0,1.51,10.17,0.18,0.85,7,0.8571,0.0,0.0
pltm_besai_kemu,PLTM Besai Kemu,2026-08-23,18.08.03.2017,Kemu,independent_site_reference,yes,-4.862591667,104.500497222,Asia/Jakarta,PLTM Besai Kemu forecast reference. BMKG ADM4 reference: 18.08.03.2017. Coordinate status: engineering_document_reference_operational_asset_confirmed.,13:00,6,6.0,cukup,"CMA,ECMWF,GFS,ICON,METEOFRANCE,UKMO",Cerah,72.7,Sedang,32.63,+/-1.65,38.5,+/-2.18,0.05,+/-0.08,33.97,+/-1.21,33.3,33.3,0.0,33.3,0.0,0.0,1.65,2.18,0.08,1.21,7,0.8571,0.0,0.0
pltm_besai_kemu,PLTM Besai Kemu,2026-08-23,18.08.03.2017,Kemu,independent_site_reference,yes,-4.862591667,104.500497222,Asia/Jakarta,PLTM Besai Kemu forecast reference. BMKG ADM4 reference: 18.08.03.2017. Coordinate status: engineering_document_reference_operational_asset_confirmed.,14:00,6,6.0,cukup,"CMA,ECMWF,GFS,ICON,METEOFRANCE,UKMO",Cerah Berawan,81.1,Tinggi,33.05,+/-1.67,36.5,+/-2.18,0.0,+/-0.0,33.96,+/-0.81,16.7,66.7,16.7,0.0,0.0,0.0,1.67,2.18,0.0,0.81,7,0.8571,0.0,0.0
pltm_besai_kemu,PLTM Besai Kemu,2026-08-23,18.08.03.2017,Kemu,independent_site_reference,yes,-4.862591667,104.500497222,Asia/Jakarta,PLTM Besai Kemu forecast reference. BMKG ADM4 reference: 18.08.03.2017. Coordinate status: engineering_document_reference_operational_asset_confirmed.,15:00,6,6.0,cukup,"CMA,ECMWF,GFS,ICON,METEOFRANCE,UKMO",Cerah Berawan,76.4,Sedang,32.97,+/-1.72,42.33,+/-8.34,0.0,+/-0.0,33.84,+/-1.03,33.3,50.0,16.7,0.0,0.0,0.0,1.72,8.34,0.0,1.03,7,0.8571,0.0,0.0
pltm_besai_kemu,PLTM Besai Kemu,2026-08-23,18.08.03.2017,Kemu,independent_site_reference,yes,-4.862591667,104.500497222,Asia/Jakarta,PLTM Besai Kemu forecast reference. BMKG ADM4 reference: 18.08.03.2017. Coordinate status: engineering_document_reference_operational_asset_confirmed.,16:00,6,6.0,cukup,"CMA,ECMWF,GFS,ICON,METEOFRANCE,UKMO",Cerah Berawan,76.7,Sedang,31.64,+/-1.1,44.83,+/-8.39,0.0,+/-0.0,32.99,+/-0.43,33.3,50.0,16.7,0.0,0.0,0.0,1.1,8.39,0.0,0.43,7,0.8571,0.0,0.0
pltm_besai_kemu,PLTM Besai Kemu,2026-08-23,18.08.03.2017,Kemu,independent_site_reference,yes,-4.862591667,104.500497222,Asia/Jakarta,PLTM Besai Kemu forecast reference. BMKG ADM4 reference: 18.08.03.2017. Coordinate status: engineering_document_reference_operational_asset_confirmed.,17:00,6,6.0,cukup,"CMA,ECMWF,GFS,ICON,METEOFRANCE,UKMO",Cerah Berawan,76.2,Sedang,31.13,+/-1.98,49.83,+/-9.96,0.0,+/-0.0,32.51,+/-1.16,33.3,50.0,16.7,0.0,0.0,0.0,1.98,9.96,0.0,1.16,7,0.8571,0.0,0.0
pltm_besai_kemu,PLTM Besai Kemu,2026-08-23,18.08.03.2017,Kemu,independent_site_reference,yes,-4.862591667,104.500497222,Asia/Jakarta,PLTM Besai Kemu forecast reference. BMKG ADM4 reference: 18.08.03.2017. Coordinate status: engineering_document_reference_operational_asset_confirmed.,18:00,6,6.0,cukup,"CMA,ECMWF,GFS,ICON,METEOFRANCE,UKMO",Cerah Berawan,80.4,Tinggi,29.63,+/-1.83,55.0,+/-10.69,0.0,+/-0.0,30.49,+/-0.5,16.7,66.7,16.7,0.0,0.0,0.0,1.83,10.69,0.0,0.5,7,0.8571,0.0,0.0
pltm_besai_kemu,PLTM Besai Kemu,2026-08-23,18.08.03.2017,Kemu,independent_site_reference,yes,-4.862591667,104.500497222,Asia/Jakarta,PLTM Besai Kemu forecast reference. BMKG ADM4 reference: 18.08.03.2017. Coordinate status: engineering_document_reference_operational_asset_confirmed.,19:00,6,6.0,cukup,"CMA,ECMWF,GFS,ICON,METEOFRANCE,UKMO",Cerah Berawan,80.4,Tinggi,28.37,+/-1.64,60.5,+/-10.78,0.0,+/-0.0,29.58,+/-0.32,16.7,66.7,16.7,0.0,0.0,0.0,1.64,10.78,0.0,0.32,7,0.8571,0.0,0.0
pltm_besai_kemu,PLTM Besai Kemu,2026-08-23,18.08.03.2017,Kemu,independent_site_reference,yes,-4.862591667,104.500497222,Asia/Jakarta,PLTM Besai Kemu forecast reference. BMKG ADM4 reference: 18.08.03.2017. Coordinate status: engineering_document_reference_operational_asset_confirmed.,20:00,6,6.0,cukup,"CMA,ECMWF,GFS,ICON,METEOFRANCE,UKMO",Cerah Berawan,80.5,Tinggi,27.05,+/-1.64,67.5,+/-10.7,0.0,+/-0.0,28.04,+/-2.21,33.3,66.7,0.0,0.0,0.0,0.0,1.64,10.7,0.0,2.21,7,0.8571,0.0,0.0
pltm_besai_kemu,PLTM Besai Kemu,2026-08-23,18.08.03.2017,Kemu,independent_site_reference,yes,-4.862591667,104.500497222,Asia/Jakarta,PLTM Besai Kemu forecast reference. BMKG ADM4 reference: 18.08.03.2017. Coordinate status: engineering_document_reference_operational_asset_confirmed.,21:00,6,6.0,cukup,"CMA,ECMWF,GFS,ICON,METEOFRANCE,UKMO",Cerah,76.4,Sedang,25.97,+/-1.58,74.33,+/-9.64,0.0,+/-0.0,25.34,+/-0.8,50.0,50.0,0.0,0.0,0.0,0.0,1.58,9.64,0.0,0.8,7,0.8571,0.0,0.0
pltm_besai_kemu,PLTM Besai Kemu,2026-08-23,18.08.03.2017,Kemu,independent_site_reference,yes,-4.862591667,104.500497222,Asia/Jakarta,PLTM Besai Kemu forecast reference. BMKG ADM4 reference: 18.08.03.2017. Coordinate status: engineering_document_reference_operational_asset_confirmed.,22:00,6,6.0,cukup,"CMA,ECMWF,GFS,ICON,METEOFRANCE,UKMO",Cerah,76.4,Sedang,24.97,+/-1.58,79.83,+/-9.08,0.0,+/-0.0,24.32,+/-0.71,50.0,50.0,0.0,0.0,0.0,0.0,1.58,9.08,0.0,0.71,7,0.8571,0.0,0.0
pltm_besai_kemu,PLTM Besai Kemu,2026-08-23,18.08.03.2017,Kemu,independent_site_reference,yes,-4.862591667,104.500497222,Asia/Jakarta,PLTM Besai Kemu forecast reference. BMKG ADM4 reference: 18.08.03.2017. Coordinate status: engineering_document_reference_operational_asset_confirmed.,23:00,6,6.0,cukup,"CMA,ECMWF,GFS,ICON,METEOFRANCE,UKMO",Cerah Berawan,86.1,Tinggi,23.25,+/-0.15,84.75,+/-1.48,0.0,+/-0.0,23.25,+/-0.15,16.7,83.3,0.0,0.0,0.0,0.0,0.15,1.48,0.0,0.15,7,0.8571,0.0,0.0
pltm_besai_kemu_headpond,Headpond Besai Kemu,2026-08-20,18.08.03.2017,Kemu,independent_site_engineering_point,yes,-4.839133333,104.509577778,Asia/Jakarta,Headpond Besai Kemu engineering forecast reference for PLTM Besai Kemu. The catchment polygon remains pending.,00:00,6,6.0,cukup,"CMA,ECMWF,GFS,ICON,METEOFRANCE,UKMO",Berawan,81.0,Tinggi,24.32,+/-1.44,89.33,+/-4.35,0.0,+/-0.0,23.82,+/-1.0,0.0,33.3,66.7,0.0,0.0,0.0,1.44,4.35,0.0,1.0,7,0.8571,0.0,0.0
pltm_besai_kemu_headpond,Headpond Besai Kemu,2026-08-20,18.08.03.2017,Kemu,independent_site_engineering_point,yes,-4.839133333,104.509577778,Asia/Jakarta,Headpond Besai Kemu engineering forecast reference for PLTM Besai Kemu. The catchment polygon remains pending.,01:00,6,6.0,cukup,"CMA,ECMWF,GFS,ICON,METEOFRANCE,UKMO",Berawan,81.2,Tinggi,23.93,+/-1.1,91.0,+/-4.47,0.0,+/-0.0,23.93,+/-1.1,0.0,33.3,66.7,0.0,0.0,0.0,1.1,4.47,0.0,1.1,7,0.8571,0.0,0.0
pltm_besai_kemu_headpond,Headpond Besai Kemu,2026-08-20,18.08.03.2017,Kemu,independent_site_engineering_point,yes,-4.839133333,104.509577778,Asia/Jakarta,Headpond Besai Kemu engineering forecast reference for PLTM Besai Kemu. The catchment polygon remains pending.,02:00,6,6.0,cukup,"CMA,ECMWF,GFS,ICON,METEOFRANCE,UKMO",Berawan,77.0,Sedang,23.75,+/-1.05,91.67,+/-4.71,0.02,+/-0.04,23.75,+/-1.05,0.0,33.3,50.0,16.7,0.0,0.0,1.05,4.71,0.04,1.05,7,0.8571,0.0,0.0
pltm_besai_kemu_headpond,Headpond Besai Kemu,2026-08-20,18.08.03.2017,Kemu,independent_site_engineering_point,yes,-4.839133333,104.509577778,Asia/Jakarta,Headpond Besai Kemu engineering forecast reference for PLTM Besai Kemu. The catchment polygon remains pending.,03:00,6,6.0,cukup,"CMA,ECMWF,GFS,ICON,METEOFRANCE,UKMO",Berawan,77.0,Sedang,23.42,+/-1.2,92.0,+/-4.32,0.02,+/-0.04,23.42,+/-1.2,0.0,33.3,50.0,16.7,0.0,0.0,1.2,4.32,0.04,1.2,7,0.8571,0.0,0.0
pltm_besai_kemu_headpond,Headpond Besai Kemu,2026-08-20,18.08.03.2017,Kemu,independent_site_engineering_point,yes,-4.839133333,104.509577778,Asia/Jakarta,Headpond Besai Kemu engineering forecast reference for PLTM Besai Kemu. The catchment polygon remains pending.,04:00,7,6.6868,cukup,"BMKG,CMA,ECMWF,GFS,ICON,METEOFRANCE,UKMO",Cerah Berawan,82.9,Tinggi,23.33,+/-1.43,92.5,+/-4.27,0.02,+/-0.04,23.33,+/-1.43,0.0,44.9,40.2,15.0,0.0,0.0,1.43,4.27,0.04,1.43,7,1.0,25.71,180.0
pltm_besai_kemu_headpond,Headpond Besai Kemu,2026-08-20,18.08.03.2017,Kemu,independent_site_engineering_point,yes,-4.839133333,104.509577778,Asia/Jakarta,Headpond Besai Kemu engineering forecast reference for PLTM Besai Kemu. The catchment polygon remains pending.,05:00,7,6.6868,cukup,"BMKG,CMA,ECMWF,GFS,ICON,METEOFRANCE,UKMO",Cerah Berawan,86.5,Tinggi,23.25,+/-1.46,90.37,+/-5.61,0.0,+/-0.0,23.25,+/-1.46,0.0,59.8,40.2,0.0,0.0,0.0,1.46,5.61,0.0,1.46,7,1.0,17.14,120.0
pltm_besai_kemu_headpond,Headpond Besai Kemu,2026-08-20,18.08.03.2017,Kemu,independent_site_engineering_point,yes,-4.839133333,104.509577778,Asia/Jakarta,Headpond Besai Kemu engineering forecast reference for PLTM Besai Kemu. The catchment polygon remains pending.,06:00,7,6.9366,cukup,"BMKG,CMA,ECMWF,GFS,ICON,METEOFRANCE,UKMO",Cerah Berawan,83.5,Tinggi,23.26,+/-1.59,93.2,+/-1.17,0.0,+/-0.0,23.26,+/-1.59,14.4,43.2,42.3,0.0,0.0,0.0,1.59,1.17,0.0,1.59,7,1.0,8.57,60.0
pltm_besai_kemu_headpond,Headpond Besai Kemu,2026-08-20,18.08.03.2017,Kemu,independent_site_engineering_point,yes,-4.839133333,104.509577778,Asia/Jakarta,Headpond Besai Kemu engineering forecast reference for PLTM Besai Kemu. The catchment polygon remains pending.,07:00,7,7.2488,cukup,"BMKG,CMA,ECMWF,GFS,ICON,METEOFRANCE,UKMO",Cerah Berawan,84.2,Tinggi,24.2,+/-0.9,85.48,+/-5.12,0.0,+/-0.0,24.2,+/-0.9,27.6,41.4,31.0,0.0,0.0,0.0,0.9,5.12,0.0,0.9,7,1.0,0.0,0.0
pltm_besai_kemu_headpond,Headpond Besai Kemu,2026-08-20,18.08.03.2017,Kemu,independent_site_engineering_point,yes,-4.839133333,104.509577778,Asia/Jakarta,Headpond Besai Kemu engineering forecast reference for PLTM Besai Kemu. The catchment polygon remains pending.,08:00,7,6.9366,cukup,"BMKG,CMA,ECMWF,GFS,ICON,METEOFRANCE,UKMO",Cerah Berawan,83.5,Tinggi,26.17,+/-0.84,77.13,+/-6.36,0.0,+/-0.0,26.73,+/-1.62,28.8,43.2,27.9,0.0,0.0,0.0,0.84,6.36,0.0,1.62,7,1.0,8.57,60.0
pltm_besai_kemu_headpond,Headpond Besai Kemu,2026-08-20,18.08.03.2017,Kemu,independent_site_engineering_point,yes,-4.839133333,104.509577778,Asia/Jakarta,Headpond Besai Kemu engineering forecast reference for PLTM Besai Kemu. The catchment polygon remains pending.,09:00,7,6.9366,cukup,"BMKG,CMA,ECMWF,GFS,ICON,METEOFRANCE,UKMO",Berawan,83.0,Tinggi,28.59,+/-1.19,66.47,+/-7.11,0.0,+/-0.0,31.14,+/-1.4,28.8,28.8,42.3,0.0,0.0,0.0,1.19,7.11,0.0,1.4,7,1.0,8.57,60.0
pltm_besai_kemu_headpond,Headpond Besai Kemu,2026-08-20,18.08.03.2017,Kemu,independent_site_engineering_point,yes,-4.839133333,104.509577778,Asia/Jakarta,Headpond Besai Kemu engineering forecast reference for PLTM Besai Kemu. The catchment polygon remains pending.,10:00,7,7.2488,cukup,"BMKG,CMA,ECMWF,GFS,ICON,METEOFRANCE,UKMO",Berawan,84.9,Tinggi,30.04,+/-0.99,59.79,+/-5.67,0.0,+/-0.0,33.28,+/-0.33,13.8,41.4,44.8,0.0,0.0,0.0,0.99,5.67,0.0,0.33,7,1.0,0.0,0.0
pltm_besai_kemu_headpond,Headpond Besai Kemu,2026-08-20,18.08.03.2017,Kemu,independent_site_engineering_point,yes,-4.839133333,104.509577778,Asia/Jakarta,Headpond Besai Kemu engineering forecast reference for PLTM Besai Kemu. The catchment polygon remains pending.,11:00,7,6.9366,cukup,"BMKG,CMA,ECMWF,GFS,ICON,METEOFRANCE,UKMO",Berawan,86.6,Tinggi,31.11,+/-1.23,55.8,+/-6.96,0.02,+/-0.04,33.94,+/-0.86,14.4,14.4,56.8,14.4,0.0,0.0,1.23,6.96,0.04,0.86,7,1.0,8.57,60.0
pltm_besai_kemu_headpond,Headpond Besai Kemu,2026-08-20,18.08.03.2017,Kemu,independent_site_engineering_point,yes,-4.839133333,104.509577778,Asia/Jakarta,Headpond Besai Kemu engineering forecast reference for PLTM Besai Kemu. The catchment polygon remains pending.,12:00,7,6.9366,cukup,"BMKG,CMA,ECMWF,GFS,ICON,METEOFRANCE,UKMO",Berawan,83.1,Tinggi,32.07,+/-1.39,53.65,+/-7.89,0.02,+/-0.04,35.31,+/-1.27,28.8,13.5,43.2,14.4,0.0,0.0,1.39,7.89,0.04,1.27,7,1.0,8.57,60.0
pltm_besai_kemu_headpond,Headpond Besai Kemu,2026-08-20,18.08.03.2017,Kemu,independent_site_engineering_point,yes,-4.839133333,104.509577778,Asia/Jakarta,Headpond Besai Kemu engineering forecast reference for PLTM Besai Kemu. The catchment polygon remains pending.,13:00,7,7.2488,cukup,"BMKG,CMA,ECMWF,GFS,ICON,METEOFRANCE,UKMO",Cerah Berawan,84.5,Tinggi,32.83,+/-1.35,50.65,+/-8.08,0.02,+/-0.04,35.79,+/-0.99,13.8,44.8,27.6,13.8,0.0,0.0,1.35,8.08,0.04,0.99,7,1.0,0.0,0.0
pltm_besai_kemu_headpond,Headpond Besai Kemu,2026-08-20,18.08.03.2017,Kemu,independent_site_engineering_point,yes,-4.839133333,104.509577778,Asia/Jakarta,Headpond Besai Kemu engineering forecast reference for PLTM Besai Kemu. The catchment polygon remains pending.,14:00,7,6.9366,cukup,"BMKG,CMA,ECMWF,GFS,ICON,METEOFRANCE,UKMO",Cerah Berawan,82.8,Tinggi,33.14,+/-1.35,48.6,+/-8.33,0.07,+/-0.11,35.86,+/-0.95,0.0,42.3,28.8,28.8,0.0,0.0,1.35,8.33,0.11,0.95,7,1.0,8.57,60.0
pltm_besai_kemu_headpond,Headpond Besai Kemu,2026-08-20,18.08.03.2017,Kemu,independent_site_engineering_point,yes,-4.839133333,104.509577778,Asia/Jakarta,Headpond Besai Kemu engineering forecast reference for PLTM Besai Kemu. The catchment polygon remains pending.,15:00,7,6.9366,cukup,"BMKG,CMA,ECMWF,GFS,ICON,METEOFRANCE,UKMO",Hujan Ringan,79.0,Sedang,31.99,+/-1.97,51.12,+/-9.4,0.07,+/-0.11,34.42,+/-1.79,27.9,28.8,14.4,28.8,0.0,0.0,1.97,9.4,0.11,1.79,7,1.0,8.57,60.0
pltm_besai_kemu_headpond,Headpond Besai Kemu,2026-08-20,18.08.03.2017,Kemu,independent_site_engineering_point,yes,-4.839133333,104.509577778,Asia/Jakarta,Headpond Besai Kemu engineering forecast reference for PLTM Besai Kemu. The catchment polygon remains pending.,16:00,7,7.2488,cukup,"BMKG,CMA,ECMWF,GFS,ICON,METEOFRANCE,UKMO",Cerah,80.6,Tinggi,31.2,+/-2.07,53.96,+/-9.91,0.07,+/-0.11,33.58,+/-1.88,31.0,27.6,13.8,27.6,0.0,0.0,2.07,9.91,0.11,1.88,7,1.0,0.0,0.0
pltm_besai_kemu_headpond,Headpond Besai Kemu,2026-08-20,18.08.03.2017,Kemu,independent_site_engineering_point,yes,-4.839133333,104.509577778,Asia/Jakarta,Headpond Besai Kemu engineering forecast reference for PLTM Besai Kemu. The catchment polygon remains pending.,17:00,7,6.9366,cukup,"BMKG,CMA,ECMWF,GFS,ICON,METEOFRANCE,UKMO",Hujan Ringan,81.8,Tinggi,29.77,+/-2.84,61.5,+/-14.67,0.1,+/-0.13,33.2,+/-1.55,27.9,14.4,14.4,43.2,0.0,0.0,2.84,14.67,0.13,1.55,7,1.0,8.57,60.0
pltm_besai_kemu_headpond,Headpond Besai Kemu,2026-08-20,18.08.03.2017,Kemu,independent_site_engineering_point,yes,-4.839133333,104.509577778,Asia/Jakarta,Headpond Besai Kemu engineering forecast reference for PLTM Besai Kemu. The catchment polygon remains pending.,18:00,7,6.9366,cukup,"BMKG,CMA,ECMWF,GFS,ICON,METEOFRANCE,UKMO",Hujan Ringan,78.0,Sedang,27.92,+/-2.99,69.98,+/-16.77,0.1,+/-0.13,29.18,+/-3.97,27.9,28.8,0.0,28.8,14.4,0.0,2.99,16.77,0.13,3.97,7,1.0,8.57,60.0
pltm_besai_kemu_headpond,Headpond Besai Kemu,2026-08-20,18.08.03.2017,Kemu,independent_site_engineering_point,yes,-4.839133333,104.509577778,Asia/Jakarta,Headpond Besai Kemu engineering forecast reference for PLTM Besai Kemu. The catchment polygon remains pending.,19:00,7,7.2488,cukup,"BMKG,CMA,ECMWF,GFS,ICON,METEOFRANCE,UKMO",Hujan Ringan,82.5,Tinggi,26.65,+/-2.47,76.14,+/-15.24,0.1,+/-0.13,27.84,+/-3.54,31.0,13.8,13.8,41.4,0.0,0.0,2.47,15.24,0.13,3.54,7,1.0,0.0,0.0
pltm_besai_kemu_headpond,Headpond Besai Kemu,2026-08-20,18.08.03.2017,Kemu,independent_site_engineering_point,yes,-4.839133333,104.509577778,Asia/Jakarta,Headpond Besai Kemu engineering forecast reference for PLTM Besai Kemu. The catchment polygon remains pending.,20:00,7,6.9366,cukup,"BMKG,CMA,ECMWF,GFS,ICON,METEOFRANCE,UKMO",Cerah,82.2,Tinggi,26.13,+/-1.97,79.06,+/-12.72,0.02,+/-0.04,27.13,+/-3.06,42.3,14.4,28.8,14.4,0.0,0.0,1.97,12.72,0.04,3.06,7,1.0,8.57,60.0
pltm_besai_kemu_headpond,Headpond Besai Kemu,2026-08-20,18.08.03.2017,Kemu,independent_site_engineering_point,yes,-4.839133333,104.509577778,Asia/Jakarta,Headpond Besai Kemu engineering forecast reference for PLTM Besai Kemu. The catchment polygon remains pending.,21:00,7,6.9366,cukup,"BMKG,CMA,ECMWF,GFS,ICON,METEOFRANCE,UKMO",Berawan,82.7,Tinggi,25.59,+/-1.81,82.47,+/-10.95,0.0,+/-0.0,26.31,+/-2.81,27.9,28.8,43.2,0.0,0.0,0.0,1.81,10.95,0.0,2.81,7,1.0,8.57,60.0
pltm_besai_kemu_headpond,Headpond Besai Kemu,2026-08-20,18.08.03.2017,Kemu,independent_site_engineering_point,yes,-4.839133333,104.509577778,Asia/Jakarta,Headpond Besai Kemu engineering forecast reference for PLTM Besai Kemu. The catchment polygon remains pending.,22:00,7,7.2488,cukup,"BMKG,CMA,ECMWF,GFS,ICON,METEOFRANCE,UKMO",Cerah,84.5,Tinggi,24.86,+/-1.71,89.04,+/-6.66,0.0,+/-0.0,24.34,+/-1.2,44.8,27.6,27.6,0.0,0.0,0.0,1.71,6.66,0.0,1.2,7,1.0,0.0,0.0
pltm_besai_kemu_headpond,Headpond Besai Kemu,2026-08-20,18.08.03.2017,Kemu,independent_site_engineering_point,yes,-4.839133333,104.509577778,Asia/Jakarta,Headpond Besai Kemu engineering forecast reference for PLTM Besai Kemu. The catchment polygon remains pending.,23:00,7,6.9366,cukup,"BMKG,CMA,ECMWF,GFS,ICON,METEOFRANCE,UKMO",Cerah,90.0,Tinggi,24.38,+/-1.59,88.52,+/-7.89,0.0,+/-0.0,23.86,+/-1.02,71.2,14.4,14.4,0.0,0.0,0.0,1.59,7.89,0.0,1.02,7,1.0,8.57,60.0
pltm_besai_kemu_headpond,Headpond Besai Kemu,2026-08-21,18.08.03.2017,Kemu,independent_site_engineering_point,yes,-4.839133333,104.509577778,Asia/Jakarta,Headpond Besai Kemu engineering forecast reference for PLTM Besai Kemu. The catchment polygon remains pending.,00:00,7,6.9284,cukup,"BMKG,CMA,ECMWF,GFS,ICON,METEOFRANCE,UKMO",Cerah,83.0,Tinggi,23.86,+/-1.65,89.95,+/-7.03,0.0,+/-0.0,24.22,+/-2.42,43.3,28.9,27.8,0.0,0.0,0.0,1.65,7.03,0.0,2.42,7,1.0,8.57,60.0
pltm_besai_kemu_headpond,Headpond Besai Kemu,2026-08-21,18.08.03.2017,Kemu,independent_site_engineering_point,yes,-4.839133333,104.509577778,Asia/Jakarta,Headpond Besai Kemu engineering forecast reference for PLTM Besai Kemu. The catchment polygon remains pending.,01:00,7,7.2379,cukup,"BMKG,CMA,ECMWF,GFS,ICON,METEOFRANCE,UKMO",Cerah Berawan,83.7,Tinggi,23.35,+/-1.65,91.13,+/-6.08,0.0,+/-0.0,22.79,+/-0.9,41.4,41.4,17.1,0.0,0.0,0.0,1.65,6.08,0.0,0.9,7,1.0,0.0,0.0
pltm_besai_kemu_headpond,Headpond Besai Kemu,2026-08-21,18.08.03.2017,Kemu,independent_site_engineering_point,yes,-4.839133333,104.509577778,Asia/Jakarta,Headpond Besai Kemu engineering forecast reference for PLTM Besai Kemu. The catchment polygon remains pending.,02:00,7,6.9284,cukup,"BMKG,CMA,ECMWF,GFS,ICON,METEOFRANCE,UKMO",Cerah,87.4,Tinggi,22.3,+/-0.83,94.49,+/-1.81,0.0,+/-0.0,22.3,+/-0.83,57.7,28.9,13.4,0.0,0.0,0.0,0.83,1.81,0.0,0.83,7,1.0,8.57,60.0
pltm_besai_kemu_headpond,Headpond Besai Kemu,2026-08-21,18.08.03.2017,Kemu,independent_site_engineering_point,yes,-4.839133333,104.509577778,Asia/Jakarta,Headpond Besai Kemu engineering forecast reference for PLTM Besai Kemu. The catchment polygon remains pending.,03:00,7,6.9284,cukup,"BMKG,CMA,ECMWF,GFS,ICON,METEOFRANCE,UKMO",Cerah,83.6,Tinggi,22.0,+/-0.75,91.7,+/-5.65,0.0,+/-0.0,22.0,+/-0.75,43.3,43.3,13.4,0.0,0.0,0.0,0.75,5.65,0.0,0.75,7,1.0,8.57,60.0
pltm_besai_kemu_headpond,Headpond Besai Kemu,2026-08-21,18.08.03.2017,Kemu,independent_site_engineering_point,yes,-4.839133333,104.509577778,Asia/Jakarta,Headpond Besai Kemu engineering forecast reference for PLTM Besai Kemu. The catchment polygon remains pending.,04:00,7,7.2379,cukup,"BMKG,CMA,ECMWF,GFS,ICON,METEOFRANCE,UKMO",Cerah,84.4,Tinggi,21.9,+/-0.75,93.0,+/-2.33,0.0,+/-0.0,21.9,+/-0.75,41.4,41.4,17.1,0.0,0.0,0.0,0.75,2.33,0.0,0.75,7,1.0,0.0,0.0
pltm_besai_kemu_headpond,Headpond Besai Kemu,2026-08-21,18.08.03.2017,Kemu,independent_site_engineering_point,yes,-4.839133333,104.509577778,Asia/Jakarta,Headpond Besai Kemu engineering forecast reference for PLTM Besai Kemu. The catchment polygon remains pending.,05:00,7,6.9284,cukup,"BMKG,CMA,ECMWF,GFS,ICON,METEOFRANCE,UKMO",Cerah,87.0,Tinggi,22.48,+/-1.69,92.49,+/-2.07,0.0,+/-0.0,22.48,+/-1.69,57.7,28.9,13.4,0.0,0.0,0.0,1.69,2.07,0.0,1.69,7,1.0,8.57,60.0
pltm_besai_kemu_headpond,Headpond Besai Kemu,2026-08-21,18.08.03.2017,Kemu,independent_site_engineering_point,yes,-4.839133333,104.509577778,Asia/Jakarta,Headpond Besai Kemu engineering forecast reference for PLTM Besai Kemu. The catchment polygon remains pending.,06:00,7,6.9284,cukup,"BMKG,CMA,ECMWF,GFS,ICON,METEOFRANCE,UKMO",Cerah,97.2,Tinggi,22.92,+/-1.88,88.35,+/-5.24,0.0,+/-0.0,22.92,+/-1.88,100.0,0.0,0.0,0.0,0.0,0.0,1.88,5.24,0.0,1.88,7,1.0,8.57,60.0
pltm_besai_kemu_headpond,Headpond Besai Kemu,2026-08-21,18.08.03.2017,Kemu,independent_site_engineering_point,yes,-4.839133333,104.509577778,Asia/Jakarta,Headpond Besai Kemu engineering forecast reference for PLTM Besai Kemu. The catchment polygon remains pending.,07:00,7,7.2379,cukup,"BMKG,CMA,ECMWF,GFS,ICON,METEOFRANCE,UKMO",Cerah,95.2,Tinggi,23.88,+/-1.22,85.04,+/-4.12,0.0,+/-0.0,23.88,+/-1.22,86.2,13.8,0.0,0.0,0.0,0.0,1.22,4.12,0.0,1.22,7,1.0,0.0,0.0
pltm_besai_kemu_headpond,Headpond Besai Kemu,2026-08-21,18.08.03.2017,Kemu,independent_site_engineering_point,yes,-4.839133333,104.509577778,Asia/Jakarta,Headpond Besai Kemu engineering forecast reference for PLTM Besai Kemu. The catchment polygon remains pending.,08:00,7,6.9284,cukup,"BMKG,CMA,ECMWF,GFS,ICON,METEOFRANCE,UKMO",Cerah,94.3,Tinggi,25.79,+/-0.85,80.31,+/-3.37,0.0,+/-0.0,25.3,+/-0.43,85.6,14.4,0.0,0.0,0.0,0.0,0.85,3.37,0.0,0.43,7,1.0,8.57,60.0
pltm_besai_kemu_headpond,Headpond Besai Kemu,2026-08-21,18.08.03.2017,Kemu,independent_site_engineering_point,yes,-4.839133333,104.509577778,Asia/Jakarta,Headpond Besai Kemu engineering forecast reference for PLTM Besai Kemu. The catchment polygon remains pending.,09:00,7,6.9284,cukup,"BMKG,CMA,ECMWF,GFS,ICON,METEOFRANCE,UKMO",Cerah,86.9,Tinggi,27.86,+/-0.85,69.62,+/-5.61,0.0,+/-0.0,29.94,+/-1.68,56.7,43.3,0.0,0.0,0.0,0.0,0.85,5.61,0.0,1.68,7,1.0,8.57,60.0
pltm_besai_kemu_headpond,Headpond Besai Kemu,2026-08-21,18.08.03.2017,Kemu,independent_site_engineering_point,yes,-4.839133333,104.509577778,Asia/Jakarta,Headpond Besai Kemu engineering forecast reference for PLTM Besai Kemu. The catchment polygon remains pending.,10:00,7,7.2379,cukup,"BMKG,CMA,ECMWF,GFS,ICON,METEOFRANCE,UKMO",Cerah,88.3,Tinggi,29.11,+/-0.97,64.03,+/-6.02,0.0,+/-0.0,31.78,+/-0.93,58.6,41.4,0.0,0.0,0.0,0.0,0.97,6.02,0.0,0.93,7,1.0,0.0,0.0
pltm_besai_kemu_headpond,Headpond Besai Kemu,2026-08-21,18.08.03.2017,Kemu,independent_site_engineering_point,yes,-4.839133333,104.509577778,Asia/Jakarta,Headpond Besai Kemu engineering forecast reference for PLTM Besai Kemu. The catchment polygon remains pending.,11:00,7,6.9284,cukup,"BMKG,CMA,ECMWF,GFS,ICON,METEOFRANCE,UKMO",Cerah,86.5,Tinggi,30.31,+/-1.28,59.08,+/-7.19,0.02,+/-0.04,33.1,+/-1.04,56.7,14.4,14.4,14.4,0.0,0.0,1.28,7.19,0.04,1.04,7,1.0,8.57,60.0
pltm_besai_kemu_headpond,Headpond Besai Kemu,2026-08-21,18.08.03.2017,Kemu,independent_site_engineering_point,yes,-4.839133333,104.509577778,Asia/Jakarta,Headpond Besai Kemu engineering forecast reference for PLTM Besai Kemu. The catchment polygon remains pending.,12:00,7,6.9284,cukup,"BMKG,CMA,ECMWF,GFS,ICON,METEOFRANCE,UKMO",Cerah,86.3,Tinggi,31.56,+/-1.46,54.17,+/-9.1,0.02,+/-0.04,34.42,+/-1.23,56.7,28.9,0.0,14.4,0.0,0.0,1.46,9.1,0.04,1.23,7,1.0,8.57,60.0
pltm_besai_kemu_headpond,Headpond Besai Kemu,2026-08-21,18.08.03.2017,Kemu,independent_site_engineering_point,yes,-4.839133333,104.509577778,Asia/Jakarta,Headpond Besai Kemu engineering forecast reference for PLTM Besai Kemu. The catchment polygon remains pending.,13:00,7,7.2379,cukup,"BMKG,CMA,ECMWF,GFS,ICON,METEOFRANCE,UKMO",Cerah,84.2,Tinggi,32.28,+/-1.54,51.05,+/-10.48,0.02,+/-0.04,34.91,+/-0.99,44.7,41.4,0.0,13.8,0.0,0.0,1.54,10.48,0.04,0.99,7,1.0,0.0,0.0
pltm_besai_kemu_headpond,Headpond Besai Kemu,2026-08-21,18.08.03.2017,Kemu,independent_site_engineering_point,yes,-4.839133333,104.509577778,Asia/Jakarta,Headpond Besai Kemu engineering forecast reference for PLTM Besai Kemu. The catchment polygon remains pending.,14:00,7,6.9284,cukup,"BMKG,CMA,ECMWF,GFS,ICON,METEOFRANCE,UKMO",Cerah,86.0,Tinggi,32.63,+/-1.7,49.12,+/-11.15,0.05,+/-0.11,34.84,+/-0.74,56.7,14.4,14.4,14.4,0.0,0.0,1.7,11.15,0.11,0.74,7,1.0,8.57,60.0
pltm_besai_kemu_headpond,Headpond Besai Kemu,2026-08-21,18.08.03.2017,Kemu,independent_site_engineering_point,yes,-4.839133333,104.509577778,Asia/Jakarta,Headpond Besai Kemu engineering forecast reference for PLTM Besai Kemu. The catchment polygon remains pending.,15:00,7,6.9284,cukup,"BMKG,CMA,ECMWF,GFS,ICON,METEOFRANCE,UKMO",Cerah,85.2,Tinggi,31.92,+/-2.84,51.01,+/-14.23,0.05,+/-0.11,34.66,+/-0.53,56.7,28.9,0.0,14.4,0.0,0.0,2.84,14.23,0.11,0.53,7,1.0,8.57,60.0
pltm_besai_kemu_headpond,Headpond Besai Kemu,2026-08-21,18.08.03.2017,Kemu,independent_site_engineering_point,yes,-4.839133333,104.509577778,Asia/Jakarta,Headpond Besai Kemu engineering forecast reference for PLTM Besai Kemu. The catchment polygon remains pending.,16:00,7,7.2379,cukup,"BMKG,CMA,ECMWF,GFS,ICON,METEOFRANCE,UKMO",Cerah,83.1,Tinggi,31.24,+/-2.95,54.1,+/-14.89,0.05,+/-0.11,34.17,+/-0.29,44.7,41.4,0.0,13.8,0.0,0.0,2.95,14.89,0.11,0.29,7,1.0,0.0,0.0
pltm_besai_kemu_headpond,Headpond Besai Kemu,2026-08-21,18.08.03.2017,Kemu,independent_site_engineering_point,yes,-4.839133333,104.509577778,Asia/Jakarta,Headpond Besai Kemu engineering forecast reference for PLTM Besai Kemu. The catchment polygon remains pending.,17:00,7,6.9284,cukup,"BMKG,CMA,ECMWF,GFS,ICON,METEOFRANCE,UKMO",Cerah Berawan,81.9,Tinggi,30.24,+/-2.55,58.8,+/-14.06,0.1,+/-0.22,33.3,+/-0.95,42.3,43.3,0.0,14.4,0.0,0.0,2.55,14.06,0.22,0.95,7,1.0,8.57,60.0
pltm_besai_kemu_headpond,Headpond Besai Kemu,2026-08-21,18.08.03.2017,Kemu,independent_site_engineering_point,yes,-4.839133333,104.509577778,Asia/Jakarta,Headpond Besai Kemu engineering forecast reference for PLTM Besai Kemu. The catchment polygon remains pending.,18:00,7,6.9284,cukup,"BMKG,CMA,ECMWF,GFS,ICON,METEOFRANCE,UKMO",Cerah,86.1,Tinggi,27.96,+/-0.61,67.92,+/-15.82,0.1,+/-0.22,31.0,+/-1.34,56.7,28.9,0.0,14.4,0.0,0.0,0.61,15.82,0.22,1.34,7,1.0,8.57,60.0
pltm_besai_kemu_headpond,Headpond Besai Kemu,2026-08-21,18.08.03.2017,Kemu,independent_site_engineering_point,yes,-4.839133333,104.509577778,Asia/Jakarta,Headpond Besai Kemu engineering forecast reference for PLTM Besai Kemu. The catchment polygon remains pending.,19:00,7,7.2379,cukup,"BMKG,CMA,ECMWF,GFS,ICON,METEOFRANCE,UKMO",Cerah,90.9,Tinggi,26.05,+/-1.19,75.08,+/-14.29,0.1,+/-0.22,27.96,+/-2.89,72.4,13.8,0.0,13.8,0.0,0.0,1.19,14.29,0.22,2.89,7,1.0,0.0,0.0
pltm_besai_kemu_headpond,Headpond Besai Kemu,2026-08-21,18.08.03.2017,Kemu,independent_site_engineering_point,yes,-4.839133333,104.509577778,Asia/Jakarta,Headpond Besai Kemu engineering forecast reference for PLTM Besai Kemu. The catchment polygon remains pending.,20:00,7,6.9284,cukup,"BMKG,CMA,ECMWF,GFS,ICON,METEOFRANCE,UKMO",Cerah,86.5,Tinggi,25.47,+/-0.82,79.32,+/-11.14,0.0,+/-0.0,25.47,+/-0.82,56.7,43.3,0.0,0.0,0.0,0.0,0.82,11.14,0.0,0.82,7,1.0,8.57,60.0
pltm_besai_kemu_headpond,Headpond Besai Kemu,2026-08-21,18.08.03.2017,Kemu,independent_site_engineering_point,yes,-4.839133333,104.509577778,Asia/Jakarta,Headpond Besai Kemu engineering forecast reference for PLTM Besai Kemu. The catchment polygon remains pending.,21:00,7,6.9284,cukup,"BMKG,CMA,ECMWF,GFS,ICON,METEOFRANCE,UKMO",Cerah,86.2,Tinggi,25.31,+/-1.69,83.36,+/-9.29,0.0,+/-0.0,24.72,+/-0.97,56.7,28.9,14.4,0.0,0.0,0.0,1.69,9.29,0.0,0.97,7,1.0,8.57,60.0
pltm_besai_kemu_headpond,Headpond Besai Kemu,2026-08-21,18.08.03.2017,Kemu,independent_site_engineering_point,yes,-4.839133333,104.509577778,Asia/Jakarta,Headpond Besai Kemu engineering forecast reference for PLTM Besai Kemu. The catchment polygon remains pending.,22:00,7,7.2379,cukup,"BMKG,CMA,ECMWF,GFS,ICON,METEOFRANCE,UKMO",Cerah,88.1,Tinggi,24.73,+/-1.54,88.88,+/-4.69,0.0,+/-0.0,24.2,+/-0.87,58.6,13.8,27.6,0.0,0.0,0.0,1.54,4.69,0.0,0.87,7,1.0,0.0,0.0
pltm_besai_kemu_headpond,Headpond Besai Kemu,2026-08-21,18.08.03.2017,Kemu,independent_site_engineering_point,yes,-4.839133333,104.509577778,Asia/Jakarta,Headpond Besai Kemu engineering forecast reference for PLTM Besai Kemu. The catchment polygon remains pending.,23:00,7,6.9284,cukup,"BMKG,CMA,ECMWF,GFS,ICON,METEOFRANCE,UKMO",Cerah,86.6,Tinggi,24.21,+/-1.61,91.18,+/-4.0,0.0,+/-0.0,23.66,+/-0.94,56.7,28.9,14.4,0.0,0.0,0.0,1.61,4.0,0.0,0.94,7,1.0,8.57,60.0
pltm_besai_kemu_headpond,Headpond Besai Kemu,2026-08-22,18.08.03.2017,Kemu,independent_site_engineering_point,yes,-4.839133333,104.509577778,Asia/Jakarta,Headpond Besai Kemu engineering forecast reference for PLTM Besai Kemu. The catchment polygon remains pending.,00:00,7,6.9312,cukup,"BMKG,CMA,ECMWF,GFS,ICON,METEOFRANCE,UKMO",Cerah,90.4,Tinggi,23.7,+/-1.69,91.0,+/-1.1,0.0,+/-0.0,24.02,+/-2.36,71.1,14.4,14.4,0.0,0.0,0.0,1.69,1.1,0.0,2.36,7,1.0,8.57,60.0
pltm_besai_kemu_headpond,Headpond Besai Kemu,2026-08-22,18.08.03.2017,Kemu,independent_site_engineering_point,yes,-4.839133333,104.509577778,Asia/Jakarta,Headpond Besai Kemu engineering forecast reference for PLTM Besai Kemu. The catchment polygon remains pending.,01:00,7,7.2416,cukup,"BMKG,CMA,ECMWF,GFS,ICON,METEOFRANCE,UKMO",Cerah,91.7,Tinggi,23.37,+/-1.59,92.76,+/-2.64,0.0,+/-0.0,23.64,+/-2.2,72.4,13.8,13.8,0.0,0.0,0.0,1.59,2.64,0.0,2.2,7,1.0,0.0,0.0
pltm_besai_kemu_headpond,Headpond Besai Kemu,2026-08-22,18.08.03.2017,Kemu,independent_site_engineering_point,yes,-4.839133333,104.509577778,Asia/Jakarta,Headpond Besai Kemu engineering forecast reference for PLTM Besai Kemu. The catchment polygon remains pending.,02:00,7,6.9312,cukup,"BMKG,CMA,ECMWF,GFS,ICON,METEOFRANCE,UKMO",Cerah,94.0,Tinggi,23.08,+/-1.63,93.02,+/-2.52,0.0,+/-0.0,23.08,+/-1.63,85.6,14.4,0.0,0.0,0.0,0.0,1.63,2.52,0.0,1.63,7,1.0,8.57,60.0
pltm_besai_kemu_headpond,Headpond Besai Kemu,2026-08-22,18.08.03.2017,Kemu,independent_site_engineering_point,yes,-4.839133333,104.509577778,Asia/Jakarta,Headpond Besai Kemu engineering forecast reference for PLTM Besai Kemu. The catchment polygon remains pending.,03:00,7,6.9312,cukup,"BMKG,CMA,ECMWF,GFS,ICON,METEOFRANCE,UKMO",Cerah,93.9,Tinggi,22.6,+/-1.74,93.15,+/-2.42,0.0,+/-0.0,22.6,+/-1.74,85.6,14.4,0.0,0.0,0.0,0.0,1.74,2.42,0.0,1.74,7,1.0,8.57,60.0
pltm_besai_kemu_headpond,Headpond Besai Kemu,2026-08-22,18.08.03.2017,Kemu,independent_site_engineering_point,yes,-4.839133333,104.509577778,Asia/Jakarta,Headpond Besai Kemu engineering forecast reference for PLTM Besai Kemu. The catchment polygon remains pending.,04:00,7,7.2416,cukup,"BMKG,CMA,ECMWF,GFS,ICON,METEOFRANCE,UKMO",Cerah,98.6,Tinggi,22.35,+/-1.72,92.6,+/-2.62,0.0,+/-0.0,22.35,+/-1.72,100.0,0.0,0.0,0.0,0.0,0.0,1.72,2.62,0.0,1.72,7,1.0,0.0,0.0
pltm_besai_kemu_headpond,Headpond Besai Kemu,2026-08-22,18.08.03.2017,Kemu,independent_site_engineering_point,yes,-4.839133333,104.509577778,Asia/Jakarta,Headpond Besai Kemu engineering forecast reference for PLTM Besai Kemu. The catchment polygon remains pending.,05:00,7,6.9312,cukup,"BMKG,CMA,ECMWF,GFS,ICON,METEOFRANCE,UKMO",Cerah,97.3,Tinggi,22.4,+/-1.66,89.81,+/-6.34,0.0,+/-0.0,22.4,+/-1.66,100.0,0.0,0.0,0.0,0.0,0.0,1.66,6.34,0.0,1.66,7,1.0,8.57,60.0
pltm_besai_kemu_headpond,Headpond Besai Kemu,2026-08-22,18.08.03.2017,Kemu,independent_site_engineering_point,yes,-4.839133333,104.509577778,Asia/Jakarta,Headpond Besai Kemu engineering forecast reference for PLTM Besai Kemu. The catchment polygon remains pending.,06:00,7,6.9312,cukup,"BMKG,CMA,ECMWF,GFS,ICON,METEOFRANCE,UKMO",Cerah,93.9,Tinggi,23.02,+/-1.76,87.92,+/-5.94,0.0,+/-0.0,23.02,+/-1.76,86.6,0.0,13.4,0.0,0.0,0.0,1.76,5.94,0.0,1.76,7,1.0,8.57,60.0
pltm_besai_kemu_headpond,Headpond Besai Kemu,2026-08-22,18.08.03.2017,Kemu,independent_site_engineering_point,yes,-4.839133333,104.509577778,Asia/Jakarta,Headpond Besai Kemu engineering forecast reference for PLTM Besai Kemu. The catchment polygon remains pending.,07:00,7,7.2416,cukup,"BMKG,CMA,ECMWF,GFS,ICON,METEOFRANCE,UKMO",Cerah,91.2,Tinggi,23.98,+/-1.28,82.47,+/-0.5,0.0,+/-0.0,23.98,+/-1.28,69.0,0.0,31.0,0.0,0.0,0.0,1.28,0.5,0.0,1.28,7,1.0,0.0,0.0
pltm_besai_kemu_headpond,Headpond Besai Kemu,2026-08-22,18.08.03.2017,Kemu,independent_site_engineering_point,yes,-4.839133333,104.509577778,Asia/Jakarta,Headpond Besai Kemu engineering forecast reference for PLTM Besai Kemu. The catchment polygon remains pending.,08:00,7,6.9312,cukup,"BMKG,CMA,ECMWF,GFS,ICON,METEOFRANCE,UKMO",Cerah,86.8,Tinggi,25.89,+/-1.25,77.09,+/-7.87,0.0,+/-0.0,26.74,+/-2.23,57.7,28.9,13.4,0.0,0.0,0.0,1.25,7.87,0.0,2.23,7,1.0,8.57,60.0
pltm_besai_kemu_headpond,Headpond Besai Kemu,2026-08-22,18.08.03.2017,Kemu,independent_site_engineering_point,yes,-4.839133333,104.509577778,Asia/Jakarta,Headpond Besai Kemu engineering forecast reference for PLTM Besai Kemu. The catchment polygon remains pending.,09:00,7,6.9312,cukup,"BMKG,CMA,ECMWF,GFS,ICON,METEOFRANCE,UKMO",Cerah Berawan,86.7,Tinggi,28.04,+/-1.5,69.17,+/-7.77,0.0,+/-0.0,29.95,+/-2.81,42.3,57.7,0.0,0.0,0.0,0.0,1.5,7.77,0.0,2.81,7,1.0,8.57,60.0
pltm_besai_kemu_headpond,Headpond Besai Kemu,2026-08-22,18.08.03.2017,Kemu,independent_site_engineering_point,yes,-4.839133333,104.509577778,Asia/Jakarta,Headpond Besai Kemu engineering forecast reference for PLTM Besai Kemu. The catchment polygon remains pending.,10:00,7,7.2416,cukup,"BMKG,CMA,ECMWF,GFS,ICON,METEOFRANCE,UKMO",Cerah,84.6,Tinggi,29.36,+/-1.33,64.07,+/-7.61,0.0,+/-0.0,32.23,+/-1.58,44.8,41.4,13.8,0.0,0.0,0.0,1.33,7.61,0.0,1.58,7,1.0,0.0,0.0
pltm_besai_kemu_headpond,Headpond Besai Kemu,2026-08-22,18.08.03.2017,Kemu,independent_site_engineering_point,yes,-4.839133333,104.509577778,Asia/Jakarta,Headpond Besai Kemu engineering forecast reference for PLTM Besai Kemu. The catchment polygon remains pending.,11:00,7,6.9312,cukup,"BMKG,CMA,ECMWF,GFS,ICON,METEOFRANCE,UKMO",Cerah Berawan,83.0,Tinggi,30.53,+/-1.48,58.93,+/-8.57,0.03,+/-0.05,33.46,+/-1.2,27.9,43.3,0.0,28.9,0.0,0.0,1.48,8.57,0.05,1.2,7,1.0,8.57,60.0
pltm_besai_kemu_headpond,Headpond Besai Kemu,2026-08-22,18.08.03.2017,Kemu,independent_site_engineering_point,yes,-4.839133333,104.509577778,Asia/Jakarta,Headpond Besai Kemu engineering forecast reference for PLTM Besai Kemu. The catchment polygon remains pending.,12:00,7,6.9312,cukup,"BMKG,CMA,ECMWF,GFS,ICON,METEOFRANCE,UKMO",Cerah Berawan,82.9,Tinggi,31.84,+/-1.59,53.25,+/-8.9,0.03,+/-0.05,34.7,+/-1.19,27.9,43.3,0.0,28.9,0.0,0.0,1.59,8.9,0.05,1.19,7,1.0,8.57,60.0
pltm_besai_kemu_headpond,Headpond Besai Kemu,2026-08-22,18.08.03.2017,Kemu,independent_site_engineering_point,yes,-4.839133333,104.509577778,Asia/Jakarta,Headpond Besai Kemu engineering forecast reference for PLTM Besai Kemu. The catchment polygon remains pending.,13:00,7,7.2416,cukup,"BMKG,CMA,ECMWF,GFS,ICON,METEOFRANCE,UKMO",Cerah,84.3,Tinggi,32.46,+/-1.62,50.79,+/-9.25,0.03,+/-0.05,35.27,+/-1.09,44.8,27.6,0.0,27.6,0.0,0.0,1.62,9.25,0.05,1.09,7,1.0,0.0,0.0
pltm_besai_kemu_headpond,Headpond Besai Kemu,2026-08-22,18.08.03.2017,Kemu,independent_site_engineering_point,yes,-4.839133333,104.509577778,Asia/Jakarta,Headpond Besai Kemu engineering forecast reference for PLTM Besai Kemu. The catchment polygon remains pending.,14:00,7,6.9312,cukup,"BMKG,CMA,ECMWF,GFS,ICON,METEOFRANCE,UKMO",Cerah Berawan,82.7,Tinggi,32.81,+/-1.81,48.92,+/-9.78,0.02,+/-0.04,34.98,+/-0.93,42.3,43.3,0.0,14.4,0.0,0.0,1.81,9.78,0.04,0.93,7,1.0,8.57,60.0
pltm_besai_kemu_headpond,Headpond Besai Kemu,2026-08-22,18.08.03.2017,Kemu,independent_site_engineering_point,yes,-4.839133333,104.509577778,Asia/Jakarta,Headpond Besai Kemu engineering forecast reference for PLTM Besai Kemu. The catchment polygon remains pending.,15:00,7,6.9312,cukup,"BMKG,CMA,ECMWF,GFS,ICON,METEOFRANCE,UKMO",Cerah Berawan,82.3,Tinggi,32.29,+/-2.24,50.25,+/-12.16,0.02,+/-0.04,34.3,+/-1.05,27.9,43.3,14.4,14.4,0.0,0.0,2.24,12.16,0.04,1.05,7,1.0,8.57,60.0
pltm_besai_kemu_headpond,Headpond Besai Kemu,2026-08-22,18.08.03.2017,Kemu,independent_site_engineering_point,yes,-4.839133333,104.509577778,Asia/Jakarta,Headpond Besai Kemu engineering forecast reference for PLTM Besai Kemu. The catchment polygon remains pending.,16:00,7,7.2416,cukup,"BMKG,CMA,ECMWF,GFS,ICON,METEOFRANCE,UKMO",Cerah,80.4,Tinggi,31.46,+/-2.18,53.22,+/-11.93,0.02,+/-0.04,33.64,+/-1.13,31.0,27.6,27.6,13.8,0.0,0.0,2.18,11.93,0.04,1.13,7,1.0,0.0,0.0
pltm_besai_kemu_headpond,Headpond Besai Kemu,2026-08-22,18.08.03.2017,Kemu,independent_site_engineering_point,yes,-4.839133333,104.509577778,Asia/Jakarta,Headpond Besai Kemu engineering forecast reference for PLTM Besai Kemu. The catchment polygon remains pending.,17:00,7,6.9312,cukup,"BMKG,CMA,ECMWF,GFS,ICON,METEOFRANCE,UKMO",Cerah Berawan,82.9,Tinggi,29.79,+/-1.2,57.18,+/-11.56,0.02,+/-0.04,32.72,+/-1.14,27.9,43.3,14.4,14.4,0.0,0.0,1.2,11.56,0.04,1.14,7,1.0,8.57,60.0
pltm_besai_kemu_headpond,Headpond Besai Kemu,2026-08-22,18.08.03.2017,Kemu,independent_site_engineering_point,yes,-4.839133333,104.509577778,Asia/Jakarta,Headpond Besai Kemu engineering forecast reference for PLTM Besai Kemu. The catchment polygon remains pending.,18:00,7,6.9312,cukup,"BMKG,CMA,ECMWF,GFS,ICON,METEOFRANCE,UKMO",Cerah Berawan,82.1,Tinggi,28.52,+/-2.4,65.52,+/-14.39,0.02,+/-0.04,30.68,+/-2.3,27.9,43.3,14.4,14.4,0.0,0.0,2.4,14.39,0.04,2.3,7,1.0,8.57,60.0
pltm_besai_kemu_headpond,Headpond Besai Kemu,2026-08-22,18.08.03.2017,Kemu,independent_site_engineering_point,yes,-4.839133333,104.509577778,Asia/Jakarta,Headpond Besai Kemu engineering forecast reference for PLTM Besai Kemu. The catchment polygon remains pending.,19:00,7,7.2416,cukup,"BMKG,CMA,ECMWF,GFS,ICON,METEOFRANCE,UKMO",Cerah Berawan,82.9,Tinggi,27.21,+/-2.1,72.16,+/-13.5,0.03,+/-0.05,28.19,+/-2.69,31.0,41.4,0.0,27.6,0.0,0.0,2.1,13.5,0.05,2.69,7,1.0,0.0,0.0
pltm_besai_kemu_headpond,Headpond Besai Kemu,2026-08-22,18.08.03.2017,Kemu,independent_site_engineering_point,yes,-4.839133333,104.509577778,Asia/Jakarta,Headpond Besai Kemu engineering forecast reference for PLTM Besai Kemu. The catchment polygon remains pending.,20:00,7,6.9312,cukup,"BMKG,CMA,ECMWF,GFS,ICON,METEOFRANCE,UKMO",Cerah Berawan,86.1,Tinggi,26.53,+/-1.83,75.91,+/-12.39,0.02,+/-0.04,26.14,+/-1.33,27.9,57.7,0.0,14.4,0.0,0.0,1.83,12.39,0.04,1.33,7,1.0,8.57,60.0
pltm_besai_kemu_headpond,Headpond Besai Kemu,2026-08-22,18.08.03.2017,Kemu,independent_site_engineering_point,yes,-4.839133333,104.509577778,Asia/Jakarta,Headpond Besai Kemu engineering forecast reference for PLTM Besai Kemu. The catchment polygon remains pending.,21:00,7,6.9312,cukup,"BMKG,CMA,ECMWF,GFS,ICON,METEOFRANCE,UKMO",Cerah Berawan,86.9,Tinggi,24.91,+/-0.6,81.21,+/-10.74,0.0,+/-0.0,24.91,+/-0.6,42.3,57.7,0.0,0.0,0.0,0.0,0.6,10.74,0.0,0.6,7,1.0,8.57,60.0
pltm_besai_kemu_headpond,Headpond Besai Kemu,2026-08-22,18.08.03.2017,Kemu,independent_site_engineering_point,yes,-4.839133333,104.509577778,Asia/Jakarta,Headpond Besai Kemu engineering forecast reference for PLTM Besai Kemu. The catchment polygon remains pending.,22:00,7,7.2416,cukup,"BMKG,CMA,ECMWF,GFS,ICON,METEOFRANCE,UKMO",Cerah,92.2,Tinggi,24.26,+/-0.24,87.88,+/-5.02,0.0,+/-0.0,24.26,+/-0.24,72.4,13.8,13.8,0.0,0.0,0.0,0.24,5.02,0.0,0.24,7,1.0,0.0,0.0
pltm_besai_kemu_headpond,Headpond Besai Kemu,2026-08-22,18.08.03.2017,Kemu,independent_site_engineering_point,yes,-4.839133333,104.509577778,Asia/Jakarta,Headpond Besai Kemu engineering forecast reference for PLTM Besai Kemu. The catchment polygon remains pending.,23:00,7,6.9312,cukup,"BMKG,CMA,ECMWF,GFS,ICON,METEOFRANCE,UKMO",Cerah,90.8,Tinggi,23.6,+/-0.54,90.52,+/-3.79,0.0,+/-0.0,23.6,+/-0.54,71.1,14.4,14.4,0.0,0.0,0.0,0.54,3.79,0.0,0.54,7,1.0,8.57,60.0
pltm_besai_kemu_headpond,Headpond Besai Kemu,2026-08-23,18.08.03.2017,Kemu,independent_site_engineering_point,yes,-4.839133333,104.509577778,Asia/Jakarta,Headpond Besai Kemu engineering forecast reference for PLTM Besai Kemu. The catchment polygon remains pending.,00:00,6,6.0,cukup,"CMA,ECMWF,GFS,ICON,METEOFRANCE,UKMO",Cerah,76.8,Sedang,23.5,+/-1.92,92.6,+/-2.42,0.0,+/-0.0,22.76,+/-1.07,50.0,33.3,16.7,0.0,0.0,0.0,1.92,2.42,0.0,1.07,7,0.8571,0.0,0.0
pltm_besai_kemu_headpond,Headpond Besai Kemu,2026-08-23,18.08.03.2017,Kemu,independent_site_engineering_point,yes,-4.839133333,104.509577778,Asia/Jakarta,Headpond Besai Kemu engineering forecast reference for PLTM Besai Kemu. The catchment polygon remains pending.,01:00,6,6.0,cukup,"CMA,ECMWF,GFS,ICON,METEOFRANCE,UKMO",Cerah,76.7,Sedang,23.02,+/-2.08,93.0,+/-2.37,0.0,+/-0.0,23.38,+/-2.76,50.0,33.3,16.7,0.0,0.0,0.0,2.08,2.37,0.0,2.76,7,0.8571,0.0,0.0
pltm_besai_kemu_headpond,Headpond Besai Kemu,2026-08-23,18.08.03.2017,Kemu,independent_site_engineering_point,yes,-4.839133333,104.509577778,Asia/Jakarta,Headpond Besai Kemu engineering forecast reference for PLTM Besai Kemu. The catchment polygon remains pending.,02:00,6,6.0,cukup,"CMA,ECMWF,GFS,ICON,METEOFRANCE,UKMO",Cerah,76.7,Sedang,22.58,+/-2.18,92.6,+/-2.24,0.0,+/-0.0,22.58,+/-2.18,50.0,33.3,16.7,0.0,0.0,0.0,2.18,2.24,0.0,2.18,7,0.8571,0.0,0.0
pltm_besai_kemu_headpond,Headpond Besai Kemu,2026-08-23,18.08.03.2017,Kemu,independent_site_engineering_point,yes,-4.839133333,104.509577778,Asia/Jakarta,Headpond Besai Kemu engineering forecast reference for PLTM Besai Kemu. The catchment polygon remains pending.,03:00,6,6.0,cukup,"CMA,ECMWF,GFS,ICON,METEOFRANCE,UKMO",Cerah,80.8,Tinggi,22.28,+/-2.28,92.0,+/-2.37,0.0,+/-0.0,22.28,+/-2.28,66.7,33.3,0.0,0.0,0.0,0.0,2.28,2.37,0.0,2.28,7,0.8571,0.0,0.0
pltm_besai_kemu_headpond,Headpond Besai Kemu,2026-08-23,18.08.03.2017,Kemu,independent_site_engineering_point,yes,-4.839133333,104.509577778,Asia/Jakarta,Headpond Besai Kemu engineering forecast reference for PLTM Besai Kemu. The catchment polygon remains pending.,04:00,6,6.0,cukup,"CMA,ECMWF,GFS,ICON,METEOFRANCE,UKMO",Cerah,80.7,Tinggi,22.03,+/-2.35,91.6,+/-2.33,0.0,+/-0.0,22.03,+/-2.35,66.7,33.3,0.0,0.0,0.0,0.0,2.35,2.33,0.0,2.35,7,0.8571,0.0,0.0
pltm_besai_kemu_headpond,Headpond Besai Kemu,2026-08-23,18.08.03.2017,Kemu,independent_site_engineering_point,yes,-4.839133333,104.509577778,Asia/Jakarta,Headpond Besai Kemu engineering forecast reference for PLTM Besai Kemu. The catchment polygon remains pending.,05:00,6,6.0,cukup,"CMA,ECMWF,GFS,ICON,METEOFRANCE,UKMO",Cerah,76.7,Sedang,22.78,+/-1.46,89.83,+/-4.95,0.07,+/-0.15,22.78,+/-1.46,50.0,16.7,16.7,16.7,0.0,0.0,1.46,4.95,0.15,1.46,7,0.8571,0.0,0.0
pltm_besai_kemu_headpond,Headpond Besai Kemu,2026-08-23,18.08.03.2017,Kemu,independent_site_engineering_point,yes,-4.839133333,104.509577778,Asia/Jakarta,Headpond Besai Kemu engineering forecast reference for PLTM Besai Kemu. The catchment polygon remains pending.,06:00,6,6.0,cukup,"CMA,ECMWF,GFS,ICON,METEOFRANCE,UKMO",Cerah,76.8,Sedang,22.9,+/-1.19,89.67,+/-5.12,0.07,+/-0.15,22.9,+/-1.19,50.0,16.7,16.7,16.7,0.0,0.0,1.19,5.12,0.15,1.19,7,0.8571,0.0,0.0
pltm_besai_kemu_headpond,Headpond Besai Kemu,2026-08-23,18.08.03.2017,Kemu,independent_site_engineering_point,yes,-4.839133333,104.509577778,Asia/Jakarta,Headpond Besai Kemu engineering forecast reference for PLTM Besai Kemu. The catchment polygon remains pending.,07:00,6,6.0,cukup,"CMA,ECMWF,GFS,ICON,METEOFRANCE,UKMO",Berawan,72.2,Sedang,23.02,+/-1.83,85.5,+/-6.4,0.07,+/-0.15,23.02,+/-1.83,33.3,16.7,33.3,16.7,0.0,0.0,1.83,6.4,0.15,1.83,7,0.8571,0.0,0.0
pltm_besai_kemu_headpond,Headpond Besai Kemu,2026-08-23,18.08.03.2017,Kemu,independent_site_engineering_point,yes,-4.839133333,104.509577778,Asia/Jakarta,Headpond Besai Kemu engineering forecast reference for PLTM Besai Kemu. The catchment polygon remains pending.,08:00,6,6.0,cukup,"CMA,ECMWF,GFS,ICON,METEOFRANCE,UKMO",Cerah,84.8,Tinggi,25.07,+/-1.63,77.33,+/-8.94,0.0,+/-0.0,24.9,+/-1.9,83.3,0.0,16.7,0.0,0.0,0.0,1.63,8.94,0.0,1.9,7,0.8571,0.0,0.0
pltm_besai_kemu_headpond,Headpond Besai Kemu,2026-08-23,18.08.03.2017,Kemu,independent_site_engineering_point,yes,-4.839133333,104.509577778,Asia/Jakarta,Headpond Besai Kemu engineering forecast reference for PLTM Besai Kemu. The catchment polygon remains pending.,09:00,6,6.0,cukup,"CMA,ECMWF,GFS,ICON,METEOFRANCE,UKMO",Cerah,80.5,Tinggi,27.33,+/-1.41,68.5,+/-10.94,0.0,+/-0.0,28.22,+/-2.51,66.7,33.3,0.0,0.0,0.0,0.0,1.41,10.94,0.0,2.51,7,0.8571,0.0,0.0
pltm_besai_kemu_headpond,Headpond Besai Kemu,2026-08-23,18.08.03.2017,Kemu,independent_site_engineering_point,yes,-4.839133333,104.509577778,Asia/Jakarta,Headpond Besai Kemu engineering forecast reference for PLTM Besai Kemu. The catchment polygon remains pending.,10:00,6,6.0,cukup,"CMA,ECMWF,GFS,ICON,METEOFRANCE,UKMO",Cerah Berawan,76.3,Sedang,29.23,+/-1.46,61.33,+/-11.93,0.02,+/-0.04,31.39,+/-1.22,33.3,50.0,0.0,16.7,0.0,0.0,1.46,11.93,0.04,1.22,7,0.8571,0.0,0.0
pltm_besai_kemu_headpond,Headpond Besai Kemu,2026-08-23,18.08.03.2017,Kemu,independent_site_engineering_point,yes,-4.839133333,104.509577778,Asia/Jakarta,Headpond Besai Kemu engineering forecast reference for PLTM Besai Kemu. The catchment polygon remains pending.,11:00,6,6.0,cukup,"CMA,ECMWF,GFS,ICON,METEOFRANCE,UKMO",Cerah Berawan,76.2,Sedang,30.57,+/-1.49,55.5,+/-11.15,0.1,+/-0.18,32.71,+/-0.77,16.7,50.0,0.0,33.3,0.0,0.0,1.49,11.15,0.18,0.77,7,0.8571,0.0,0.0
pltm_besai_kemu_headpond,Headpond Besai Kemu,2026-08-23,18.08.03.2017,Kemu,independent_site_engineering_point,yes,-4.839133333,104.509577778,Asia/Jakarta,Headpond Besai Kemu engineering forecast reference for PLTM Besai Kemu. The catchment polygon remains pending.,12:00,6,6.0,cukup,"CMA,ECMWF,GFS,ICON,METEOFRANCE,UKMO",Cerah,72.1,Sedang,31.87,+/-1.49,49.83,+/-10.17,0.1,+/-0.18,33.7,+/-0.88,33.3,33.3,0.0,33.3,0.0,0.0,1.49,10.17,0.18,0.88,7,0.8571,0.0,0.0
pltm_besai_kemu_headpond,Headpond Besai Kemu,2026-08-23,18.08.03.2017,Kemu,independent_site_engineering_point,yes,-4.839133333,104.509577778,Asia/Jakarta,Headpond Besai Kemu engineering forecast reference for PLTM Besai Kemu. The catchment polygon remains pending.,13:00,6,6.0,cukup,"CMA,ECMWF,GFS,ICON,METEOFRANCE,UKMO",Cerah,72.7,Sedang,32.88,+/-1.66,38.5,+/-2.18,0.05,+/-0.08,34.34,+/-1.3,33.3,33.3,0.0,33.3,0.0,0.0,1.66,2.18,0.08,1.3,7,0.8571,0.0,0.0
pltm_besai_kemu_headpond,Headpond Besai Kemu,2026-08-23,18.08.03.2017,Kemu,independent_site_engineering_point,yes,-4.839133333,104.509577778,Asia/Jakarta,Headpond Besai Kemu engineering forecast reference for PLTM Besai Kemu. The catchment polygon remains pending.,14:00,6,6.0,cukup,"CMA,ECMWF,GFS,ICON,METEOFRANCE,UKMO",Cerah Berawan,81.1,Tinggi,33.27,+/-1.68,36.5,+/-2.18,0.0,+/-0.0,34.24,+/-0.8,16.7,66.7,16.7,0.0,0.0,0.0,1.68,2.18,0.0,0.8,7,0.8571,0.0,0.0
pltm_besai_kemu_headpond,Headpond Besai Kemu,2026-08-23,18.08.03.2017,Kemu,independent_site_engineering_point,yes,-4.839133333,104.509577778,Asia/Jakarta,Headpond Besai Kemu engineering forecast reference for PLTM Besai Kemu. The catchment polygon remains pending.,15:00,6,6.0,cukup,"CMA,ECMWF,GFS,ICON,METEOFRANCE,UKMO",Cerah Berawan,76.4,Sedang,33.23,+/-1.72,42.33,+/-8.34,0.0,+/-0.0,34.2,+/-0.98,33.3,50.0,16.7,0.0,0.0,0.0,1.72,8.34,0.0,0.98,7,0.8571,0.0,0.0
pltm_besai_kemu_headpond,Headpond Besai Kemu,2026-08-23,18.08.03.2017,Kemu,independent_site_engineering_point,yes,-4.839133333,104.509577778,Asia/Jakarta,Headpond Besai Kemu engineering forecast reference for PLTM Besai Kemu. The catchment polygon remains pending.,16:00,6,6.0,cukup,"CMA,ECMWF,GFS,ICON,METEOFRANCE,UKMO",Cerah Berawan,76.7,Sedang,31.92,+/-1.13,44.83,+/-8.39,0.0,+/-0.0,33.43,+/-0.39,33.3,50.0,16.7,0.0,0.0,0.0,1.13,8.39,0.0,0.39,7,0.8571,0.0,0.0
pltm_besai_kemu_headpond,Headpond Besai Kemu,2026-08-23,18.08.03.2017,Kemu,independent_site_engineering_point,yes,-4.839133333,104.509577778,Asia/Jakarta,Headpond Besai Kemu engineering forecast reference for PLTM Besai Kemu. The catchment polygon remains pending.,17:00,6,6.0,cukup,"CMA,ECMWF,GFS,ICON,METEOFRANCE,UKMO",Cerah Berawan,76.2,Sedang,31.37,+/-1.96,49.83,+/-9.96,0.0,+/-0.0,32.88,+/-1.08,33.3,50.0,16.7,0.0,0.0,0.0,1.96,9.96,0.0,1.08,7,0.8571,0.0,0.0
pltm_besai_kemu_headpond,Headpond Besai Kemu,2026-08-23,18.08.03.2017,Kemu,independent_site_engineering_point,yes,-4.839133333,104.509577778,Asia/Jakarta,Headpond Besai Kemu engineering forecast reference for PLTM Besai Kemu. The catchment polygon remains pending.,18:00,6,6.0,cukup,"CMA,ECMWF,GFS,ICON,METEOFRANCE,UKMO",Cerah Berawan,80.4,Tinggi,29.92,+/-1.8,55.0,+/-10.69,0.0,+/-0.0,30.98,+/-0.47,16.7,66.7,16.7,0.0,0.0,0.0,1.8,10.69,0.0,0.47,7,0.8571,0.0,0.0
pltm_besai_kemu_headpond,Headpond Besai Kemu,2026-08-23,18.08.03.2017,Kemu,independent_site_engineering_point,yes,-4.839133333,104.509577778,Asia/Jakarta,Headpond Besai Kemu engineering forecast reference for PLTM Besai Kemu. The catchment polygon remains pending.,19:00,6,6.0,cukup,"CMA,ECMWF,GFS,ICON,METEOFRANCE,UKMO",Cerah Berawan,80.8,Tinggi,27.96,+/-0.93,60.5,+/-10.78,0.0,+/-0.0,29.92,+/-0.29,16.7,66.7,16.7,0.0,0.0,0.0,0.93,10.78,0.0,0.29,7,0.8571,0.0,0.0
pltm_besai_kemu_headpond,Headpond Besai Kemu,2026-08-23,18.08.03.2017,Kemu,independent_site_engineering_point,yes,-4.839133333,104.509577778,Asia/Jakarta,Headpond Besai Kemu engineering forecast reference for PLTM Besai Kemu. The catchment polygon remains pending.,20:00,6,6.0,cukup,"CMA,ECMWF,GFS,ICON,METEOFRANCE,UKMO",Cerah Berawan,80.5,Tinggi,27.32,+/-1.63,67.5,+/-10.7,0.0,+/-0.0,28.39,+/-2.27,33.3,66.7,0.0,0.0,0.0,0.0,1.63,10.7,0.0,2.27,7,0.8571,0.0,0.0
pltm_besai_kemu_headpond,Headpond Besai Kemu,2026-08-23,18.08.03.2017,Kemu,independent_site_engineering_point,yes,-4.839133333,104.509577778,Asia/Jakarta,Headpond Besai Kemu engineering forecast reference for PLTM Besai Kemu. The catchment polygon remains pending.,21:00,6,6.0,cukup,"CMA,ECMWF,GFS,ICON,METEOFRANCE,UKMO",Cerah,76.4,Sedang,26.22,+/-1.57,74.33,+/-9.64,0.0,+/-0.0,25.6,+/-0.82,50.0,50.0,0.0,0.0,0.0,0.0,1.57,9.64,0.0,0.82,7,0.8571,0.0,0.0
pltm_besai_kemu_headpond,Headpond Besai Kemu,2026-08-23,18.08.03.2017,Kemu,independent_site_engineering_point,yes,-4.839133333,104.509577778,Asia/Jakarta,Headpond Besai Kemu engineering forecast reference for PLTM Besai Kemu. The catchment polygon remains pending.,22:00,6,6.0,cukup,"CMA,ECMWF,GFS,ICON,METEOFRANCE,UKMO",Cerah,76.5,Sedang,25.23,+/-1.54,79.83,+/-9.08,0.0,+/-0.0,24.6,+/-0.67,50.0,50.0,0.0,0.0,0.0,0.0,1.54,9.08,0.0,0.67,7,0.8571,0.0,0.0
pltm_besai_kemu_headpond,Headpond Besai Kemu,2026-08-23,18.08.03.2017,Kemu,independent_site_engineering_point,yes,-4.839133333,104.509577778,Asia/Jakarta,Headpond Besai Kemu engineering forecast reference for PLTM Besai Kemu. The catchment polygon remains pending.,23:00,6,6.0,cukup,"CMA,ECMWF,GFS,ICON,METEOFRANCE,UKMO",Cerah Berawan,86.0,Tinggi,23.5,+/-0.17,84.75,+/-1.48,0.0,+/-0.0,23.5,+/-0.17,16.7,83.3,0.0,0.0,0.0,0.0,0.17,1.48,0.0,0.17,7,0.8571,0.0,0.0
pltm_besai_kemu_powerhouse,Powerhouse Besai Kemu,2026-08-20,18.08.03.2017,Kemu,independent_site_engineering_point,yes,-4.837533333,104.510075,Asia/Jakarta,Powerhouse Besai Kemu engineering forecast reference for PLTM Besai Kemu. The catchment polygon remains pending.,00:00,6,6.0,cukup,"CMA,ECMWF,GFS,ICON,METEOFRANCE,UKMO",Berawan,81.0,Tinggi,24.38,+/-1.44,89.33,+/-4.35,0.0,+/-0.0,23.88,+/-0.99,0.0,33.3,66.7,0.0,0.0,0.0,1.44,4.35,0.0,0.99,7,0.8571,0.0,0.0
pltm_besai_kemu_powerhouse,Powerhouse Besai Kemu,2026-08-20,18.08.03.2017,Kemu,independent_site_engineering_point,yes,-4.837533333,104.510075,Asia/Jakarta,Powerhouse Besai Kemu engineering forecast reference for PLTM Besai Kemu. The catchment polygon remains pending.,01:00,6,6.0,cukup,"CMA,ECMWF,GFS,ICON,METEOFRANCE,UKMO",Berawan,81.2,Tinggi,24.02,+/-1.12,91.0,+/-4.47,0.0,+/-0.0,24.02,+/-1.12,0.0,33.3,66.7,0.0,0.0,0.0,1.12,4.47,0.0,1.12,7,0.8571,0.0,0.0
pltm_besai_kemu_powerhouse,Powerhouse Besai Kemu,2026-08-20,18.08.03.2017,Kemu,independent_site_engineering_point,yes,-4.837533333,104.510075,Asia/Jakarta,Powerhouse Besai Kemu engineering forecast reference for PLTM Besai Kemu. The catchment polygon remains pending.,02:00,6,6.0,cukup,"CMA,ECMWF,GFS,ICON,METEOFRANCE,UKMO",Berawan,77.0,Sedang,23.78,+/-1.07,91.67,+/-4.71,0.02,+/-0.04,23.78,+/-1.07,0.0,33.3,50.0,16.7,0.0,0.0,1.07,4.71,0.04,1.07,7,0.8571,0.0,0.0
pltm_besai_kemu_powerhouse,Powerhouse Besai Kemu,2026-08-20,18.08.03.2017,Kemu,independent_site_engineering_point,yes,-4.837533333,104.510075,Asia/Jakarta,Powerhouse Besai Kemu engineering forecast reference for PLTM Besai Kemu. The catchment polygon remains pending.,03:00,6,6.0,cukup,"CMA,ECMWF,GFS,ICON,METEOFRANCE,UKMO",Berawan,76.9,Sedang,23.47,+/-1.23,92.0,+/-4.32,0.02,+/-0.04,23.47,+/-1.23,0.0,33.3,50.0,16.7,0.0,0.0,1.23,4.32,0.04,1.23,7,0.8571,0.0,0.0
pltm_besai_kemu_powerhouse,Powerhouse Besai Kemu,2026-08-20,18.08.03.2017,Kemu,independent_site_engineering_point,yes,-4.837533333,104.510075,Asia/Jakarta,Powerhouse Besai Kemu engineering forecast reference for PLTM Besai Kemu. The catchment polygon remains pending.,04:00,7,6.6868,cukup,"BMKG,CMA,ECMWF,GFS,ICON,METEOFRANCE,UKMO",Cerah Berawan,82.9,Tinggi,23.37,+/-1.42,92.5,+/-4.27,0.02,+/-0.04,23.37,+/-1.42,0.0,44.9,40.2,15.0,0.0,0.0,1.42,4.27,0.04,1.42,7,1.0,25.71,180.0
pltm_besai_kemu_powerhouse,Powerhouse Besai Kemu,2026-08-20,18.08.03.2017,Kemu,independent_site_engineering_point,yes,-4.837533333,104.510075,Asia/Jakarta,Powerhouse Besai Kemu engineering forecast reference for PLTM Besai Kemu. The catchment polygon remains pending.,05:00,7,6.6868,cukup,"BMKG,CMA,ECMWF,GFS,ICON,METEOFRANCE,UKMO",Cerah Berawan,86.6,Tinggi,23.3,+/-1.45,90.37,+/-5.61,0.0,+/-0.0,23.3,+/-1.45,0.0,59.8,40.2,0.0,0.0,0.0,1.45,5.61,0.0,1.45,7,1.0,17.14,120.0
pltm_besai_kemu_powerhouse,Powerhouse Besai Kemu,2026-08-20,18.08.03.2017,Kemu,independent_site_engineering_point,yes,-4.837533333,104.510075,Asia/Jakarta,Powerhouse Besai Kemu engineering forecast reference for PLTM Besai Kemu. The catchment polygon remains pending.,06:00,7,6.9366,cukup,"BMKG,CMA,ECMWF,GFS,ICON,METEOFRANCE,UKMO",Cerah Berawan,83.5,Tinggi,23.3,+/-1.59,93.2,+/-1.17,0.0,+/-0.0,23.3,+/-1.59,14.4,43.2,42.3,0.0,0.0,0.0,1.59,1.17,0.0,1.59,7,1.0,8.57,60.0
pltm_besai_kemu_powerhouse,Powerhouse Besai Kemu,2026-08-20,18.08.03.2017,Kemu,independent_site_engineering_point,yes,-4.837533333,104.510075,Asia/Jakarta,Powerhouse Besai Kemu engineering forecast reference for PLTM Besai Kemu. The catchment polygon remains pending.,07:00,7,7.2488,cukup,"BMKG,CMA,ECMWF,GFS,ICON,METEOFRANCE,UKMO",Cerah Berawan,84.2,Tinggi,24.24,+/-0.9,85.48,+/-5.12,0.0,+/-0.0,24.24,+/-0.9,27.6,41.4,31.0,0.0,0.0,0.0,0.9,5.12,0.0,0.9,7,1.0,0.0,0.0
pltm_besai_kemu_powerhouse,Powerhouse Besai Kemu,2026-08-20,18.08.03.2017,Kemu,independent_site_engineering_point,yes,-4.837533333,104.510075,Asia/Jakarta,Powerhouse Besai Kemu engineering forecast reference for PLTM Besai Kemu. The catchment polygon remains pending.,08:00,7,6.9366,cukup,"BMKG,CMA,ECMWF,GFS,ICON,METEOFRANCE,UKMO",Cerah Berawan,83.5,Tinggi,26.21,+/-0.86,77.13,+/-6.36,0.0,+/-0.0,26.78,+/-1.65,28.8,43.2,27.9,0.0,0.0,0.0,0.86,6.36,0.0,1.65,7,1.0,8.57,60.0
pltm_besai_kemu_powerhouse,Powerhouse Besai Kemu,2026-08-20,18.08.03.2017,Kemu,independent_site_engineering_point,yes,-4.837533333,104.510075,Asia/Jakarta,Powerhouse Besai Kemu engineering forecast reference for PLTM Besai Kemu. The catchment polygon remains pending.,09:00,7,6.9366,cukup,"BMKG,CMA,ECMWF,GFS,ICON,METEOFRANCE,UKMO",Berawan,83.1,Tinggi,28.66,+/-1.16,66.47,+/-7.11,0.0,+/-0.0,31.27,+/-1.33,28.8,28.8,42.3,0.0,0.0,0.0,1.16,7.11,0.0,1.33,7,1.0,8.57,60.0
pltm_besai_kemu_powerhouse,Powerhouse Besai Kemu,2026-08-20,18.08.03.2017,Kemu,independent_site_engineering_point,yes,-4.837533333,104.510075,Asia/Jakarta,Powerhouse Besai Kemu engineering forecast reference for PLTM Besai Kemu. The catchment polygon remains pending.,10:00,7,7.2488,cukup,"BMKG,CMA,ECMWF,GFS,ICON,METEOFRANCE,UKMO",Berawan,84.9,Tinggi,30.1,+/-0.99,59.79,+/-5.67,0.0,+/-0.0,33.38,+/-0.27,13.8,41.4,44.8,0.0,0.0,0.0,0.99,5.67,0.0,0.27,7,1.0,0.0,0.0
pltm_besai_kemu_powerhouse,Powerhouse Besai Kemu,2026-08-20,18.08.03.2017,Kemu,independent_site_engineering_point,yes,-4.837533333,104.510075,Asia/Jakarta,Powerhouse Besai Kemu engineering forecast reference for PLTM Besai Kemu. The catchment polygon remains pending.,11:00,7,6.9366,cukup,"BMKG,CMA,ECMWF,GFS,ICON,METEOFRANCE,UKMO",Berawan,86.6,Tinggi,31.15,+/-1.24,55.8,+/-6.96,0.02,+/-0.04,34.02,+/-0.86,14.4,14.4,56.8,14.4,0.0,0.0,1.24,6.96,0.04,0.86,7,1.0,8.57,60.0
pltm_besai_kemu_powerhouse,Powerhouse Besai Kemu,2026-08-20,18.08.03.2017,Kemu,independent_site_engineering_point,yes,-4.837533333,104.510075,Asia/Jakarta,Powerhouse Besai Kemu engineering forecast reference for PLTM Besai Kemu. The catchment polygon remains pending.,12:00,7,6.9366,cukup,"BMKG,CMA,ECMWF,GFS,ICON,METEOFRANCE,UKMO",Berawan,83.1,Tinggi,32.1,+/-1.42,53.65,+/-7.89,0.02,+/-0.04,35.37,+/-1.29,28.8,13.5,43.2,14.4,0.0,0.0,1.42,7.89,0.04,1.29,7,1.0,8.57,60.0
pltm_besai_kemu_powerhouse,Powerhouse Besai Kemu,2026-08-20,18.08.03.2017,Kemu,independent_site_engineering_point,yes,-4.837533333,104.510075,Asia/Jakarta,Powerhouse Besai Kemu engineering forecast reference for PLTM Besai Kemu. The catchment polygon remains pending.,13:00,7,7.2488,cukup,"BMKG,CMA,ECMWF,GFS,ICON,METEOFRANCE,UKMO",Cerah Berawan,84.6,Tinggi,32.9,+/-1.33,50.65,+/-8.08,0.02,+/-0.04,35.93,+/-0.95,13.8,44.8,27.6,13.8,0.0,0.0,1.33,8.08,0.04,0.95,7,1.0,0.0,0.0
pltm_besai_kemu_powerhouse,Powerhouse Besai Kemu,2026-08-20,18.08.03.2017,Kemu,independent_site_engineering_point,yes,-4.837533333,104.510075,Asia/Jakarta,Powerhouse Besai Kemu engineering forecast reference for PLTM Besai Kemu. The catchment polygon remains pending.,14:00,7,6.9366,cukup,"BMKG,CMA,ECMWF,GFS,ICON,METEOFRANCE,UKMO",Cerah Berawan,82.8,Tinggi,33.2,+/-1.35,48.6,+/-8.33,0.07,+/-0.11,35.98,+/-0.95,0.0,42.3,28.8,28.8,0.0,0.0,1.35,8.33,0.11,0.95,7,1.0,8.57,60.0
pltm_besai_kemu_powerhouse,Powerhouse Besai Kemu,2026-08-20,18.08.03.2017,Kemu,independent_site_engineering_point,yes,-4.837533333,104.510075,Asia/Jakarta,Powerhouse Besai Kemu engineering forecast reference for PLTM Besai Kemu. The catchment polygon remains pending.,15:00,7,6.9366,cukup,"BMKG,CMA,ECMWF,GFS,ICON,METEOFRANCE,UKMO",Hujan Ringan,79.0,Sedang,32.07,+/-2.0,51.12,+/-9.4,0.07,+/-0.11,34.55,+/-1.86,27.9,28.8,14.4,28.8,0.0,0.0,2.0,9.4,0.11,1.86,7,1.0,8.57,60.0
pltm_besai_kemu_powerhouse,Powerhouse Besai Kemu,2026-08-20,18.08.03.2017,Kemu,independent_site_engineering_point,yes,-4.837533333,104.510075,Asia/Jakarta,Powerhouse Besai Kemu engineering forecast reference for PLTM Besai Kemu. The catchment polygon remains pending.,16:00,7,7.2488,cukup,"BMKG,CMA,ECMWF,GFS,ICON,METEOFRANCE,UKMO",Cerah,80.5,Tinggi,31.24,+/-2.11,53.96,+/-9.91,0.07,+/-0.11,33.66,+/-1.95,31.0,27.6,13.8,27.6,0.0,0.0,2.11,9.91,0.11,1.95,7,1.0,0.0,0.0
pltm_besai_kemu_powerhouse,Powerhouse Besai Kemu,2026-08-20,18.08.03.2017,Kemu,independent_site_engineering_point,yes,-4.837533333,104.510075,Asia/Jakarta,Powerhouse Besai Kemu engineering forecast reference for PLTM Besai Kemu. The catchment polygon remains pending.,17:00,7,6.9366,cukup,"BMKG,CMA,ECMWF,GFS,ICON,METEOFRANCE,UKMO",Hujan Ringan,81.8,Tinggi,29.83,+/-2.88,61.5,+/-14.67,0.1,+/-0.13,33.33,+/-1.61,27.9,14.4,14.4,43.2,0.0,0.0,2.88,14.67,0.13,1.61,7,1.0,8.57,60.0
pltm_besai_kemu_powerhouse,Powerhouse Besai Kemu,2026-08-20,18.08.03.2017,Kemu,independent_site_engineering_point,yes,-4.837533333,104.510075,Asia/Jakarta,Powerhouse Besai Kemu engineering forecast reference for PLTM Besai Kemu. The catchment polygon remains pending.,18:00,7,6.9366,cukup,"BMKG,CMA,ECMWF,GFS,ICON,METEOFRANCE,UKMO",Hujan Ringan,77.9,Sedang,27.95,+/-3.02,69.98,+/-16.77,0.1,+/-0.13,29.23,+/-4.02,27.9,28.8,0.0,28.8,14.4,0.0,3.02,16.77,0.13,4.02,7,1.0,8.57,60.0
pltm_besai_kemu_powerhouse,Powerhouse Besai Kemu,2026-08-20,18.08.03.2017,Kemu,independent_site_engineering_point,yes,-4.837533333,104.510075,Asia/Jakarta,Powerhouse Besai Kemu engineering forecast reference for PLTM Besai Kemu. The catchment polygon remains pending.,19:00,7,7.2488,cukup,"BMKG,CMA,ECMWF,GFS,ICON,METEOFRANCE,UKMO",Hujan Ringan,82.5,Tinggi,26.68,+/-2.51,76.14,+/-15.24,0.1,+/-0.13,27.89,+/-3.6,31.0,13.8,13.8,41.4,0.0,0.0,2.51,15.24,0.13,3.6,7,1.0,0.0,0.0
pltm_besai_kemu_powerhouse,Powerhouse Besai Kemu,2026-08-20,18.08.03.2017,Kemu,independent_site_engineering_point,yes,-4.837533333,104.510075,Asia/Jakarta,Powerhouse Besai Kemu engineering forecast reference for PLTM Besai Kemu. The catchment polygon remains pending.,20:00,7,6.9366,cukup,"BMKG,CMA,ECMWF,GFS,ICON,METEOFRANCE,UKMO",Cerah,82.2,Tinggi,26.19,+/-2.01,79.06,+/-12.72,0.02,+/-0.04,27.22,+/-3.14,42.3,14.4,28.8,14.4,0.0,0.0,2.01,12.72,0.04,3.14,7,1.0,8.57,60.0
pltm_besai_kemu_powerhouse,Powerhouse Besai Kemu,2026-08-20,18.08.03.2017,Kemu,independent_site_engineering_point,yes,-4.837533333,104.510075,Asia/Jakarta,Powerhouse Besai Kemu engineering forecast reference for PLTM Besai Kemu. The catchment polygon remains pending.,21:00,7,6.9366,cukup,"BMKG,CMA,ECMWF,GFS,ICON,METEOFRANCE,UKMO",Berawan,82.7,Tinggi,25.64,+/-1.84,82.47,+/-10.95,0.0,+/-0.0,26.36,+/-2.86,27.9,28.8,43.2,0.0,0.0,0.0,1.84,10.95,0.0,2.86,7,1.0,8.57,60.0
pltm_besai_kemu_powerhouse,Powerhouse Besai Kemu,2026-08-20,18.08.03.2017,Kemu,independent_site_engineering_point,yes,-4.837533333,104.510075,Asia/Jakarta,Powerhouse Besai Kemu engineering forecast reference for PLTM Besai Kemu. The catchment polygon remains pending.,22:00,7,7.2488,cukup,"BMKG,CMA,ECMWF,GFS,ICON,METEOFRANCE,UKMO",Cerah,84.5,Tinggi,24.9,+/-1.73,89.04,+/-6.66,0.0,+/-0.0,24.38,+/-1.21,44.8,27.6,27.6,0.0,0.0,0.0,1.73,6.66,0.0,1.21,7,1.0,0.0,0.0
pltm_besai_kemu_powerhouse,Powerhouse Besai Kemu,2026-08-20,18.08.03.2017,Kemu,independent_site_engineering_point,yes,-4.837533333,104.510075,Asia/Jakarta,Powerhouse Besai Kemu engineering forecast reference for PLTM Besai Kemu. The catchment polygon remains pending.,23:00,7,6.9366,cukup,"BMKG,CMA,ECMWF,GFS,ICON,METEOFRANCE,UKMO",Cerah,90.0,Tinggi,24.43,+/-1.63,88.52,+/-7.89,0.0,+/-0.0,23.89,+/-1.07,71.2,14.4,14.4,0.0,0.0,0.0,1.63,7.89,0.0,1.07,7,1.0,8.57,60.0
pltm_besai_kemu_powerhouse,Powerhouse Besai Kemu,2026-08-21,18.08.03.2017,Kemu,independent_site_engineering_point,yes,-4.837533333,104.510075,Asia/Jakarta,Powerhouse Besai Kemu engineering forecast reference for PLTM Besai Kemu. The catchment polygon remains pending.,00:00,7,6.9284,cukup,"BMKG,CMA,ECMWF,GFS,ICON,METEOFRANCE,UKMO",Cerah,83.0,Tinggi,23.92,+/-1.68,89.95,+/-7.03,0.0,+/-0.0,24.29,+/-2.48,43.3,28.9,27.8,0.0,0.0,0.0,1.68,7.03,0.0,2.48,7,1.0,8.57,60.0
pltm_besai_kemu_powerhouse,Powerhouse Besai Kemu,2026-08-21,18.08.03.2017,Kemu,independent_site_engineering_point,yes,-4.837533333,104.510075,Asia/Jakarta,Powerhouse Besai Kemu engineering forecast reference for PLTM Besai Kemu. The catchment polygon remains pending.,01:00,7,7.2379,cukup,"BMKG,CMA,ECMWF,GFS,ICON,METEOFRANCE,UKMO",Cerah Berawan,83.7,Tinggi,23.42,+/-1.67,91.13,+/-6.08,0.0,+/-0.0,22.85,+/-0.92,41.4,41.4,17.1,0.0,0.0,0.0,1.67,6.08,0.0,0.92,7,1.0,0.0,0.0
pltm_besai_kemu_powerhouse,Powerhouse Besai Kemu,2026-08-21,18.08.03.2017,Kemu,independent_site_engineering_point,yes,-4.837533333,104.510075,Asia/Jakarta,Powerhouse Besai Kemu engineering forecast reference for PLTM Besai Kemu. The catchment polygon remains pending.,02:00,7,6.9284,cukup,"BMKG,CMA,ECMWF,GFS,ICON,METEOFRANCE,UKMO",Cerah,87.5,Tinggi,22.35,+/-0.81,94.49,+/-1.81,0.0,+/-0.0,22.35,+/-0.81,57.7,28.9,13.4,0.0,0.0,0.0,0.81,1.81,0.0,0.81,7,1.0,8.57,60.0
pltm_besai_kemu_powerhouse,Powerhouse Besai Kemu,2026-08-21,18.08.03.2017,Kemu,independent_site_engineering_point,yes,-4.837533333,104.510075,Asia/Jakarta,Powerhouse Besai Kemu engineering forecast reference for PLTM Besai Kemu. The catchment polygon remains pending.,03:00,7,6.9284,cukup,"BMKG,CMA,ECMWF,GFS,ICON,METEOFRANCE,UKMO",Cerah,83.6,Tinggi,22.07,+/-0.75,91.7,+/-5.65,0.0,+/-0.0,22.07,+/-0.75,43.3,43.3,13.4,0.0,0.0,0.0,0.75,5.65,0.0,0.75,7,1.0,8.57,60.0
pltm_besai_kemu_powerhouse,Powerhouse Besai Kemu,2026-08-21,18.08.03.2017,Kemu,independent_site_engineering_point,yes,-4.837533333,104.510075,Asia/Jakarta,Powerhouse Besai Kemu engineering forecast reference for PLTM Besai Kemu. The catchment polygon remains pending.,04:00,7,7.2379,cukup,"BMKG,CMA,ECMWF,GFS,ICON,METEOFRANCE,UKMO",Cerah,84.4,Tinggi,21.94,+/-0.74,93.0,+/-2.33,0.0,+/-0.0,21.94,+/-0.74,41.4,41.4,17.1,0.0,0.0,0.0,0.74,2.33,0.0,0.74,7,1.0,0.0,0.0
pltm_besai_kemu_powerhouse,Powerhouse Besai Kemu,2026-08-21,18.08.03.2017,Kemu,independent_site_engineering_point,yes,-4.837533333,104.510075,Asia/Jakarta,Powerhouse Besai Kemu engineering forecast reference for PLTM Besai Kemu. The catchment polygon remains pending.,05:00,7,6.9284,cukup,"BMKG,CMA,ECMWF,GFS,ICON,METEOFRANCE,UKMO",Cerah,87.4,Tinggi,21.92,+/-0.85,92.49,+/-2.07,0.0,+/-0.0,21.92,+/-0.85,57.7,28.9,13.4,0.0,0.0,0.0,0.85,2.07,0.0,0.85,7,1.0,8.57,60.0
pltm_besai_kemu_powerhouse,Powerhouse Besai Kemu,2026-08-21,18.08.03.2017,Kemu,independent_site_engineering_point,yes,-4.837533333,104.510075,Asia/Jakarta,Powerhouse Besai Kemu engineering forecast reference for PLTM Besai Kemu. The catchment polygon remains pending.,06:00,7,6.9284,cukup,"BMKG,CMA,ECMWF,GFS,ICON,METEOFRANCE,UKMO",Cerah,97.2,Tinggi,22.98,+/-1.88,88.35,+/-5.24,0.0,+/-0.0,22.98,+/-1.88,100.0,0.0,0.0,0.0,0.0,0.0,1.88,5.24,0.0,1.88,7,1.0,8.57,60.0
pltm_besai_kemu_powerhouse,Powerhouse Besai Kemu,2026-08-21,18.08.03.2017,Kemu,independent_site_engineering_point,yes,-4.837533333,104.510075,Asia/Jakarta,Powerhouse Besai Kemu engineering forecast reference for PLTM Besai Kemu. The catchment polygon remains pending.,07:00,7,7.2379,cukup,"BMKG,CMA,ECMWF,GFS,ICON,METEOFRANCE,UKMO",Cerah,95.2,Tinggi,23.92,+/-1.23,85.04,+/-4.12,0.0,+/-0.0,23.92,+/-1.23,86.2,13.8,0.0,0.0,0.0,0.0,1.23,4.12,0.0,1.23,7,1.0,0.0,0.0
pltm_besai_kemu_powerhouse,Powerhouse Besai Kemu,2026-08-21,18.08.03.2017,Kemu,independent_site_engineering_point,yes,-4.837533333,104.510075,Asia/Jakarta,Powerhouse Besai Kemu engineering forecast reference for PLTM Besai Kemu. The catchment polygon remains pending.,08:00,7,6.9284,cukup,"BMKG,CMA,ECMWF,GFS,ICON,METEOFRANCE,UKMO",Cerah,94.3,Tinggi,25.87,+/-0.87,80.31,+/-3.37,0.0,+/-0.0,26.44,+/-1.72,85.6,14.4,0.0,0.0,0.0,0.0,0.87,3.37,0.0,1.72,7,1.0,8.57,60.0
pltm_besai_kemu_powerhouse,Powerhouse Besai Kemu,2026-08-21,18.08.03.2017,Kemu,independent_site_engineering_point,yes,-4.837533333,104.510075,Asia/Jakarta,Powerhouse Besai Kemu engineering forecast reference for PLTM Besai Kemu. The catchment polygon remains pending.,09:00,7,6.9284,cukup,"BMKG,CMA,ECMWF,GFS,ICON,METEOFRANCE,UKMO",Cerah,86.9,Tinggi,27.9,+/-0.86,69.62,+/-5.61,0.0,+/-0.0,30.02,+/-1.71,56.7,43.3,0.0,0.0,0.0,0.0,0.86,5.61,0.0,1.71,7,1.0,8.57,60.0
pltm_besai_kemu_powerhouse,Powerhouse Besai Kemu,2026-08-21,18.08.03.2017,Kemu,independent_site_engineering_point,yes,-4.837533333,104.510075,Asia/Jakarta,Powerhouse Besai Kemu engineering forecast reference for PLTM Besai Kemu. The catchment polygon remains pending.,10:00,7,7.2379,cukup,"BMKG,CMA,ECMWF,GFS,ICON,METEOFRANCE,UKMO",Cerah,88.3,Tinggi,29.15,+/-0.99,64.03,+/-6.02,0.0,+/-0.0,31.86,+/-0.97,58.6,41.4,0.0,0.0,0.0,0.0,0.99,6.02,0.0,0.97,7,1.0,0.0,0.0
pltm_besai_kemu_powerhouse,Powerhouse Besai Kemu,2026-08-21,18.08.03.2017,Kemu,independent_site_engineering_point,yes,-4.837533333,104.510075,Asia/Jakarta,Powerhouse Besai Kemu engineering forecast reference for PLTM Besai Kemu. The catchment polygon remains pending.,11:00,7,6.9284,cukup,"BMKG,CMA,ECMWF,GFS,ICON,METEOFRANCE,UKMO",Cerah,86.5,Tinggi,30.34,+/-1.3,59.08,+/-7.19,0.02,+/-0.04,33.15,+/-1.08,56.7,14.4,14.4,14.4,0.0,0.0,1.3,7.19,0.04,1.08,7,1.0,8.57,60.0
pltm_besai_kemu_powerhouse,Powerhouse Besai Kemu,2026-08-21,18.08.03.2017,Kemu,independent_site_engineering_point,yes,-4.837533333,104.510075,Asia/Jakarta,Powerhouse Besai Kemu engineering forecast reference for PLTM Besai Kemu. The catchment polygon remains pending.,12:00,7,6.9284,cukup,"BMKG,CMA,ECMWF,GFS,ICON,METEOFRANCE,UKMO",Cerah,86.3,Tinggi,31.62,+/-1.44,54.17,+/-9.1,0.02,+/-0.04,34.52,+/-1.16,56.7,28.9,0.0,14.4,0.0,0.0,1.44,9.1,0.04,1.16,7,1.0,8.57,60.0
pltm_besai_kemu_powerhouse,Powerhouse Besai Kemu,2026-08-21,18.08.03.2017,Kemu,independent_site_engineering_point,yes,-4.837533333,104.510075,Asia/Jakarta,Powerhouse Besai Kemu engineering forecast reference for PLTM Besai Kemu. The catchment polygon remains pending.,13:00,7,7.2379,cukup,"BMKG,CMA,ECMWF,GFS,ICON,METEOFRANCE,UKMO",Cerah,84.2,Tinggi,32.31,+/-1.57,51.05,+/-10.48,0.02,+/-0.04,34.95,+/-0.98,44.7,41.4,0.0,13.8,0.0,0.0,1.57,10.48,0.04,0.98,7,1.0,0.0,0.0
pltm_besai_kemu_powerhouse,Powerhouse Besai Kemu,2026-08-21,18.08.03.2017,Kemu,independent_site_engineering_point,yes,-4.837533333,104.510075,Asia/Jakarta,Powerhouse Besai Kemu engineering forecast reference for PLTM Besai Kemu. The catchment polygon remains pending.,14:00,7,6.9284,cukup,"BMKG,CMA,ECMWF,GFS,ICON,METEOFRANCE,UKMO",Cerah,86.0,Tinggi,32.69,+/-1.71,49.12,+/-11.15,0.05,+/-0.11,34.93,+/-0.69,56.7,14.4,14.4,14.4,0.0,0.0,1.71,11.15,0.11,0.69,7,1.0,8.57,60.0
pltm_besai_kemu_powerhouse,Powerhouse Besai Kemu,2026-08-21,18.08.03.2017,Kemu,independent_site_engineering_point,yes,-4.837533333,104.510075,Asia/Jakarta,Powerhouse Besai Kemu engineering forecast reference for PLTM Besai Kemu. The catchment polygon remains pending.,15:00,7,6.9284,cukup,"BMKG,CMA,ECMWF,GFS,ICON,METEOFRANCE,UKMO",Cerah,85.2,Tinggi,31.96,+/-2.87,51.01,+/-14.23,0.05,+/-0.11,34.74,+/-0.56,56.7,28.9,0.0,14.4,0.0,0.0,2.87,14.23,0.11,0.56,7,1.0,8.57,60.0
pltm_besai_kemu_powerhouse,Powerhouse Besai Kemu,2026-08-21,18.08.03.2017,Kemu,independent_site_engineering_point,yes,-4.837533333,104.510075,Asia/Jakarta,Powerhouse Besai Kemu engineering forecast reference for PLTM Besai Kemu. The catchment polygon remains pending.,16:00,7,7.2379,cukup,"BMKG,CMA,ECMWF,GFS,ICON,METEOFRANCE,UKMO",Cerah,83.1,Tinggi,31.29,+/-2.97,54.1,+/-14.89,0.05,+/-0.11,34.29,+/-0.21,44.7,41.4,0.0,13.8,0.0,0.0,2.97,14.89,0.11,0.21,7,1.0,0.0,0.0
pltm_besai_kemu_powerhouse,Powerhouse Besai Kemu,2026-08-21,18.08.03.2017,Kemu,independent_site_engineering_point,yes,-4.837533333,104.510075,Asia/Jakarta,Powerhouse Besai Kemu engineering forecast reference for PLTM Besai Kemu. The catchment polygon remains pending.,17:00,7,6.9284,cukup,"BMKG,CMA,ECMWF,GFS,ICON,METEOFRANCE,UKMO",Cerah Berawan,81.9,Tinggi,30.3,+/-2.58,58.8,+/-14.06,0.1,+/-0.22,33.41,+/-0.94,42.3,43.3,0.0,14.4,0.0,0.0,2.58,14.06,0.22,0.94,7,1.0,8.57,60.0
pltm_besai_kemu_powerhouse,Powerhouse Besai Kemu,2026-08-21,18.08.03.2017,Kemu,independent_site_engineering_point,yes,-4.837533333,104.510075,Asia/Jakarta,Powerhouse Besai Kemu engineering forecast reference for PLTM Besai Kemu. The catchment polygon remains pending.,18:00,7,6.9284,cukup,"BMKG,CMA,ECMWF,GFS,ICON,METEOFRANCE,UKMO",Cerah,86.1,Tinggi,28.02,+/-0.6,67.92,+/-15.82,0.1,+/-0.22,31.12,+/-1.35,56.7,28.9,0.0,14.4,0.0,0.0,0.6,15.82,0.22,1.35,7,1.0,8.57,60.0
pltm_besai_kemu_powerhouse,Powerhouse Besai Kemu,2026-08-21,18.08.03.2017,Kemu,independent_site_engineering_point,yes,-4.837533333,104.510075,Asia/Jakarta,Powerhouse Besai Kemu engineering forecast reference for PLTM Besai Kemu. The catchment polygon remains pending.,19:00,7,7.2379,cukup,"BMKG,CMA,ECMWF,GFS,ICON,METEOFRANCE,UKMO",Cerah,90.3,Tinggi,26.9,+/-2.27,75.08,+/-14.29,0.1,+/-0.22,28.07,+/-2.96,72.4,13.8,0.0,13.8,0.0,0.0,2.27,14.29,0.22,2.96,7,1.0,0.0,0.0
pltm_besai_kemu_powerhouse,Powerhouse Besai Kemu,2026-08-21,18.08.03.2017,Kemu,independent_site_engineering_point,yes,-4.837533333,104.510075,Asia/Jakarta,Powerhouse Besai Kemu engineering forecast reference for PLTM Besai Kemu. The catchment polygon remains pending.,20:00,7,6.9284,cukup,"BMKG,CMA,ECMWF,GFS,ICON,METEOFRANCE,UKMO",Cerah,86.5,Tinggi,25.52,+/-0.84,79.32,+/-11.14,0.0,+/-0.0,25.52,+/-0.84,56.7,43.3,0.0,0.0,0.0,0.0,0.84,11.14,0.0,0.84,7,1.0,8.57,60.0
pltm_besai_kemu_powerhouse,Powerhouse Besai Kemu,2026-08-21,18.08.03.2017,Kemu,independent_site_engineering_point,yes,-4.837533333,104.510075,Asia/Jakarta,Powerhouse Besai Kemu engineering forecast reference for PLTM Besai Kemu. The catchment polygon remains pending.,21:00,7,6.9284,cukup,"BMKG,CMA,ECMWF,GFS,ICON,METEOFRANCE,UKMO",Cerah,86.2,Tinggi,25.34,+/-1.73,83.36,+/-9.29,0.0,+/-0.0,24.74,+/-0.99,56.7,28.9,14.4,0.0,0.0,0.0,1.73,9.29,0.0,0.99,7,1.0,8.57,60.0
pltm_besai_kemu_powerhouse,Powerhouse Besai Kemu,2026-08-21,18.08.03.2017,Kemu,independent_site_engineering_point,yes,-4.837533333,104.510075,Asia/Jakarta,Powerhouse Besai Kemu engineering forecast reference for PLTM Besai Kemu. The catchment polygon remains pending.,22:00,7,7.2379,cukup,"BMKG,CMA,ECMWF,GFS,ICON,METEOFRANCE,UKMO",Cerah,88.1,Tinggi,24.77,+/-1.57,88.88,+/-4.69,0.0,+/-0.0,24.23,+/-0.89,58.6,13.8,27.6,0.0,0.0,0.0,1.57,4.69,0.0,0.89,7,1.0,0.0,0.0
pltm_besai_kemu_powerhouse,Powerhouse Besai Kemu,2026-08-21,18.08.03.2017,Kemu,independent_site_engineering_point,yes,-4.837533333,104.510075,Asia/Jakarta,Powerhouse Besai Kemu engineering forecast reference for PLTM Besai Kemu. The catchment polygon remains pending.,23:00,7,6.9284,cukup,"BMKG,CMA,ECMWF,GFS,ICON,METEOFRANCE,UKMO",Cerah,86.6,Tinggi,24.28,+/-1.63,91.18,+/-4.0,0.0,+/-0.0,23.73,+/-0.96,56.7,28.9,14.4,0.0,0.0,0.0,1.63,4.0,0.0,0.96,7,1.0,8.57,60.0
pltm_besai_kemu_powerhouse,Powerhouse Besai Kemu,2026-08-22,18.08.03.2017,Kemu,independent_site_engineering_point,yes,-4.837533333,104.510075,Asia/Jakarta,Powerhouse Besai Kemu engineering forecast reference for PLTM Besai Kemu. The catchment polygon remains pending.,00:00,7,6.9312,cukup,"BMKG,CMA,ECMWF,GFS,ICON,METEOFRANCE,UKMO",Cerah,90.4,Tinggi,23.75,+/-1.71,91.0,+/-1.1,0.0,+/-0.0,23.16,+/-1.03,71.1,14.4,14.4,0.0,0.0,0.0,1.71,1.1,0.0,1.03,7,1.0,8.57,60.0
pltm_besai_kemu_powerhouse,Powerhouse Besai Kemu,2026-08-22,18.08.03.2017,Kemu,independent_site_engineering_point,yes,-4.837533333,104.510075,Asia/Jakarta,Powerhouse Besai Kemu engineering forecast reference for PLTM Besai Kemu. The catchment polygon remains pending.,01:00,7,7.2416,cukup,"BMKG,CMA,ECMWF,GFS,ICON,METEOFRANCE,UKMO",Cerah,91.7,Tinggi,23.42,+/-1.62,92.76,+/-2.64,0.0,+/-0.0,22.87,+/-0.9,72.4,13.8,13.8,0.0,0.0,0.0,1.62,2.64,0.0,0.9,7,1.0,0.0,0.0
pltm_besai_kemu_powerhouse,Powerhouse Besai Kemu,2026-08-22,18.08.03.2017,Kemu,independent_site_engineering_point,yes,-4.837533333,104.510075,Asia/Jakarta,Powerhouse Besai Kemu engineering forecast reference for PLTM Besai Kemu. The catchment polygon remains pending.,02:00,7,6.9312,cukup,"BMKG,CMA,ECMWF,GFS,ICON,METEOFRANCE,UKMO",Cerah,94.0,Tinggi,23.13,+/-1.65,93.02,+/-2.52,0.0,+/-0.0,23.13,+/-1.65,85.6,14.4,0.0,0.0,0.0,0.0,1.65,2.52,0.0,1.65,7,1.0,8.57,60.0
pltm_besai_kemu_powerhouse,Powerhouse Besai Kemu,2026-08-22,18.08.03.2017,Kemu,independent_site_engineering_point,yes,-4.837533333,104.510075,Asia/Jakarta,Powerhouse Besai Kemu engineering forecast reference for PLTM Besai Kemu. The catchment polygon remains pending.,03:00,7,6.9312,cukup,"BMKG,CMA,ECMWF,GFS,ICON,METEOFRANCE,UKMO",Cerah,93.9,Tinggi,22.64,+/-1.76,93.15,+/-2.42,0.0,+/-0.0,22.64,+/-1.76,85.6,14.4,0.0,0.0,0.0,0.0,1.76,2.42,0.0,1.76,7,1.0,8.57,60.0
pltm_besai_kemu_powerhouse,Powerhouse Besai Kemu,2026-08-22,18.08.03.2017,Kemu,independent_site_engineering_point,yes,-4.837533333,104.510075,Asia/Jakarta,Powerhouse Besai Kemu engineering forecast reference for PLTM Besai Kemu. The catchment polygon remains pending.,04:00,7,7.2416,cukup,"BMKG,CMA,ECMWF,GFS,ICON,METEOFRANCE,UKMO",Cerah,98.6,Tinggi,22.42,+/-1.73,92.6,+/-2.62,0.0,+/-0.0,22.42,+/-1.73,100.0,0.0,0.0,0.0,0.0,0.0,1.73,2.62,0.0,1.73,7,1.0,0.0,0.0
pltm_besai_kemu_powerhouse,Powerhouse Besai Kemu,2026-08-22,18.08.03.2017,Kemu,independent_site_engineering_point,yes,-4.837533333,104.510075,Asia/Jakarta,Powerhouse Besai Kemu engineering forecast reference for PLTM Besai Kemu. The catchment polygon remains pending.,05:00,7,6.9312,cukup,"BMKG,CMA,ECMWF,GFS,ICON,METEOFRANCE,UKMO",Cerah,97.3,Tinggi,22.44,+/-1.66,89.81,+/-6.34,0.0,+/-0.0,22.44,+/-1.66,100.0,0.0,0.0,0.0,0.0,0.0,1.66,6.34,0.0,1.66,7,1.0,8.57,60.0
pltm_besai_kemu_powerhouse,Powerhouse Besai Kemu,2026-08-22,18.08.03.2017,Kemu,independent_site_engineering_point,yes,-4.837533333,104.510075,Asia/Jakarta,Powerhouse Besai Kemu engineering forecast reference for PLTM Besai Kemu. The catchment polygon remains pending.,06:00,7,6.9312,cukup,"BMKG,CMA,ECMWF,GFS,ICON,METEOFRANCE,UKMO",Cerah,93.9,Tinggi,23.08,+/-1.75,87.92,+/-5.94,0.0,+/-0.0,23.08,+/-1.75,86.6,0.0,13.4,0.0,0.0,0.0,1.75,5.94,0.0,1.75,7,1.0,8.57,60.0
pltm_besai_kemu_powerhouse,Powerhouse Besai Kemu,2026-08-22,18.08.03.2017,Kemu,independent_site_engineering_point,yes,-4.837533333,104.510075,Asia/Jakarta,Powerhouse Besai Kemu engineering forecast reference for PLTM Besai Kemu. The catchment polygon remains pending.,07:00,7,7.2416,cukup,"BMKG,CMA,ECMWF,GFS,ICON,METEOFRANCE,UKMO",Cerah,91.2,Tinggi,24.02,+/-1.27,82.47,+/-0.5,0.0,+/-0.0,24.02,+/-1.27,69.0,0.0,31.0,0.0,0.0,0.0,1.27,0.5,0.0,1.27,7,1.0,0.0,0.0
pltm_besai_kemu_powerhouse,Powerhouse Besai Kemu,2026-08-22,18.08.03.2017,Kemu,independent_site_engineering_point,yes,-4.837533333,104.510075,Asia/Jakarta,Powerhouse Besai Kemu engineering forecast reference for PLTM Besai Kemu. The catchment polygon remains pending.,08:00,7,6.9312,cukup,"BMKG,CMA,ECMWF,GFS,ICON,METEOFRANCE,UKMO",Cerah,86.8,Tinggi,25.94,+/-1.27,77.09,+/-7.87,0.0,+/-0.0,26.8,+/-2.27,57.7,28.9,13.4,0.0,0.0,0.0,1.27,7.87,0.0,2.27,7,1.0,8.57,60.0
pltm_besai_kemu_powerhouse,Powerhouse Besai Kemu,2026-08-22,18.08.03.2017,Kemu,independent_site_engineering_point,yes,-4.837533333,104.510075,Asia/Jakarta,Powerhouse Besai Kemu engineering forecast reference for PLTM Besai Kemu. The catchment polygon remains pending.,09:00,7,6.9312,cukup,"BMKG,CMA,ECMWF,GFS,ICON,METEOFRANCE,UKMO",Cerah Berawan,86.7,Tinggi,28.08,+/-1.51,69.17,+/-7.77,0.0,+/-0.0,30.03,+/-2.82,42.3,57.7,0.0,0.0,0.0,0.0,1.51,7.77,0.0,2.82,7,1.0,8.57,60.0
pltm_besai_kemu_powerhouse,Powerhouse Besai Kemu,2026-08-22,18.08.03.2017,Kemu,independent_site_engineering_point,yes,-4.837533333,104.510075,Asia/Jakarta,Powerhouse Besai Kemu engineering forecast reference for PLTM Besai Kemu. The catchment polygon remains pending.,10:00,7,7.2416,cukup,"BMKG,CMA,ECMWF,GFS,ICON,METEOFRANCE,UKMO",Cerah,84.6,Tinggi,29.42,+/-1.32,64.07,+/-7.61,0.0,+/-0.0,32.34,+/-1.54,44.8,41.4,13.8,0.0,0.0,0.0,1.32,7.61,0.0,1.54,7,1.0,0.0,0.0
pltm_besai_kemu_powerhouse,Powerhouse Besai Kemu,2026-08-22,18.08.03.2017,Kemu,independent_site_engineering_point,yes,-4.837533333,104.510075,Asia/Jakarta,Powerhouse Besai Kemu engineering forecast reference for PLTM Besai Kemu. The catchment polygon remains pending.,11:00,7,6.9312,cukup,"BMKG,CMA,ECMWF,GFS,ICON,METEOFRANCE,UKMO",Cerah Berawan,83.0,Tinggi,30.61,+/-1.46,58.93,+/-8.57,0.03,+/-0.05,33.6,+/-1.15,27.9,43.3,0.0,28.9,0.0,0.0,1.46,8.57,0.05,1.15,7,1.0,8.57,60.0
pltm_besai_kemu_powerhouse,Powerhouse Besai Kemu,2026-08-22,18.08.03.2017,Kemu,independent_site_engineering_point,yes,-4.837533333,104.510075,Asia/Jakarta,Powerhouse Besai Kemu engineering forecast reference for PLTM Besai Kemu. The catchment polygon remains pending.,12:00,7,6.9312,cukup,"BMKG,CMA,ECMWF,GFS,ICON,METEOFRANCE,UKMO",Cerah Berawan,82.9,Tinggi,31.9,+/-1.59,53.25,+/-8.9,0.03,+/-0.05,34.81,+/-1.16,27.9,43.3,0.0,28.9,0.0,0.0,1.59,8.9,0.05,1.16,7,1.0,8.57,60.0
pltm_besai_kemu_powerhouse,Powerhouse Besai Kemu,2026-08-22,18.08.03.2017,Kemu,independent_site_engineering_point,yes,-4.837533333,104.510075,Asia/Jakarta,Powerhouse Besai Kemu engineering forecast reference for PLTM Besai Kemu. The catchment polygon remains pending.,13:00,7,7.2416,cukup,"BMKG,CMA,ECMWF,GFS,ICON,METEOFRANCE,UKMO",Cerah,84.3,Tinggi,32.48,+/-1.65,50.79,+/-9.25,0.03,+/-0.05,35.31,+/-1.13,44.8,27.6,0.0,27.6,0.0,0.0,1.65,9.25,0.05,1.13,7,1.0,0.0,0.0
pltm_besai_kemu_powerhouse,Powerhouse Besai Kemu,2026-08-22,18.08.03.2017,Kemu,independent_site_engineering_point,yes,-4.837533333,104.510075,Asia/Jakarta,Powerhouse Besai Kemu engineering forecast reference for PLTM Besai Kemu. The catchment polygon remains pending.,14:00,7,6.9312,cukup,"BMKG,CMA,ECMWF,GFS,ICON,METEOFRANCE,UKMO",Cerah Berawan,82.7,Tinggi,32.85,+/-1.82,48.92,+/-9.78,0.02,+/-0.04,35.04,+/-0.88,42.3,43.3,0.0,14.4,0.0,0.0,1.82,9.78,0.04,0.88,7,1.0,8.57,60.0
pltm_besai_kemu_powerhouse,Powerhouse Besai Kemu,2026-08-22,18.08.03.2017,Kemu,independent_site_engineering_point,yes,-4.837533333,104.510075,Asia/Jakarta,Powerhouse Besai Kemu engineering forecast reference for PLTM Besai Kemu. The catchment polygon remains pending.,15:00,7,6.9312,cukup,"BMKG,CMA,ECMWF,GFS,ICON,METEOFRANCE,UKMO",Cerah Berawan,82.3,Tinggi,32.33,+/-2.27,50.25,+/-12.16,0.02,+/-0.04,34.36,+/-1.07,27.9,43.3,14.4,14.4,0.0,0.0,2.27,12.16,0.04,1.07,7,1.0,8.57,60.0
pltm_besai_kemu_powerhouse,Powerhouse Besai Kemu,2026-08-22,18.08.03.2017,Kemu,independent_site_engineering_point,yes,-4.837533333,104.510075,Asia/Jakarta,Powerhouse Besai Kemu engineering forecast reference for PLTM Besai Kemu. The catchment polygon remains pending.,16:00,7,7.2416,cukup,"BMKG,CMA,ECMWF,GFS,ICON,METEOFRANCE,UKMO",Cerah,80.3,Tinggi,31.51,+/-2.22,53.22,+/-11.93,0.02,+/-0.04,33.72,+/-1.19,31.0,27.6,27.6,13.8,0.0,0.0,2.22,11.93,0.04,1.19,7,1.0,0.0,0.0
pltm_besai_kemu_powerhouse,Powerhouse Besai Kemu,2026-08-22,18.08.03.2017,Kemu,independent_site_engineering_point,yes,-4.837533333,104.510075,Asia/Jakarta,Powerhouse Besai Kemu engineering forecast reference for PLTM Besai Kemu. The catchment polygon remains pending.,17:00,7,6.9312,cukup,"BMKG,CMA,ECMWF,GFS,ICON,METEOFRANCE,UKMO",Cerah Berawan,82.9,Tinggi,29.81,+/-1.23,57.18,+/-11.56,0.02,+/-0.04,32.76,+/-1.18,27.9,43.3,14.4,14.4,0.0,0.0,1.23,11.56,0.04,1.18,7,1.0,8.57,60.0
pltm_besai_kemu_powerhouse,Powerhouse Besai Kemu,2026-08-22,18.08.03.2017,Kemu,independent_site_engineering_point,yes,-4.837533333,104.510075,Asia/Jakarta,Powerhouse Besai Kemu engineering forecast reference for PLTM Besai Kemu. The catchment polygon remains pending.,18:00,7,6.9312,cukup,"BMKG,CMA,ECMWF,GFS,ICON,METEOFRANCE,UKMO",Cerah Berawan,82.1,Tinggi,28.59,+/-2.42,65.52,+/-14.39,0.02,+/-0.04,30.81,+/-2.33,27.9,43.3,14.4,14.4,0.0,0.0,2.42,14.39,0.04,2.33,7,1.0,8.57,60.0
pltm_besai_kemu_powerhouse,Powerhouse Besai Kemu,2026-08-22,18.08.03.2017,Kemu,independent_site_engineering_point,yes,-4.837533333,104.510075,Asia/Jakarta,Powerhouse Besai Kemu engineering forecast reference for PLTM Besai Kemu. The catchment polygon remains pending.,19:00,7,7.2416,cukup,"BMKG,CMA,ECMWF,GFS,ICON,METEOFRANCE,UKMO",Cerah Berawan,82.9,Tinggi,27.25,+/-2.13,72.16,+/-13.5,0.03,+/-0.05,28.25,+/-2.74,31.0,41.4,0.0,27.6,0.0,0.0,2.13,13.5,0.05,2.74,7,1.0,0.0,0.0
pltm_besai_kemu_powerhouse,Powerhouse Besai Kemu,2026-08-22,18.08.03.2017,Kemu,independent_site_engineering_point,yes,-4.837533333,104.510075,Asia/Jakarta,Powerhouse Besai Kemu engineering forecast reference for PLTM Besai Kemu. The catchment polygon remains pending.,20:00,7,6.9312,cukup,"BMKG,CMA,ECMWF,GFS,ICON,METEOFRANCE,UKMO",Cerah Berawan,86.1,Tinggi,26.57,+/-1.85,75.91,+/-12.39,0.02,+/-0.04,26.19,+/-1.38,27.9,57.7,0.0,14.4,0.0,0.0,1.85,12.39,0.04,1.38,7,1.0,8.57,60.0
pltm_besai_kemu_powerhouse,Powerhouse Besai Kemu,2026-08-22,18.08.03.2017,Kemu,independent_site_engineering_point,yes,-4.837533333,104.510075,Asia/Jakarta,Powerhouse Besai Kemu engineering forecast reference for PLTM Besai Kemu. The catchment polygon remains pending.,21:00,7,6.9312,cukup,"BMKG,CMA,ECMWF,GFS,ICON,METEOFRANCE,UKMO",Cerah Berawan,86.9,Tinggi,24.96,+/-0.62,81.21,+/-10.74,0.0,+/-0.0,24.96,+/-0.62,42.3,57.7,0.0,0.0,0.0,0.0,0.62,10.74,0.0,0.62,7,1.0,8.57,60.0
pltm_besai_kemu_powerhouse,Powerhouse Besai Kemu,2026-08-22,18.08.03.2017,Kemu,independent_site_engineering_point,yes,-4.837533333,104.510075,Asia/Jakarta,Powerhouse Besai Kemu engineering forecast reference for PLTM Besai Kemu. The catchment polygon remains pending.,22:00,7,7.2416,cukup,"BMKG,CMA,ECMWF,GFS,ICON,METEOFRANCE,UKMO",Cerah,92.2,Tinggi,24.3,+/-0.24,87.88,+/-5.02,0.0,+/-0.0,24.3,+/-0.24,72.4,13.8,13.8,0.0,0.0,0.0,0.24,5.02,0.0,0.24,7,1.0,0.0,0.0
pltm_besai_kemu_powerhouse,Powerhouse Besai Kemu,2026-08-22,18.08.03.2017,Kemu,independent_site_engineering_point,yes,-4.837533333,104.510075,Asia/Jakarta,Powerhouse Besai Kemu engineering forecast reference for PLTM Besai Kemu. The catchment polygon remains pending.,23:00,7,6.9312,cukup,"BMKG,CMA,ECMWF,GFS,ICON,METEOFRANCE,UKMO",Cerah,90.8,Tinggi,23.66,+/-0.53,90.52,+/-3.79,0.0,+/-0.0,23.66,+/-0.53,71.1,14.4,14.4,0.0,0.0,0.0,0.53,3.79,0.0,0.53,7,1.0,8.57,60.0
pltm_besai_kemu_powerhouse,Powerhouse Besai Kemu,2026-08-23,18.08.03.2017,Kemu,independent_site_engineering_point,yes,-4.837533333,104.510075,Asia/Jakarta,Powerhouse Besai Kemu engineering forecast reference for PLTM Besai Kemu. The catchment polygon remains pending.,00:00,6,6.0,cukup,"CMA,ECMWF,GFS,ICON,METEOFRANCE,UKMO",Cerah,76.8,Sedang,23.58,+/-1.92,92.6,+/-2.42,0.0,+/-0.0,22.84,+/-1.06,50.0,33.3,16.7,0.0,0.0,0.0,1.92,2.42,0.0,1.06,7,0.8571,0.0,0.0
pltm_besai_kemu_powerhouse,Powerhouse Besai Kemu,2026-08-23,18.08.03.2017,Kemu,independent_site_engineering_point,yes,-4.837533333,104.510075,Asia/Jakarta,Powerhouse Besai Kemu engineering forecast reference for PLTM Besai Kemu. The catchment polygon remains pending.,01:00,6,6.0,cukup,"CMA,ECMWF,GFS,ICON,METEOFRANCE,UKMO",Cerah,76.7,Sedang,23.07,+/-2.08,93.0,+/-2.37,0.0,+/-0.0,23.44,+/-2.8,50.0,33.3,16.7,0.0,0.0,0.0,2.08,2.37,0.0,2.8,7,0.8571,0.0,0.0
pltm_besai_kemu_powerhouse,Powerhouse Besai Kemu,2026-08-23,18.08.03.2017,Kemu,independent_site_engineering_point,yes,-4.837533333,104.510075,Asia/Jakarta,Powerhouse Besai Kemu engineering forecast reference for PLTM Besai Kemu. The catchment polygon remains pending.,02:00,6,6.0,cukup,"CMA,ECMWF,GFS,ICON,METEOFRANCE,UKMO",Cerah,76.6,Sedang,22.62,+/-2.19,92.6,+/-2.24,0.0,+/-0.0,22.62,+/-2.19,50.0,33.3,16.7,0.0,0.0,0.0,2.19,2.24,0.0,2.19,7,0.8571,0.0,0.0
pltm_besai_kemu_powerhouse,Powerhouse Besai Kemu,2026-08-23,18.08.03.2017,Kemu,independent_site_engineering_point,yes,-4.837533333,104.510075,Asia/Jakarta,Powerhouse Besai Kemu engineering forecast reference for PLTM Besai Kemu. The catchment polygon remains pending.,03:00,6,6.0,cukup,"CMA,ECMWF,GFS,ICON,METEOFRANCE,UKMO",Cerah,80.8,Tinggi,22.33,+/-2.28,92.0,+/-2.37,0.0,+/-0.0,22.33,+/-2.28,66.7,33.3,0.0,0.0,0.0,0.0,2.28,2.37,0.0,2.28,7,0.8571,0.0,0.0
pltm_besai_kemu_powerhouse,Powerhouse Besai Kemu,2026-08-23,18.08.03.2017,Kemu,independent_site_engineering_point,yes,-4.837533333,104.510075,Asia/Jakarta,Powerhouse Besai Kemu engineering forecast reference for PLTM Besai Kemu. The catchment polygon remains pending.,04:00,6,6.0,cukup,"CMA,ECMWF,GFS,ICON,METEOFRANCE,UKMO",Cerah,80.7,Tinggi,22.08,+/-2.35,91.6,+/-2.33,0.0,+/-0.0,22.08,+/-2.35,66.7,33.3,0.0,0.0,0.0,0.0,2.35,2.33,0.0,2.35,7,0.8571,0.0,0.0
pltm_besai_kemu_powerhouse,Powerhouse Besai Kemu,2026-08-23,18.08.03.2017,Kemu,independent_site_engineering_point,yes,-4.837533333,104.510075,Asia/Jakarta,Powerhouse Besai Kemu engineering forecast reference for PLTM Besai Kemu. The catchment polygon remains pending.,05:00,6,6.0,cukup,"CMA,ECMWF,GFS,ICON,METEOFRANCE,UKMO",Cerah,76.7,Sedang,22.84,+/-1.47,89.83,+/-4.95,0.07,+/-0.15,22.84,+/-1.47,50.0,16.7,16.7,16.7,0.0,0.0,1.47,4.95,0.15,1.47,7,0.8571,0.0,0.0
pltm_besai_kemu_powerhouse,Powerhouse Besai Kemu,2026-08-23,18.08.03.2017,Kemu,independent_site_engineering_point,yes,-4.837533333,104.510075,Asia/Jakarta,Powerhouse Besai Kemu engineering forecast reference for PLTM Besai Kemu. The catchment polygon remains pending.,06:00,6,6.0,cukup,"CMA,ECMWF,GFS,ICON,METEOFRANCE,UKMO",Cerah,76.8,Sedang,22.92,+/-1.23,89.67,+/-5.12,0.07,+/-0.15,22.92,+/-1.23,50.0,16.7,16.7,16.7,0.0,0.0,1.23,5.12,0.15,1.23,7,0.8571,0.0,0.0
pltm_besai_kemu_powerhouse,Powerhouse Besai Kemu,2026-08-23,18.08.03.2017,Kemu,independent_site_engineering_point,yes,-4.837533333,104.510075,Asia/Jakarta,Powerhouse Besai Kemu engineering forecast reference for PLTM Besai Kemu. The catchment polygon remains pending.,07:00,6,6.0,cukup,"CMA,ECMWF,GFS,ICON,METEOFRANCE,UKMO",Berawan,72.2,Sedang,23.08,+/-1.81,85.5,+/-6.4,0.07,+/-0.15,23.08,+/-1.81,33.3,16.7,33.3,16.7,0.0,0.0,1.81,6.4,0.15,1.81,7,0.8571,0.0,0.0
pltm_besai_kemu_powerhouse,Powerhouse Besai Kemu,2026-08-23,18.08.03.2017,Kemu,independent_site_engineering_point,yes,-4.837533333,104.510075,Asia/Jakarta,Powerhouse Besai Kemu engineering forecast reference for PLTM Besai Kemu. The catchment polygon remains pending.,08:00,6,6.0,cukup,"CMA,ECMWF,GFS,ICON,METEOFRANCE,UKMO",Cerah,84.8,Tinggi,25.13,+/-1.61,77.33,+/-8.94,0.0,+/-0.0,25.83,+/-2.56,83.3,0.0,16.7,0.0,0.0,0.0,1.61,8.94,0.0,2.56,7,0.8571,0.0,0.0
pltm_besai_kemu_powerhouse,Powerhouse Besai Kemu,2026-08-23,18.08.03.2017,Kemu,independent_site_engineering_point,yes,-4.837533333,104.510075,Asia/Jakarta,Powerhouse Besai Kemu engineering forecast reference for PLTM Besai Kemu. The catchment polygon remains pending.,09:00,6,6.0,cukup,"CMA,ECMWF,GFS,ICON,METEOFRANCE,UKMO",Cerah,80.6,Tinggi,27.42,+/-1.38,68.5,+/-10.94,0.0,+/-0.0,28.32,+/-2.5,66.7,33.3,0.0,0.0,0.0,0.0,1.38,10.94,0.0,2.5,7,0.8571,0.0,0.0
pltm_besai_kemu_powerhouse,Powerhouse Besai Kemu,2026-08-23,18.08.03.2017,Kemu,independent_site_engineering_point,yes,-4.837533333,104.510075,Asia/Jakarta,Powerhouse Besai Kemu engineering forecast reference for PLTM Besai Kemu. The catchment polygon remains pending.,10:00,6,6.0,cukup,"CMA,ECMWF,GFS,ICON,METEOFRANCE,UKMO",Cerah Berawan,76.2,Sedang,29.27,+/-1.49,61.33,+/-11.93,0.02,+/-0.04,31.44,+/-1.23,33.3,50.0,0.0,16.7,0.0,0.0,1.49,11.93,0.04,1.23,7,0.8571,0.0,0.0
pltm_besai_kemu_powerhouse,Powerhouse Besai Kemu,2026-08-23,18.08.03.2017,Kemu,independent_site_engineering_point,yes,-4.837533333,104.510075,Asia/Jakarta,Powerhouse Besai Kemu engineering forecast reference for PLTM Besai Kemu. The catchment polygon remains pending.,11:00,6,6.0,cukup,"CMA,ECMWF,GFS,ICON,METEOFRANCE,UKMO",Cerah Berawan,76.2,Sedang,30.63,+/-1.5,55.5,+/-11.15,0.1,+/-0.18,32.81,+/-0.76,16.7,50.0,0.0,33.3,0.0,0.0,1.5,11.15,0.18,0.76,7,0.8571,0.0,0.0
pltm_besai_kemu_powerhouse,Powerhouse Besai Kemu,2026-08-23,18.08.03.2017,Kemu,independent_site_engineering_point,yes,-4.837533333,104.510075,Asia/Jakarta,Powerhouse Besai Kemu engineering forecast reference for PLTM Besai Kemu. The catchment polygon remains pending.,12:00,6,6.0,cukup,"CMA,ECMWF,GFS,ICON,METEOFRANCE,UKMO",Cerah,72.1,Sedang,31.9,+/-1.53,49.83,+/-10.17,0.1,+/-0.18,33.73,+/-0.88,33.3,33.3,0.0,33.3,0.0,0.0,1.53,10.17,0.18,0.88,7,0.8571,0.0,0.0
pltm_besai_kemu_powerhouse,Powerhouse Besai Kemu,2026-08-23,18.08.03.2017,Kemu,independent_site_engineering_point,yes,-4.837533333,104.510075,Asia/Jakarta,Powerhouse Besai Kemu engineering forecast reference for PLTM Besai Kemu. The catchment polygon remains pending.,13:00,6,6.0,cukup,"CMA,ECMWF,GFS,ICON,METEOFRANCE,UKMO",Cerah,72.7,Sedang,32.95,+/-1.66,38.5,+/-2.18,0.05,+/-0.08,34.42,+/-1.26,33.3,33.3,0.0,33.3,0.0,0.0,1.66,2.18,0.08,1.26,7,0.8571,0.0,0.0
pltm_besai_kemu_powerhouse,Powerhouse Besai Kemu,2026-08-23,18.08.03.2017,Kemu,independent_site_engineering_point,yes,-4.837533333,104.510075,Asia/Jakarta,Powerhouse Besai Kemu engineering forecast reference for PLTM Besai Kemu. The catchment polygon remains pending.,14:00,6,6.0,cukup,"CMA,ECMWF,GFS,ICON,METEOFRANCE,UKMO",Cerah Berawan,81.1,Tinggi,33.35,+/-1.67,36.5,+/-2.18,0.0,+/-0.0,34.36,+/-0.79,16.7,66.7,16.7,0.0,0.0,0.0,1.67,2.18,0.0,0.79,7,0.8571,0.0,0.0
pltm_besai_kemu_powerhouse,Powerhouse Besai Kemu,2026-08-23,18.08.03.2017,Kemu,independent_site_engineering_point,yes,-4.837533333,104.510075,Asia/Jakarta,Powerhouse Besai Kemu engineering forecast reference for PLTM Besai Kemu. The catchment polygon remains pending.,15:00,6,6.0,cukup,"CMA,ECMWF,GFS,ICON,METEOFRANCE,UKMO",Cerah Berawan,76.4,Sedang,33.28,+/-1.75,42.33,+/-8.34,0.0,+/-0.0,34.27,+/-1.01,33.3,50.0,16.7,0.0,0.0,0.0,1.75,8.34,0.0,1.01,7,0.8571,0.0,0.0
pltm_besai_kemu_powerhouse,Powerhouse Besai Kemu,2026-08-23,18.08.03.2017,Kemu,independent_site_engineering_point,yes,-4.837533333,104.510075,Asia/Jakarta,Powerhouse Besai Kemu engineering forecast reference for PLTM Besai Kemu. The catchment polygon remains pending.,16:00,6,6.0,cukup,"CMA,ECMWF,GFS,ICON,METEOFRANCE,UKMO",Cerah Berawan,76.7,Sedang,31.96,+/-1.14,44.83,+/-8.39,0.0,+/-0.0,33.48,+/-0.42,33.3,50.0,16.7,0.0,0.0,0.0,1.14,8.39,0.0,0.42,7,0.8571,0.0,0.0
pltm_besai_kemu_powerhouse,Powerhouse Besai Kemu,2026-08-23,18.08.03.2017,Kemu,independent_site_engineering_point,yes,-4.837533333,104.510075,Asia/Jakarta,Powerhouse Besai Kemu engineering forecast reference for PLTM Besai Kemu. The catchment polygon remains pending.,17:00,6,6.0,cukup,"CMA,ECMWF,GFS,ICON,METEOFRANCE,UKMO",Cerah Berawan,76.2,Sedang,31.43,+/-1.98,49.83,+/-9.96,0.0,+/-0.0,32.98,+/-1.09,33.3,50.0,16.7,0.0,0.0,0.0,1.98,9.96,0.0,1.09,7,0.8571,0.0,0.0
pltm_besai_kemu_powerhouse,Powerhouse Besai Kemu,2026-08-23,18.08.03.2017,Kemu,independent_site_engineering_point,yes,-4.837533333,104.510075,Asia/Jakarta,Powerhouse Besai Kemu engineering forecast reference for PLTM Besai Kemu. The catchment polygon remains pending.,18:00,6,6.0,cukup,"CMA,ECMWF,GFS,ICON,METEOFRANCE,UKMO",Cerah Berawan,80.4,Tinggi,29.95,+/-1.84,55.0,+/-10.69,0.0,+/-0.0,31.0,+/-0.5,16.7,66.7,16.7,0.0,0.0,0.0,1.84,10.69,0.0,0.5,7,0.8571,0.0,0.0
pltm_besai_kemu_powerhouse,Powerhouse Besai Kemu,2026-08-23,18.08.03.2017,Kemu,independent_site_engineering_point,yes,-4.837533333,104.510075,Asia/Jakarta,Powerhouse Besai Kemu engineering forecast reference for PLTM Besai Kemu. The catchment polygon remains pending.,19:00,6,6.0,cukup,"CMA,ECMWF,GFS,ICON,METEOFRANCE,UKMO",Cerah Berawan,80.4,Tinggi,28.67,+/-1.64,60.5,+/-10.78,0.0,+/-0.0,30.04,+/-0.35,16.7,66.7,16.7,0.0,0.0,0.0,1.64,10.78,0.0,0.35,7,0.8571,0.0,0.0
pltm_besai_kemu_powerhouse,Powerhouse Besai Kemu,2026-08-23,18.08.03.2017,Kemu,independent_site_engineering_point,yes,-4.837533333,104.510075,Asia/Jakarta,Powerhouse Besai Kemu engineering forecast reference for PLTM Besai Kemu. The catchment polygon remains pending.,20:00,6,6.0,cukup,"CMA,ECMWF,GFS,ICON,METEOFRANCE,UKMO",Cerah Berawan,80.4,Tinggi,27.37,+/-1.67,67.5,+/-10.7,0.0,+/-0.0,28.47,+/-2.33,33.3,66.7,0.0,0.0,0.0,0.0,1.67,10.7,0.0,2.33,7,0.8571,0.0,0.0
pltm_besai_kemu_powerhouse,Powerhouse Besai Kemu,2026-08-23,18.08.03.2017,Kemu,independent_site_engineering_point,yes,-4.837533333,104.510075,Asia/Jakarta,Powerhouse Besai Kemu engineering forecast reference for PLTM Besai Kemu. The catchment polygon remains pending.,21:00,6,6.0,cukup,"CMA,ECMWF,GFS,ICON,METEOFRANCE,UKMO",Cerah,76.4,Sedang,26.28,+/-1.58,74.33,+/-9.64,0.0,+/-0.0,25.66,+/-0.82,50.0,50.0,0.0,0.0,0.0,0.0,1.58,9.64,0.0,0.82,7,0.8571,0.0,0.0
pltm_besai_kemu_powerhouse,Powerhouse Besai Kemu,2026-08-23,18.08.03.2017,Kemu,independent_site_engineering_point,yes,-4.837533333,104.510075,Asia/Jakarta,Powerhouse Besai Kemu engineering forecast reference for PLTM Besai Kemu. The catchment polygon remains pending.,22:00,6,6.0,cukup,"CMA,ECMWF,GFS,ICON,METEOFRANCE,UKMO",Cerah,76.4,Sedang,25.28,+/-1.58,79.83,+/-9.08,0.0,+/-0.0,24.64,+/-0.71,50.0,50.0,0.0,0.0,0.0,0.0,1.58,9.08,0.0,0.71,7,0.8571,0.0,0.0
pltm_besai_kemu_powerhouse,Powerhouse Besai Kemu,2026-08-23,18.08.03.2017,Kemu,independent_site_engineering_point,yes,-4.837533333,104.510075,Asia/Jakarta,Powerhouse Besai Kemu engineering forecast reference for PLTM Besai Kemu. The catchment polygon remains pending.,23:00,6,6.0,cukup,"CMA,ECMWF,GFS,ICON,METEOFRANCE,UKMO",Cerah Berawan,86.1,Tinggi,23.55,+/-0.15,84.75,+/-1.48,0.0,+/-0.0,23.55,+/-0.15,16.7,83.3,0.0,0.0,0.0,0.0,0.15,1.48,0.0,0.15,7,0.8571,0.0,0.0
pltm_besai_kemu_sumberjaya,Stasiun Hujan Sumberjaya,2026-08-20,18.08.03.2017,Kemu,independent_site_engineering_point,yes,-5.009188889,104.483483333,Asia/Jakarta,Stasiun Hujan Sumberjaya engineering forecast reference for PLTM Besai Kemu. The catchment polygon remains pending.,00:00,6,6.0,cukup,"CMA,ECMWF,GFS,ICON,METEOFRANCE,UKMO",Berawan,81.5,Tinggi,20.56,+/-0.43,95.83,+/-2.79,0.1,+/-0.22,20.56,+/-0.43,0.0,16.7,66.7,16.7,0.0,0.0,0.43,2.79,0.22,0.43,7,0.8571,0.0,0.0
pltm_besai_kemu_sumberjaya,Stasiun Hujan Sumberjaya,2026-08-20,18.08.03.2017,Kemu,independent_site_engineering_point,yes,-5.009188889,104.483483333,Asia/Jakarta,Stasiun Hujan Sumberjaya engineering forecast reference for PLTM Besai Kemu. The catchment polygon remains pending.,01:00,6,6.0,cukup,"CMA,ECMWF,GFS,ICON,METEOFRANCE,UKMO",Berawan,81.1,Tinggi,20.98,+/-1.22,96.0,+/-2.16,0.1,+/-0.22,20.98,+/-1.22,0.0,16.7,66.7,16.7,0.0,0.0,1.22,2.16,0.22,1.22,7,0.8571,0.0,0.0
pltm_besai_kemu_sumberjaya,Stasiun Hujan Sumberjaya,2026-08-20,18.08.03.2017,Kemu,independent_site_engineering_point,yes,-5.009188889,104.483483333,Asia/Jakarta,Stasiun Hujan Sumberjaya engineering forecast reference for PLTM Besai Kemu. The catchment polygon remains pending.,02:00,6,6.0,cukup,"CMA,ECMWF,GFS,ICON,METEOFRANCE,UKMO",Berawan,80.9,Tinggi,20.92,+/-1.13,95.67,+/-2.49,0.23,+/-0.52,20.92,+/-1.13,0.0,16.7,66.7,16.7,0.0,0.0,1.13,2.49,0.52,1.13,7,0.8571,0.0,0.0
pltm_besai_kemu_sumberjaya,Stasiun Hujan Sumberjaya,2026-08-20,18.08.03.2017,Kemu,independent_site_engineering_point,yes,-5.009188889,104.483483333,Asia/Jakarta,Stasiun Hujan Sumberjaya engineering forecast reference for PLTM Besai Kemu. The catchment polygon remains pending.,03:00,6,6.0,cukup,"CMA,ECMWF,GFS,ICON,METEOFRANCE,UKMO",Berawan,80.9,Tinggi,20.73,+/-1.18,96.33,+/-2.43,0.23,+/-0.52,20.73,+/-1.18,0.0,16.7,66.7,16.7,0.0,0.0,1.18,2.43,0.52,1.18,7,0.8571,0.0,0.0
pltm_besai_kemu_sumberjaya,Stasiun Hujan Sumberjaya,2026-08-20,18.08.03.2017,Kemu,independent_site_engineering_point,yes,-5.009188889,104.483483333,Asia/Jakarta,Stasiun Hujan Sumberjaya engineering forecast reference for PLTM Besai Kemu. The catchment polygon remains pending.,04:00,7,6.6868,cukup,"BMKG,CMA,ECMWF,GFS,ICON,METEOFRANCE,UKMO",Berawan,88.8,Tinggi,20.98,+/-1.78,97.0,+/-2.58,0.23,+/-0.52,20.98,+/-1.78,0.0,15.0,70.1,15.0,0.0,0.0,1.78,2.58,0.52,1.78,7,1.0,25.71,180.0
pltm_besai_kemu_sumberjaya,Stasiun Hujan Sumberjaya,2026-08-20,18.08.03.2017,Kemu,independent_site_engineering_point,yes,-5.009188889,104.483483333,Asia/Jakarta,Stasiun Hujan Sumberjaya engineering forecast reference for PLTM Besai Kemu. The catchment polygon remains pending.,05:00,7,6.6868,cukup,"BMKG,CMA,ECMWF,GFS,ICON,METEOFRANCE,UKMO",Berawan,89.1,Tinggi,20.77,+/-1.85,96.67,+/-2.69,0.0,+/-0.0,20.77,+/-1.85,0.0,29.9,70.1,0.0,0.0,0.0,1.85,2.69,0.0,1.85,7,1.0,17.14,120.0
pltm_besai_kemu_sumberjaya,Stasiun Hujan Sumberjaya,2026-08-20,18.08.03.2017,Kemu,independent_site_engineering_point,yes,-5.009188889,104.483483333,Asia/Jakarta,Stasiun Hujan Sumberjaya engineering forecast reference for PLTM Besai Kemu. The catchment polygon remains pending.,06:00,7,6.9366,cukup,"BMKG,CMA,ECMWF,GFS,ICON,METEOFRANCE,UKMO",Berawan,93.8,Tinggi,20.76,+/-2.01,96.83,+/-2.54,0.0,+/-0.0,20.76,+/-2.01,0.0,14.4,85.6,0.0,0.0,0.0,2.01,2.54,0.0,2.01,7,1.0,8.57,60.0
pltm_besai_kemu_sumberjaya,Stasiun Hujan Sumberjaya,2026-08-20,18.08.03.2017,Kemu,independent_site_engineering_point,yes,-5.009188889,104.483483333,Asia/Jakarta,Stasiun Hujan Sumberjaya engineering forecast reference for PLTM Besai Kemu. The catchment polygon remains pending.,07:00,7,7.2488,cukup,"BMKG,CMA,ECMWF,GFS,ICON,METEOFRANCE,UKMO",Berawan,92.2,Tinggi,20.68,+/-0.08,91.42,+/-6.65,0.0,+/-0.0,20.68,+/-0.08,13.8,13.8,72.4,0.0,0.0,0.0,0.08,6.65,0.0,0.08,7,1.0,0.0,0.0
pltm_besai_kemu_sumberjaya,Stasiun Hujan Sumberjaya,2026-08-20,18.08.03.2017,Kemu,independent_site_engineering_point,yes,-5.009188889,104.483483333,Asia/Jakarta,Stasiun Hujan Sumberjaya engineering forecast reference for PLTM Besai Kemu. The catchment polygon remains pending.,08:00,7,6.9366,cukup,"BMKG,CMA,ECMWF,GFS,ICON,METEOFRANCE,UKMO",Berawan,83.2,Tinggi,23.08,+/-0.94,83.9,+/-5.9,0.02,+/-0.04,23.08,+/-0.94,14.4,28.8,42.3,14.4,0.0,0.0,0.94,5.9,0.04,0.94,7,1.0,8.57,60.0
pltm_besai_kemu_sumberjaya,Stasiun Hujan Sumberjaya,2026-08-20,18.08.03.2017,Kemu,independent_site_engineering_point,yes,-5.009188889,104.483483333,Asia/Jakarta,Stasiun Hujan Sumberjaya engineering forecast reference for PLTM Besai Kemu. The catchment polygon remains pending.,09:00,7,6.9366,cukup,"BMKG,CMA,ECMWF,GFS,ICON,METEOFRANCE,UKMO",Cerah Berawan,86.9,Tinggi,24.7,+/-0.94,73.1,+/-8.53,0.02,+/-0.04,24.7,+/-0.94,0.0,57.7,27.9,14.4,0.0,0.0,0.94,8.53,0.04,0.94,7,1.0,8.57,60.0
pltm_besai_kemu_sumberjaya,Stasiun Hujan Sumberjaya,2026-08-20,18.08.03.2017,Kemu,independent_site_engineering_point,yes,-5.009188889,104.483483333,Asia/Jakarta,Stasiun Hujan Sumberjaya engineering forecast reference for PLTM Besai Kemu. The catchment polygon remains pending.,10:00,7,7.2488,cukup,"BMKG,CMA,ECMWF,GFS,ICON,METEOFRANCE,UKMO",Berawan,84.6,Tinggi,26.99,+/-1.86,70.19,+/-4.63,0.02,+/-0.04,26.64,+/-1.76,0.0,41.4,44.8,13.8,0.0,0.0,1.86,4.63,0.04,1.76,7,1.0,0.0,0.0
pltm_besai_kemu_sumberjaya,Stasiun Hujan Sumberjaya,2026-08-20,18.08.03.2017,Kemu,independent_site_engineering_point,yes,-5.009188889,104.483483333,Asia/Jakarta,Stasiun Hujan Sumberjaya engineering forecast reference for PLTM Besai Kemu. The catchment polygon remains pending.,11:00,7,6.9366,cukup,"BMKG,CMA,ECMWF,GFS,ICON,METEOFRANCE,UKMO",Berawan,86.0,Tinggi,27.79,+/-1.86,61.86,+/-9.83,0.1,+/-0.18,28.67,+/-2.67,0.0,14.4,56.8,28.8,0.0,0.0,1.86,9.83,0.18,2.67,7,1.0,8.57,60.0
pltm_besai_kemu_sumberjaya,Stasiun Hujan Sumberjaya,2026-08-20,18.08.03.2017,Kemu,independent_site_engineering_point,yes,-5.009188889,104.483483333,Asia/Jakarta,Stasiun Hujan Sumberjaya engineering forecast reference for PLTM Besai Kemu. The catchment polygon remains pending.,12:00,7,6.9366,cukup,"BMKG,CMA,ECMWF,GFS,ICON,METEOFRANCE,UKMO",Berawan,82.2,Tinggi,28.6,+/-2.4,59.56,+/-12.11,0.1,+/-0.18,29.85,+/-3.73,14.4,13.5,43.2,28.8,0.0,0.0,2.4,12.11,0.18,3.73,7,1.0,8.57,60.0
pltm_besai_kemu_sumberjaya,Stasiun Hujan Sumberjaya,2026-08-20,18.08.03.2017,Kemu,independent_site_engineering_point,yes,-5.009188889,104.483483333,Asia/Jakarta,Stasiun Hujan Sumberjaya engineering forecast reference for PLTM Besai Kemu. The catchment polygon remains pending.,13:00,7,7.2488,cukup,"BMKG,CMA,ECMWF,GFS,ICON,METEOFRANCE,UKMO",Cerah Berawan,83.9,Tinggi,29.21,+/-2.3,53.64,+/-8.56,0.08,+/-0.19,30.79,+/-3.63,13.8,44.8,27.6,13.8,0.0,0.0,2.3,8.56,0.19,3.63,7,1.0,0.0,0.0
pltm_besai_kemu_sumberjaya,Stasiun Hujan Sumberjaya,2026-08-20,18.08.03.2017,Kemu,independent_site_engineering_point,yes,-5.009188889,104.483483333,Asia/Jakarta,Stasiun Hujan Sumberjaya engineering forecast reference for PLTM Besai Kemu. The catchment polygon remains pending.,14:00,7,6.9366,cukup,"BMKG,CMA,ECMWF,GFS,ICON,METEOFRANCE,UKMO",Hujan Ringan,82.5,Tinggi,29.06,+/-2.1,57.11,+/-11.53,0.05,+/-0.05,30.46,+/-3.3,0.0,42.3,14.4,43.2,0.0,0.0,2.1,11.53,0.05,3.3,7,1.0,8.57,60.0
pltm_besai_kemu_sumberjaya,Stasiun Hujan Sumberjaya,2026-08-20,18.08.03.2017,Kemu,independent_site_engineering_point,yes,-5.009188889,104.483483333,Asia/Jakarta,Stasiun Hujan Sumberjaya engineering forecast reference for PLTM Besai Kemu. The catchment polygon remains pending.,15:00,7,6.9366,cukup,"BMKG,CMA,ECMWF,GFS,ICON,METEOFRANCE,UKMO",Hujan Ringan,79.0,Sedang,27.84,+/-1.72,60.64,+/-12.16,0.03,+/-0.05,28.89,+/-1.95,27.9,14.4,28.8,28.8,0.0,0.0,1.72,12.16,0.05,1.95,7,1.0,8.57,60.0
pltm_besai_kemu_sumberjaya,Stasiun Hujan Sumberjaya,2026-08-20,18.08.03.2017,Kemu,independent_site_engineering_point,yes,-5.009188889,104.483483333,Asia/Jakarta,Stasiun Hujan Sumberjaya engineering forecast reference for PLTM Besai Kemu. The catchment polygon remains pending.,16:00,7,7.2488,cukup,"BMKG,CMA,ECMWF,GFS,ICON,METEOFRANCE,UKMO",Cerah,80.4,Tinggi,27.41,+/-1.95,63.34,+/-13.38,0.03,+/-0.05,28.44,+/-2.41,31.0,27.6,13.8,27.6,0.0,0.0,1.95,13.38,0.05,2.41,7,1.0,0.0,0.0
pltm_besai_kemu_sumberjaya,Stasiun Hujan Sumberjaya,2026-08-20,18.08.03.2017,Kemu,independent_site_engineering_point,yes,-5.009188889,104.483483333,Asia/Jakarta,Stasiun Hujan Sumberjaya engineering forecast reference for PLTM Besai Kemu. The catchment polygon remains pending.,17:00,7,6.9366,cukup,"BMKG,CMA,ECMWF,GFS,ICON,METEOFRANCE,UKMO",Cerah,80.8,Tinggi,25.91,+/-2.77,71.16,+/-16.24,0.55,+/-1.06,26.48,+/-3.36,42.3,28.8,0.0,14.4,14.4,0.0,2.77,16.24,1.06,3.36,7,1.0,8.57,60.0
pltm_besai_kemu_sumberjaya,Stasiun Hujan Sumberjaya,2026-08-20,18.08.03.2017,Kemu,independent_site_engineering_point,yes,-5.009188889,104.483483333,Asia/Jakarta,Stasiun Hujan Sumberjaya engineering forecast reference for PLTM Besai Kemu. The catchment polygon remains pending.,18:00,7,6.9366,cukup,"BMKG,CMA,ECMWF,GFS,ICON,METEOFRANCE,UKMO",Cerah,80.9,Tinggi,24.04,+/-2.25,79.78,+/-14.93,0.7,+/-1.39,24.34,+/-2.72,42.3,14.4,14.4,14.4,14.4,0.0,2.25,14.93,1.39,2.72,7,1.0,8.57,60.0
pltm_besai_kemu_sumberjaya,Stasiun Hujan Sumberjaya,2026-08-20,18.08.03.2017,Kemu,independent_site_engineering_point,yes,-5.009188889,104.483483333,Asia/Jakarta,Stasiun Hujan Sumberjaya engineering forecast reference for PLTM Besai Kemu. The catchment polygon remains pending.,19:00,7,7.2488,cukup,"BMKG,CMA,ECMWF,GFS,ICON,METEOFRANCE,UKMO",Cerah,84.2,Tinggi,22.85,+/-1.96,92.95,+/-3.52,0.33,+/-0.58,22.85,+/-1.96,44.8,13.8,13.8,27.6,0.0,0.0,1.96,3.52,0.58,1.96,7,1.0,0.0,0.0
pltm_besai_kemu_sumberjaya,Stasiun Hujan Sumberjaya,2026-08-20,18.08.03.2017,Kemu,independent_site_engineering_point,yes,-5.009188889,104.483483333,Asia/Jakarta,Stasiun Hujan Sumberjaya engineering forecast reference for PLTM Besai Kemu. The catchment polygon remains pending.,20:00,7,6.9366,cukup,"BMKG,CMA,ECMWF,GFS,ICON,METEOFRANCE,UKMO",Berawan,79.2,Sedang,22.21,+/-1.87,89.73,+/-8.48,0.02,+/-0.04,22.21,+/-1.87,27.9,28.8,28.8,14.4,0.0,0.0,1.87,8.48,0.04,1.87,7,1.0,8.57,60.0
pltm_besai_kemu_sumberjaya,Stasiun Hujan Sumberjaya,2026-08-20,18.08.03.2017,Kemu,independent_site_engineering_point,yes,-5.009188889,104.483483333,Asia/Jakarta,Stasiun Hujan Sumberjaya engineering forecast reference for PLTM Besai Kemu. The catchment polygon remains pending.,21:00,7,6.9366,cukup,"BMKG,CMA,ECMWF,GFS,ICON,METEOFRANCE,UKMO",Berawan,83.2,Tinggi,21.9,+/-1.45,91.98,+/-6.7,0.0,+/-0.0,21.9,+/-1.45,27.9,28.8,43.2,0.0,0.0,0.0,1.45,6.7,0.0,1.45,7,1.0,8.57,60.0
pltm_besai_kemu_sumberjaya,Stasiun Hujan Sumberjaya,2026-08-20,18.08.03.2017,Kemu,independent_site_engineering_point,yes,-5.009188889,104.483483333,Asia/Jakarta,Stasiun Hujan Sumberjaya engineering forecast reference for PLTM Besai Kemu. The catchment polygon remains pending.,22:00,7,7.2488,cukup,"BMKG,CMA,ECMWF,GFS,ICON,METEOFRANCE,UKMO",Berawan,83.9,Tinggi,21.55,+/-1.5,93.45,+/-5.25,0.0,+/-0.0,21.55,+/-1.5,31.0,27.6,41.4,0.0,0.0,0.0,1.5,5.25,0.0,1.5,7,1.0,0.0,0.0
pltm_besai_kemu_sumberjaya,Stasiun Hujan Sumberjaya,2026-08-20,18.08.03.2017,Kemu,independent_site_engineering_point,yes,-5.009188889,104.483483333,Asia/Jakarta,Stasiun Hujan Sumberjaya engineering forecast reference for PLTM Besai Kemu. The catchment polygon remains pending.,23:00,7,6.9366,cukup,"BMKG,CMA,ECMWF,GFS,ICON,METEOFRANCE,UKMO",Cerah,86.7,Tinggi,21.17,+/-1.44,94.58,+/-4.39,0.0,+/-0.0,21.17,+/-1.44,56.8,14.4,28.8,0.0,0.0,0.0,1.44,4.39,0.0,1.44,7,1.0,8.57,60.0
pltm_besai_kemu_sumberjaya,Stasiun Hujan Sumberjaya,2026-08-21,18.08.03.2017,Kemu,independent_site_engineering_point,yes,-5.009188889,104.483483333,Asia/Jakarta,Stasiun Hujan Sumberjaya engineering forecast reference for PLTM Besai Kemu. The catchment polygon remains pending.,00:00,7,6.9284,cukup,"BMKG,CMA,ECMWF,GFS,ICON,METEOFRANCE,UKMO",Cerah Berawan,83.5,Tinggi,20.73,+/-1.31,94.86,+/-3.2,0.0,+/-0.0,20.73,+/-1.31,28.9,43.3,27.8,0.0,0.0,0.0,1.31,3.2,0.0,1.31,7,1.0,8.57,60.0
pltm_besai_kemu_sumberjaya,Stasiun Hujan Sumberjaya,2026-08-21,18.08.03.2017,Kemu,independent_site_engineering_point,yes,-5.009188889,104.483483333,Asia/Jakarta,Stasiun Hujan Sumberjaya engineering forecast reference for PLTM Besai Kemu. The catchment polygon remains pending.,01:00,7,7.2379,cukup,"BMKG,CMA,ECMWF,GFS,ICON,METEOFRANCE,UKMO",Cerah,84.0,Tinggi,20.34,+/-1.48,95.55,+/-2.52,0.03,+/-0.07,20.34,+/-1.48,41.4,27.6,17.1,13.8,0.0,0.0,1.48,2.52,0.07,1.48,7,1.0,0.0,0.0
pltm_besai_kemu_sumberjaya,Stasiun Hujan Sumberjaya,2026-08-21,18.08.03.2017,Kemu,independent_site_engineering_point,yes,-5.009188889,104.483483333,Asia/Jakarta,Stasiun Hujan Sumberjaya engineering forecast reference for PLTM Besai Kemu. The catchment polygon remains pending.,02:00,7,6.9284,cukup,"BMKG,CMA,ECMWF,GFS,ICON,METEOFRANCE,UKMO",Cerah,83.3,Tinggi,19.83,+/-1.64,96.15,+/-3.06,0.0,+/-0.0,19.83,+/-1.64,43.3,14.4,42.3,0.0,0.0,0.0,1.64,3.06,0.0,1.64,7,1.0,8.57,60.0
pltm_besai_kemu_sumberjaya,Stasiun Hujan Sumberjaya,2026-08-21,18.08.03.2017,Kemu,independent_site_engineering_point,yes,-5.009188889,104.483483333,Asia/Jakarta,Stasiun Hujan Sumberjaya engineering forecast reference for PLTM Besai Kemu. The catchment polygon remains pending.,03:00,7,6.9284,cukup,"BMKG,CMA,ECMWF,GFS,ICON,METEOFRANCE,UKMO",Cerah,83.4,Tinggi,19.6,+/-1.71,97.26,+/-2.09,0.0,+/-0.0,19.6,+/-1.71,43.3,28.9,27.8,0.0,0.0,0.0,1.71,2.09,0.0,1.71,7,1.0,8.57,60.0
pltm_besai_kemu_sumberjaya,Stasiun Hujan Sumberjaya,2026-08-21,18.08.03.2017,Kemu,independent_site_engineering_point,yes,-5.009188889,104.483483333,Asia/Jakarta,Stasiun Hujan Sumberjaya engineering forecast reference for PLTM Besai Kemu. The catchment polygon remains pending.,04:00,7,7.2379,cukup,"BMKG,CMA,ECMWF,GFS,ICON,METEOFRANCE,UKMO",Cerah,83.8,Tinggi,19.51,+/-1.78,95.21,+/-3.8,0.0,+/-0.0,19.51,+/-1.78,41.4,27.6,30.9,0.0,0.0,0.0,1.78,3.8,0.0,1.78,7,1.0,0.0,0.0
pltm_besai_kemu_sumberjaya,Stasiun Hujan Sumberjaya,2026-08-21,18.08.03.2017,Kemu,independent_site_engineering_point,yes,-5.009188889,104.483483333,Asia/Jakarta,Stasiun Hujan Sumberjaya engineering forecast reference for PLTM Besai Kemu. The catchment polygon remains pending.,05:00,7,6.9284,cukup,"BMKG,CMA,ECMWF,GFS,ICON,METEOFRANCE,UKMO",Cerah,86.8,Tinggi,19.32,+/-1.75,95.6,+/-3.71,0.0,+/-0.0,19.32,+/-1.75,57.7,14.4,27.8,0.0,0.0,0.0,1.75,3.71,0.0,1.75,7,1.0,8.57,60.0
pltm_besai_kemu_sumberjaya,Stasiun Hujan Sumberjaya,2026-08-21,18.08.03.2017,Kemu,independent_site_engineering_point,yes,-5.009188889,104.483483333,Asia/Jakarta,Stasiun Hujan Sumberjaya engineering forecast reference for PLTM Besai Kemu. The catchment polygon remains pending.,06:00,7,6.9284,cukup,"BMKG,CMA,ECMWF,GFS,ICON,METEOFRANCE,UKMO",Cerah,90.4,Tinggi,18.88,+/-1.51,96.33,+/-2.92,0.0,+/-0.0,18.88,+/-1.51,71.1,14.4,14.4,0.0,0.0,0.0,1.51,2.92,0.0,1.51,7,1.0,8.57,60.0
pltm_besai_kemu_sumberjaya,Stasiun Hujan Sumberjaya,2026-08-21,18.08.03.2017,Kemu,independent_site_engineering_point,yes,-5.009188889,104.483483333,Asia/Jakarta,Stasiun Hujan Sumberjaya engineering forecast reference for PLTM Besai Kemu. The catchment polygon remains pending.,07:00,7,7.2379,cukup,"BMKG,CMA,ECMWF,GFS,ICON,METEOFRANCE,UKMO",Cerah,85.1,Tinggi,19.97,+/-1.11,93.5,+/-2.29,0.0,+/-0.0,19.97,+/-1.11,44.7,27.6,27.6,0.0,0.0,0.0,1.11,2.29,0.0,1.11,7,1.0,0.0,0.0
pltm_besai_kemu_sumberjaya,Stasiun Hujan Sumberjaya,2026-08-21,18.08.03.2017,Kemu,independent_site_engineering_point,yes,-5.009188889,104.483483333,Asia/Jakarta,Stasiun Hujan Sumberjaya engineering forecast reference for PLTM Besai Kemu. The catchment polygon remains pending.,08:00,7,6.9284,cukup,"BMKG,CMA,ECMWF,GFS,ICON,METEOFRANCE,UKMO",Cerah,87.1,Tinggi,22.47,+/-0.56,84.02,+/-4.86,0.0,+/-0.0,22.47,+/-0.56,56.7,28.9,14.4,0.0,0.0,0.0,0.56,4.86,0.0,0.56,7,1.0,8.57,60.0
pltm_besai_kemu_sumberjaya,Stasiun Hujan Sumberjaya,2026-08-21,18.08.03.2017,Kemu,independent_site_engineering_point,yes,-5.009188889,104.483483333,Asia/Jakarta,Stasiun Hujan Sumberjaya engineering forecast reference for PLTM Besai Kemu. The catchment polygon remains pending.,09:00,7,6.9284,cukup,"BMKG,CMA,ECMWF,GFS,ICON,METEOFRANCE,UKMO",Cerah Berawan,83.5,Tinggi,24.15,+/-0.72,74.09,+/-6.56,0.0,+/-0.0,24.15,+/-0.72,42.3,43.3,14.4,0.0,0.0,0.0,0.72,6.56,0.0,0.72,7,1.0,8.57,60.0
pltm_besai_kemu_sumberjaya,Stasiun Hujan Sumberjaya,2026-08-21,18.08.03.2017,Kemu,independent_site_engineering_point,yes,-5.009188889,104.483483333,Asia/Jakarta,Stasiun Hujan Sumberjaya engineering forecast reference for PLTM Besai Kemu. The catchment polygon remains pending.,10:00,7,7.2379,cukup,"BMKG,CMA,ECMWF,GFS,ICON,METEOFRANCE,UKMO",Cerah,84.5,Tinggi,26.29,+/-1.53,67.35,+/-6.56,0.0,+/-0.0,27.04,+/-2.53,44.7,41.4,13.8,0.0,0.0,0.0,1.53,6.56,0.0,2.53,7,1.0,0.0,0.0
pltm_besai_kemu_sumberjaya,Stasiun Hujan Sumberjaya,2026-08-21,18.08.03.2017,Kemu,independent_site_engineering_point,yes,-5.009188889,104.483483333,Asia/Jakarta,Stasiun Hujan Sumberjaya engineering forecast reference for PLTM Besai Kemu. The catchment polygon remains pending.,11:00,7,6.9284,cukup,"BMKG,CMA,ECMWF,GFS,ICON,METEOFRANCE,UKMO",Cerah,86.6,Tinggi,27.25,+/-1.22,62.69,+/-6.19,0.05,+/-0.11,28.1,+/-2.06,56.7,28.9,0.0,14.4,0.0,0.0,1.22,6.19,0.11,2.06,7,1.0,8.57,60.0
pltm_besai_kemu_sumberjaya,Stasiun Hujan Sumberjaya,2026-08-21,18.08.03.2017,Kemu,independent_site_engineering_point,yes,-5.009188889,104.483483333,Asia/Jakarta,Stasiun Hujan Sumberjaya engineering forecast reference for PLTM Besai Kemu. The catchment polygon remains pending.,12:00,7,6.9284,cukup,"BMKG,CMA,ECMWF,GFS,ICON,METEOFRANCE,UKMO",Cerah,86.2,Tinggi,28.13,+/-1.76,59.95,+/-8.19,0.07,+/-0.11,28.55,+/-1.63,56.7,14.4,0.0,28.9,0.0,0.0,1.76,8.19,0.11,1.63,7,1.0,8.57,60.0
pltm_besai_kemu_sumberjaya,Stasiun Hujan Sumberjaya,2026-08-21,18.08.03.2017,Kemu,independent_site_engineering_point,yes,-5.009188889,104.483483333,Asia/Jakarta,Stasiun Hujan Sumberjaya engineering forecast reference for PLTM Besai Kemu. The catchment polygon remains pending.,13:00,7,7.2379,cukup,"BMKG,CMA,ECMWF,GFS,ICON,METEOFRANCE,UKMO",Cerah,84.3,Tinggi,28.78,+/-1.64,57.54,+/-8.55,0.05,+/-0.11,30.3,+/-2.97,44.7,41.4,0.0,13.8,0.0,0.0,1.64,8.55,0.11,2.97,7,1.0,0.0,0.0
pltm_besai_kemu_sumberjaya,Stasiun Hujan Sumberjaya,2026-08-21,18.08.03.2017,Kemu,independent_site_engineering_point,yes,-5.009188889,104.483483333,Asia/Jakarta,Stasiun Hujan Sumberjaya engineering forecast reference for PLTM Besai Kemu. The catchment polygon remains pending.,14:00,7,6.9284,cukup,"BMKG,CMA,ECMWF,GFS,ICON,METEOFRANCE,UKMO",Cerah,86.2,Tinggi,28.98,+/-1.54,55.47,+/-9.19,0.07,+/-0.15,30.43,+/-2.41,56.7,28.9,0.0,14.4,0.0,0.0,1.54,9.19,0.15,2.41,7,1.0,8.57,60.0
pltm_besai_kemu_sumberjaya,Stasiun Hujan Sumberjaya,2026-08-21,18.08.03.2017,Kemu,independent_site_engineering_point,yes,-5.009188889,104.483483333,Asia/Jakarta,Stasiun Hujan Sumberjaya engineering forecast reference for PLTM Besai Kemu. The catchment polygon remains pending.,15:00,7,6.9284,cukup,"BMKG,CMA,ECMWF,GFS,ICON,METEOFRANCE,UKMO",Cerah,89.5,Tinggi,28.08,+/-1.68,58.37,+/-12.16,0.07,+/-0.15,28.85,+/-1.52,71.1,14.4,0.0,14.4,0.0,0.0,1.68,12.16,0.15,1.52,7,1.0,8.57,60.0
pltm_besai_kemu_sumberjaya,Stasiun Hujan Sumberjaya,2026-08-21,18.08.03.2017,Kemu,independent_site_engineering_point,yes,-5.009188889,104.483483333,Asia/Jakarta,Stasiun Hujan Sumberjaya engineering forecast reference for PLTM Besai Kemu. The catchment polygon remains pending.,16:00,7,7.2379,cukup,"BMKG,CMA,ECMWF,GFS,ICON,METEOFRANCE,UKMO",Cerah,87.4,Tinggi,27.48,+/-1.6,61.56,+/-12.12,0.07,+/-0.15,27.87,+/-1.84,58.6,27.6,0.0,13.8,0.0,0.0,1.6,12.12,0.15,1.84,7,1.0,0.0,0.0
pltm_besai_kemu_sumberjaya,Stasiun Hujan Sumberjaya,2026-08-21,18.08.03.2017,Kemu,independent_site_engineering_point,yes,-5.009188889,104.483483333,Asia/Jakarta,Stasiun Hujan Sumberjaya engineering forecast reference for PLTM Besai Kemu. The catchment polygon remains pending.,17:00,7,6.9284,cukup,"BMKG,CMA,ECMWF,GFS,ICON,METEOFRANCE,UKMO",Cerah,82.5,Tinggi,26.3,+/-1.53,67.61,+/-11.07,0.02,+/-0.04,26.56,+/-1.83,42.3,28.9,14.4,14.4,0.0,0.0,1.53,11.07,0.04,1.83,7,1.0,8.57,60.0
pltm_besai_kemu_sumberjaya,Stasiun Hujan Sumberjaya,2026-08-21,18.08.03.2017,Kemu,independent_site_engineering_point,yes,-5.009188889,104.483483333,Asia/Jakarta,Stasiun Hujan Sumberjaya engineering forecast reference for PLTM Besai Kemu. The catchment polygon remains pending.,18:00,7,6.9284,cukup,"BMKG,CMA,ECMWF,GFS,ICON,METEOFRANCE,UKMO",Cerah,86.5,Tinggi,23.75,+/-0.57,77.44,+/-12.28,0.02,+/-0.04,23.75,+/-0.57,56.7,28.9,0.0,14.4,0.0,0.0,0.57,12.28,0.04,0.57,7,1.0,8.57,60.0
pltm_besai_kemu_sumberjaya,Stasiun Hujan Sumberjaya,2026-08-21,18.08.03.2017,Kemu,independent_site_engineering_point,yes,-5.009188889,104.483483333,Asia/Jakarta,Stasiun Hujan Sumberjaya engineering forecast reference for PLTM Besai Kemu. The catchment polygon remains pending.,19:00,7,7.2379,cukup,"BMKG,CMA,ECMWF,GFS,ICON,METEOFRANCE,UKMO",Cerah Berawan,83.4,Tinggi,23.28,+/-1.52,84.61,+/-10.6,0.02,+/-0.04,23.28,+/-1.52,30.9,41.4,13.8,13.8,0.0,0.0,1.52,10.6,0.04,1.52,7,1.0,0.0,0.0
pltm_besai_kemu_sumberjaya,Stasiun Hujan Sumberjaya,2026-08-21,18.08.03.2017,Kemu,independent_site_engineering_point,yes,-5.009188889,104.483483333,Asia/Jakarta,Stasiun Hujan Sumberjaya engineering forecast reference for PLTM Besai Kemu. The catchment polygon remains pending.,20:00,7,6.9284,cukup,"BMKG,CMA,ECMWF,GFS,ICON,METEOFRANCE,UKMO",Cerah Berawan,86.7,Tinggi,22.4,+/-1.49,89.71,+/-7.5,0.0,+/-0.0,22.4,+/-1.49,27.8,57.7,14.4,0.0,0.0,0.0,1.49,7.5,0.0,1.49,7,1.0,8.57,60.0
pltm_besai_kemu_sumberjaya,Stasiun Hujan Sumberjaya,2026-08-21,18.08.03.2017,Kemu,independent_site_engineering_point,yes,-5.009188889,104.483483333,Asia/Jakarta,Stasiun Hujan Sumberjaya engineering forecast reference for PLTM Besai Kemu. The catchment polygon remains pending.,21:00,7,6.9284,cukup,"BMKG,CMA,ECMWF,GFS,ICON,METEOFRANCE,UKMO",Cerah Berawan,83.3,Tinggi,21.67,+/-1.43,92.74,+/-4.91,0.0,+/-0.0,21.67,+/-1.43,42.3,43.3,14.4,0.0,0.0,0.0,1.43,4.91,0.0,1.43,7,1.0,8.57,60.0
pltm_besai_kemu_sumberjaya,Stasiun Hujan Sumberjaya,2026-08-21,18.08.03.2017,Kemu,independent_site_engineering_point,yes,-5.009188889,104.483483333,Asia/Jakarta,Stasiun Hujan Sumberjaya engineering forecast reference for PLTM Besai Kemu. The catchment polygon remains pending.,22:00,7,7.2379,cukup,"BMKG,CMA,ECMWF,GFS,ICON,METEOFRANCE,UKMO",Cerah,84.7,Tinggi,21.4,+/-1.52,94.14,+/-4.2,0.0,+/-0.0,21.4,+/-1.52,44.7,13.8,41.4,0.0,0.0,0.0,1.52,4.2,0.0,1.52,7,1.0,0.0,0.0
pltm_besai_kemu_sumberjaya,Stasiun Hujan Sumberjaya,2026-08-21,18.08.03.2017,Kemu,independent_site_engineering_point,yes,-5.009188889,104.483483333,Asia/Jakarta,Stasiun Hujan Sumberjaya engineering forecast reference for PLTM Besai Kemu. The catchment polygon remains pending.,23:00,7,6.9284,cukup,"BMKG,CMA,ECMWF,GFS,ICON,METEOFRANCE,UKMO",Cerah,83.0,Tinggi,20.96,+/-1.66,96.58,+/-3.19,0.02,+/-0.04,20.96,+/-1.66,42.3,14.4,28.9,14.4,0.0,0.0,1.66,3.19,0.04,1.66,7,1.0,8.57,60.0
pltm_besai_kemu_sumberjaya,Stasiun Hujan Sumberjaya,2026-08-22,18.08.03.2017,Kemu,independent_site_engineering_point,yes,-5.009188889,104.483483333,Asia/Jakarta,Stasiun Hujan Sumberjaya engineering forecast reference for PLTM Besai Kemu. The catchment polygon remains pending.,00:00,7,6.9312,cukup,"BMKG,CMA,ECMWF,GFS,ICON,METEOFRANCE,UKMO",Berawan,79.8,Sedang,20.63,+/-1.45,96.9,+/-2.86,0.02,+/-0.04,20.63,+/-1.45,27.9,28.9,28.9,14.4,0.0,0.0,1.45,2.86,0.04,1.45,7,1.0,8.57,60.0
pltm_besai_kemu_sumberjaya,Stasiun Hujan Sumberjaya,2026-08-22,18.08.03.2017,Kemu,independent_site_engineering_point,yes,-5.009188889,104.483483333,Asia/Jakarta,Stasiun Hujan Sumberjaya engineering forecast reference for PLTM Besai Kemu. The catchment polygon remains pending.,01:00,7,7.2416,cukup,"BMKG,CMA,ECMWF,GFS,ICON,METEOFRANCE,UKMO",Cerah,84.7,Tinggi,20.47,+/-1.43,94.87,+/-4.58,0.02,+/-0.04,20.47,+/-1.43,44.8,13.8,27.6,13.8,0.0,0.0,1.43,4.58,0.04,1.43,7,1.0,0.0,0.0
pltm_besai_kemu_sumberjaya,Stasiun Hujan Sumberjaya,2026-08-22,18.08.03.2017,Kemu,independent_site_engineering_point,yes,-5.009188889,104.483483333,Asia/Jakarta,Stasiun Hujan Sumberjaya engineering forecast reference for PLTM Besai Kemu. The catchment polygon remains pending.,02:00,7,6.9312,cukup,"BMKG,CMA,ECMWF,GFS,ICON,METEOFRANCE,UKMO",Cerah,83.1,Tinggi,20.05,+/-1.49,95.33,+/-4.2,0.0,+/-0.0,20.05,+/-1.49,42.3,28.9,28.9,0.0,0.0,0.0,1.49,4.2,0.0,1.49,7,1.0,8.57,60.0
pltm_besai_kemu_sumberjaya,Stasiun Hujan Sumberjaya,2026-08-22,18.08.03.2017,Kemu,independent_site_engineering_point,yes,-5.009188889,104.483483333,Asia/Jakarta,Stasiun Hujan Sumberjaya engineering forecast reference for PLTM Besai Kemu. The catchment polygon remains pending.,03:00,7,6.9312,cukup,"BMKG,CMA,ECMWF,GFS,ICON,METEOFRANCE,UKMO",Cerah Berawan,87.0,Tinggi,19.59,+/-1.42,96.01,+/-3.4,0.0,+/-0.0,19.59,+/-1.42,13.4,57.7,28.9,0.0,0.0,0.0,1.42,3.4,0.0,1.42,7,1.0,8.57,60.0
pltm_besai_kemu_sumberjaya,Stasiun Hujan Sumberjaya,2026-08-22,18.08.03.2017,Kemu,independent_site_engineering_point,yes,-5.009188889,104.483483333,Asia/Jakarta,Stasiun Hujan Sumberjaya engineering forecast reference for PLTM Besai Kemu. The catchment polygon remains pending.,04:00,7,7.2416,cukup,"BMKG,CMA,ECMWF,GFS,ICON,METEOFRANCE,UKMO",Cerah Berawan,87.5,Tinggi,19.47,+/-1.53,95.97,+/-2.93,0.0,+/-0.0,19.47,+/-1.53,31.0,55.2,13.8,0.0,0.0,0.0,1.53,2.93,0.0,1.53,7,1.0,0.0,0.0
pltm_besai_kemu_sumberjaya,Stasiun Hujan Sumberjaya,2026-08-22,18.08.03.2017,Kemu,independent_site_engineering_point,yes,-5.009188889,104.483483333,Asia/Jakarta,Stasiun Hujan Sumberjaya engineering forecast reference for PLTM Besai Kemu. The catchment polygon remains pending.,05:00,7,6.9312,cukup,"BMKG,CMA,ECMWF,GFS,ICON,METEOFRANCE,UKMO",Berawan,83.4,Tinggi,19.37,+/-1.6,96.01,+/-2.94,0.0,+/-0.0,19.37,+/-1.6,27.9,28.9,43.3,0.0,0.0,0.0,1.6,2.94,0.0,1.6,7,1.0,8.57,60.0
pltm_besai_kemu_sumberjaya,Stasiun Hujan Sumberjaya,2026-08-22,18.08.03.2017,Kemu,independent_site_engineering_point,yes,-5.009188889,104.483483333,Asia/Jakarta,Stasiun Hujan Sumberjaya engineering forecast reference for PLTM Besai Kemu. The catchment polygon remains pending.,06:00,7,6.9312,cukup,"BMKG,CMA,ECMWF,GFS,ICON,METEOFRANCE,UKMO",Cerah Berawan,83.0,Tinggi,20.08,+/-2.42,96.0,+/-2.77,0.0,+/-0.0,20.08,+/-2.42,14.4,43.3,42.3,0.0,0.0,0.0,2.42,2.77,0.0,2.42,7,1.0,8.57,60.0
pltm_besai_kemu_sumberjaya,Stasiun Hujan Sumberjaya,2026-08-22,18.08.03.2017,Kemu,independent_site_engineering_point,yes,-5.009188889,104.483483333,Asia/Jakarta,Stasiun Hujan Sumberjaya engineering forecast reference for PLTM Besai Kemu. The catchment polygon remains pending.,07:00,7,7.2416,cukup,"BMKG,CMA,ECMWF,GFS,ICON,METEOFRANCE,UKMO",Cerah Berawan,84.0,Tinggi,20.42,+/-1.16,91.11,+/-5.24,0.0,+/-0.0,20.42,+/-1.16,27.6,41.4,31.0,0.0,0.0,0.0,1.16,5.24,0.0,1.16,7,1.0,0.0,0.0
pltm_besai_kemu_sumberjaya,Stasiun Hujan Sumberjaya,2026-08-22,18.08.03.2017,Kemu,independent_site_engineering_point,yes,-5.009188889,104.483483333,Asia/Jakarta,Stasiun Hujan Sumberjaya engineering forecast reference for PLTM Besai Kemu. The catchment polygon remains pending.,08:00,7,6.9312,cukup,"BMKG,CMA,ECMWF,GFS,ICON,METEOFRANCE,UKMO",Cerah,83.3,Tinggi,23.02,+/-1.15,83.01,+/-6.42,0.0,+/-0.0,23.02,+/-1.15,43.3,43.3,13.4,0.0,0.0,0.0,1.15,6.42,0.0,1.15,7,1.0,8.57,60.0
pltm_besai_kemu_sumberjaya,Stasiun Hujan Sumberjaya,2026-08-22,18.08.03.2017,Kemu,independent_site_engineering_point,yes,-5.009188889,104.483483333,Asia/Jakarta,Stasiun Hujan Sumberjaya engineering forecast reference for PLTM Besai Kemu. The catchment polygon remains pending.,09:00,7,6.9312,cukup,"BMKG,CMA,ECMWF,GFS,ICON,METEOFRANCE,UKMO",Cerah Berawan,86.4,Tinggi,25.33,+/-2.11,73.07,+/-7.53,0.0,+/-0.0,24.6,+/-1.11,42.3,57.7,0.0,0.0,0.0,0.0,2.11,7.53,0.0,1.11,7,1.0,8.57,60.0
pltm_besai_kemu_sumberjaya,Stasiun Hujan Sumberjaya,2026-08-22,18.08.03.2017,Kemu,independent_site_engineering_point,yes,-5.009188889,104.483483333,Asia/Jakarta,Stasiun Hujan Sumberjaya engineering forecast reference for PLTM Besai Kemu. The catchment polygon remains pending.,10:00,7,7.2416,cukup,"BMKG,CMA,ECMWF,GFS,ICON,METEOFRANCE,UKMO",Cerah Berawan,90.5,Tinggi,26.77,+/-1.76,66.69,+/-6.64,0.0,+/-0.0,26.41,+/-1.45,31.0,69.0,0.0,0.0,0.0,0.0,1.76,6.64,0.0,1.45,7,1.0,0.0,0.0
pltm_besai_kemu_sumberjaya,Stasiun Hujan Sumberjaya,2026-08-22,18.08.03.2017,Kemu,independent_site_engineering_point,yes,-5.009188889,104.483483333,Asia/Jakarta,Stasiun Hujan Sumberjaya engineering forecast reference for PLTM Besai Kemu. The catchment polygon remains pending.,11:00,7,6.9312,cukup,"BMKG,CMA,ECMWF,GFS,ICON,METEOFRANCE,UKMO",Cerah Berawan,90.3,Tinggi,27.59,+/-1.45,62.1,+/-7.14,0.0,+/-0.0,27.96,+/-1.62,27.9,72.1,0.0,0.0,0.0,0.0,1.45,7.14,0.0,1.62,7,1.0,8.57,60.0
pltm_besai_kemu_sumberjaya,Stasiun Hujan Sumberjaya,2026-08-22,18.08.03.2017,Kemu,independent_site_engineering_point,yes,-5.009188889,104.483483333,Asia/Jakarta,Stasiun Hujan Sumberjaya engineering forecast reference for PLTM Besai Kemu. The catchment polygon remains pending.,12:00,7,6.9312,cukup,"BMKG,CMA,ECMWF,GFS,ICON,METEOFRANCE,UKMO",Cerah Berawan,86.5,Tinggi,28.65,+/-1.81,57.29,+/-7.32,0.0,+/-0.0,30.01,+/-2.84,27.9,57.7,14.4,0.0,0.0,0.0,1.81,7.32,0.0,2.84,7,1.0,8.57,60.0
pltm_besai_kemu_sumberjaya,Stasiun Hujan Sumberjaya,2026-08-22,18.08.03.2017,Kemu,independent_site_engineering_point,yes,-5.009188889,104.483483333,Asia/Jakarta,Stasiun Hujan Sumberjaya engineering forecast reference for PLTM Besai Kemu. The catchment polygon remains pending.,13:00,7,7.2416,cukup,"BMKG,CMA,ECMWF,GFS,ICON,METEOFRANCE,UKMO",Cerah Berawan,86.9,Tinggi,29.25,+/-1.87,55.07,+/-7.75,0.0,+/-0.0,30.64,+/-2.95,31.0,55.2,13.8,0.0,0.0,0.0,1.87,7.75,0.0,2.95,7,1.0,0.0,0.0
pltm_besai_kemu_sumberjaya,Stasiun Hujan Sumberjaya,2026-08-22,18.08.03.2017,Kemu,independent_site_engineering_point,yes,-5.009188889,104.483483333,Asia/Jakarta,Stasiun Hujan Sumberjaya engineering forecast reference for PLTM Besai Kemu. The catchment polygon remains pending.,14:00,7,6.9312,cukup,"BMKG,CMA,ECMWF,GFS,ICON,METEOFRANCE,UKMO",Cerah Berawan,82.9,Tinggi,29.07,+/-1.77,55.41,+/-7.78,0.02,+/-0.04,30.53,+/-2.54,27.9,43.3,14.4,14.4,0.0,0.0,1.77,7.78,0.04,2.54,7,1.0,8.57,60.0
pltm_besai_kemu_sumberjaya,Stasiun Hujan Sumberjaya,2026-08-22,18.08.03.2017,Kemu,independent_site_engineering_point,yes,-5.009188889,104.483483333,Asia/Jakarta,Stasiun Hujan Sumberjaya engineering forecast reference for PLTM Besai Kemu. The catchment polygon remains pending.,15:00,7,6.9312,cukup,"BMKG,CMA,ECMWF,GFS,ICON,METEOFRANCE,UKMO",Cerah Berawan,82.8,Tinggi,28.42,+/-1.54,57.47,+/-9.98,0.02,+/-0.04,29.49,+/-2.04,27.9,43.3,14.4,14.4,0.0,0.0,1.54,9.98,0.04,2.04,7,1.0,8.57,60.0
pltm_besai_kemu_sumberjaya,Stasiun Hujan Sumberjaya,2026-08-22,18.08.03.2017,Kemu,independent_site_engineering_point,yes,-5.009188889,104.483483333,Asia/Jakarta,Stasiun Hujan Sumberjaya engineering forecast reference for PLTM Besai Kemu. The catchment polygon remains pending.,16:00,7,7.2416,cukup,"BMKG,CMA,ECMWF,GFS,ICON,METEOFRANCE,UKMO",Cerah,84.1,Tinggi,27.65,+/-1.81,61.65,+/-10.27,0.02,+/-0.04,28.77,+/-2.56,44.8,27.6,13.8,13.8,0.0,0.0,1.81,10.27,0.04,2.56,7,1.0,0.0,0.0
pltm_besai_kemu_sumberjaya,Stasiun Hujan Sumberjaya,2026-08-22,18.08.03.2017,Kemu,independent_site_engineering_point,yes,-5.009188889,104.483483333,Asia/Jakarta,Stasiun Hujan Sumberjaya engineering forecast reference for PLTM Besai Kemu. The catchment polygon remains pending.,17:00,7,6.9312,cukup,"BMKG,CMA,ECMWF,GFS,ICON,METEOFRANCE,UKMO",Cerah,82.3,Tinggi,26.53,+/-2.0,66.7,+/-11.29,0.03,+/-0.05,27.21,+/-2.92,42.3,28.9,0.0,28.9,0.0,0.0,2.0,11.29,0.05,2.92,7,1.0,8.57,60.0
pltm_besai_kemu_sumberjaya,Stasiun Hujan Sumberjaya,2026-08-22,18.08.03.2017,Kemu,independent_site_engineering_point,yes,-5.009188889,104.483483333,Asia/Jakarta,Stasiun Hujan Sumberjaya engineering forecast reference for PLTM Besai Kemu. The catchment polygon remains pending.,18:00,7,6.9312,cukup,"BMKG,CMA,ECMWF,GFS,ICON,METEOFRANCE,UKMO",Cerah,82.4,Tinggi,24.67,+/-1.59,76.05,+/-12.63,0.03,+/-0.05,24.81,+/-1.89,42.3,28.9,0.0,28.9,0.0,0.0,1.59,12.63,0.05,1.89,7,1.0,8.57,60.0
pltm_besai_kemu_sumberjaya,Stasiun Hujan Sumberjaya,2026-08-22,18.08.03.2017,Kemu,independent_site_engineering_point,yes,-5.009188889,104.483483333,Asia/Jakarta,Stasiun Hujan Sumberjaya engineering forecast reference for PLTM Besai Kemu. The catchment polygon remains pending.,19:00,7,7.2416,cukup,"BMKG,CMA,ECMWF,GFS,ICON,METEOFRANCE,UKMO",Cerah,80.9,Tinggi,23.0,+/-1.17,83.34,+/-11.27,0.03,+/-0.05,23.0,+/-1.17,31.0,27.6,13.8,27.6,0.0,0.0,1.17,11.27,0.05,1.17,7,1.0,0.0,0.0
pltm_besai_kemu_sumberjaya,Stasiun Hujan Sumberjaya,2026-08-22,18.08.03.2017,Kemu,independent_site_engineering_point,yes,-5.009188889,104.483483333,Asia/Jakarta,Stasiun Hujan Sumberjaya engineering forecast reference for PLTM Besai Kemu. The catchment polygon remains pending.,20:00,7,6.9312,cukup,"BMKG,CMA,ECMWF,GFS,ICON,METEOFRANCE,UKMO",Hujan Ringan,79.4,Sedang,22.85,+/-1.66,90.23,+/-6.73,0.07,+/-0.09,22.85,+/-1.66,27.9,28.9,14.4,28.9,0.0,0.0,1.66,6.73,0.09,1.66,7,1.0,8.57,60.0
pltm_besai_kemu_sumberjaya,Stasiun Hujan Sumberjaya,2026-08-22,18.08.03.2017,Kemu,independent_site_engineering_point,yes,-5.009188889,104.483483333,Asia/Jakarta,Stasiun Hujan Sumberjaya engineering forecast reference for PLTM Besai Kemu. The catchment polygon remains pending.,21:00,7,6.9312,cukup,"BMKG,CMA,ECMWF,GFS,ICON,METEOFRANCE,UKMO",Berawan,79.4,Sedang,22.17,+/-1.54,90.44,+/-7.24,0.03,+/-0.07,22.17,+/-1.54,27.9,28.9,28.9,14.4,0.0,0.0,1.54,7.24,0.07,1.54,7,1.0,8.57,60.0
pltm_besai_kemu_sumberjaya,Stasiun Hujan Sumberjaya,2026-08-22,18.08.03.2017,Kemu,independent_site_engineering_point,yes,-5.009188889,104.483483333,Asia/Jakarta,Stasiun Hujan Sumberjaya engineering forecast reference for PLTM Besai Kemu. The catchment polygon remains pending.,22:00,7,7.2416,cukup,"BMKG,CMA,ECMWF,GFS,ICON,METEOFRANCE,UKMO",Cerah,84.5,Tinggi,21.69,+/-1.69,92.31,+/-5.34,0.03,+/-0.07,21.69,+/-1.69,44.8,41.4,0.0,13.8,0.0,0.0,1.69,5.34,0.07,1.69,7,1.0,0.0,0.0
pltm_besai_kemu_sumberjaya,Stasiun Hujan Sumberjaya,2026-08-22,18.08.03.2017,Kemu,independent_site_engineering_point,yes,-5.009188889,104.483483333,Asia/Jakarta,Stasiun Hujan Sumberjaya engineering forecast reference for PLTM Besai Kemu. The catchment polygon remains pending.,23:00,7,6.9312,cukup,"BMKG,CMA,ECMWF,GFS,ICON,METEOFRANCE,UKMO",Cerah,82.9,Tinggi,21.11,+/-1.76,93.76,+/-4.52,0.0,+/-0.0,21.11,+/-1.76,42.3,28.9,28.9,0.0,0.0,0.0,1.76,4.52,0.0,1.76,7,1.0,8.57,60.0
pltm_besai_kemu_sumberjaya,Stasiun Hujan Sumberjaya,2026-08-23,18.08.03.2017,Kemu,independent_site_engineering_point,yes,-5.009188889,104.483483333,Asia/Jakarta,Stasiun Hujan Sumberjaya engineering forecast reference for PLTM Besai Kemu. The catchment polygon remains pending.,00:00,6,6.0,cukup,"CMA,ECMWF,GFS,ICON,METEOFRANCE,UKMO",Berawan,72.7,Sedang,20.25,+/-1.43,95.0,+/-4.12,0.0,+/-0.0,20.25,+/-1.43,33.3,33.3,33.3,0.0,0.0,0.0,1.43,4.12,0.0,1.43,7,0.8571,0.0,0.0
pltm_besai_kemu_sumberjaya,Stasiun Hujan Sumberjaya,2026-08-23,18.08.03.2017,Kemu,independent_site_engineering_point,yes,-5.009188889,104.483483333,Asia/Jakarta,Stasiun Hujan Sumberjaya engineering forecast reference for PLTM Besai Kemu. The catchment polygon remains pending.,01:00,6,6.0,cukup,"CMA,ECMWF,GFS,ICON,METEOFRANCE,UKMO",Berawan,76.8,Sedang,19.85,+/-1.43,95.17,+/-4.67,0.0,+/-0.0,19.85,+/-1.43,33.3,16.7,50.0,0.0,0.0,0.0,1.43,4.67,0.0,1.43,7,0.8571,0.0,0.0
pltm_besai_kemu_sumberjaya,Stasiun Hujan Sumberjaya,2026-08-23,18.08.03.2017,Kemu,independent_site_engineering_point,yes,-5.009188889,104.483483333,Asia/Jakarta,Stasiun Hujan Sumberjaya engineering forecast reference for PLTM Besai Kemu. The catchment polygon remains pending.,02:00,6,6.0,cukup,"CMA,ECMWF,GFS,ICON,METEOFRANCE,UKMO",Berawan,76.8,Sedang,19.53,+/-1.38,94.5,+/-5.62,0.0,+/-0.0,19.53,+/-1.38,33.3,16.7,50.0,0.0,0.0,0.0,1.38,5.62,0.0,1.38,7,0.8571,0.0,0.0
pltm_besai_kemu_sumberjaya,Stasiun Hujan Sumberjaya,2026-08-23,18.08.03.2017,Kemu,independent_site_engineering_point,yes,-5.009188889,104.483483333,Asia/Jakarta,Stasiun Hujan Sumberjaya engineering forecast reference for PLTM Besai Kemu. The catchment polygon remains pending.,03:00,6,6.0,cukup,"CMA,ECMWF,GFS,ICON,METEOFRANCE,UKMO",Berawan,76.8,Sedang,19.3,+/-1.35,93.83,+/-5.55,0.0,+/-0.0,19.3,+/-1.35,33.3,16.7,50.0,0.0,0.0,0.0,1.35,5.55,0.0,1.35,7,0.8571,0.0,0.0
pltm_besai_kemu_sumberjaya,Stasiun Hujan Sumberjaya,2026-08-23,18.08.03.2017,Kemu,independent_site_engineering_point,yes,-5.009188889,104.483483333,Asia/Jakarta,Stasiun Hujan Sumberjaya engineering forecast reference for PLTM Besai Kemu. The catchment polygon remains pending.,04:00,6,6.0,cukup,"CMA,ECMWF,GFS,ICON,METEOFRANCE,UKMO",Cerah,72.6,Sedang,19.18,+/-1.29,92.83,+/-6.26,0.0,+/-0.0,19.18,+/-1.29,33.3,33.3,33.3,0.0,0.0,0.0,1.29,6.26,0.0,1.29,7,0.8571,0.0,0.0
pltm_besai_kemu_sumberjaya,Stasiun Hujan Sumberjaya,2026-08-23,18.08.03.2017,Kemu,independent_site_engineering_point,yes,-5.009188889,104.483483333,Asia/Jakarta,Stasiun Hujan Sumberjaya engineering forecast reference for PLTM Besai Kemu. The catchment polygon remains pending.,05:00,6,6.0,cukup,"CMA,ECMWF,GFS,ICON,METEOFRANCE,UKMO",Berawan,76.8,Sedang,19.22,+/-1.07,92.33,+/-8.06,0.0,+/-0.0,19.22,+/-1.07,16.7,33.3,50.0,0.0,0.0,0.0,1.07,8.06,0.0,1.07,7,0.8571,0.0,0.0
pltm_besai_kemu_sumberjaya,Stasiun Hujan Sumberjaya,2026-08-23,18.08.03.2017,Kemu,independent_site_engineering_point,yes,-5.009188889,104.483483333,Asia/Jakarta,Stasiun Hujan Sumberjaya engineering forecast reference for PLTM Besai Kemu. The catchment polygon remains pending.,06:00,6,6.0,cukup,"CMA,ECMWF,GFS,ICON,METEOFRANCE,UKMO",Cerah Berawan,77.1,Sedang,19.37,+/-0.96,95.8,+/-3.87,0.0,+/-0.0,19.37,+/-0.96,16.7,50.0,33.3,0.0,0.0,0.0,0.96,3.87,0.0,0.96,7,0.8571,0.0,0.0
pltm_besai_kemu_sumberjaya,Stasiun Hujan Sumberjaya,2026-08-23,18.08.03.2017,Kemu,independent_site_engineering_point,yes,-5.009188889,104.483483333,Asia/Jakarta,Stasiun Hujan Sumberjaya engineering forecast reference for PLTM Besai Kemu. The catchment polygon remains pending.,07:00,6,6.0,cukup,"CMA,ECMWF,GFS,ICON,METEOFRANCE,UKMO",Cerah Berawan,77.3,Sedang,20.33,+/-0.69,93.0,+/-3.58,0.0,+/-0.0,20.33,+/-0.69,16.7,50.0,33.3,0.0,0.0,0.0,0.69,3.58,0.0,0.69,7,0.8571,0.0,0.0
pltm_besai_kemu_sumberjaya,Stasiun Hujan Sumberjaya,2026-08-23,18.08.03.2017,Kemu,independent_site_engineering_point,yes,-5.009188889,104.483483333,Asia/Jakarta,Stasiun Hujan Sumberjaya engineering forecast reference for PLTM Besai Kemu. The catchment polygon remains pending.,08:00,6,6.0,cukup,"CMA,ECMWF,GFS,ICON,METEOFRANCE,UKMO",Cerah Berawan,76.6,Sedang,22.22,+/-0.85,79.33,+/-11.6,0.0,+/-0.0,22.22,+/-0.85,33.3,50.0,16.7,0.0,0.0,0.0,0.85,11.6,0.0,0.85,7,0.8571,0.0,0.0
pltm_besai_kemu_sumberjaya,Stasiun Hujan Sumberjaya,2026-08-23,18.08.03.2017,Kemu,independent_site_engineering_point,yes,-5.009188889,104.483483333,Asia/Jakarta,Stasiun Hujan Sumberjaya engineering forecast reference for PLTM Besai Kemu. The catchment polygon remains pending.,09:00,6,6.0,cukup,"CMA,ECMWF,GFS,ICON,METEOFRANCE,UKMO",Cerah Berawan,76.4,Sedang,24.42,+/-1.08,69.17,+/-12.75,0.02,+/-0.04,24.42,+/-1.08,33.3,50.0,0.0,16.7,0.0,0.0,1.08,12.75,0.04,1.08,7,0.8571,0.0,0.0
pltm_besai_kemu_sumberjaya,Stasiun Hujan Sumberjaya,2026-08-23,18.08.03.2017,Kemu,independent_site_engineering_point,yes,-5.009188889,104.483483333,Asia/Jakarta,Stasiun Hujan Sumberjaya engineering forecast reference for PLTM Besai Kemu. The catchment polygon remains pending.,10:00,6,6.0,cukup,"CMA,ECMWF,GFS,ICON,METEOFRANCE,UKMO",Cerah Berawan,76.5,Sedang,26.05,+/-1.24,66.4,+/-8.8,0.05,+/-0.11,26.25,+/-1.46,33.3,50.0,0.0,16.7,0.0,0.0,1.24,8.8,0.11,1.46,7,0.8571,0.0,0.0
pltm_besai_kemu_sumberjaya,Stasiun Hujan Sumberjaya,2026-08-23,18.08.03.2017,Kemu,independent_site_engineering_point,yes,-5.009188889,104.483483333,Asia/Jakarta,Stasiun Hujan Sumberjaya engineering forecast reference for PLTM Besai Kemu. The catchment polygon remains pending.,11:00,6,6.0,cukup,"CMA,ECMWF,GFS,ICON,METEOFRANCE,UKMO",Cerah,72.0,Sedang,27.1,+/-1.25,57.33,+/-12.67,0.1,+/-0.18,28.05,+/-1.12,33.3,33.3,0.0,33.3,0.0,0.0,1.25,12.67,0.18,1.12,7,0.8571,0.0,0.0
pltm_besai_kemu_sumberjaya,Stasiun Hujan Sumberjaya,2026-08-23,18.08.03.2017,Kemu,independent_site_engineering_point,yes,-5.009188889,104.483483333,Asia/Jakarta,Stasiun Hujan Sumberjaya engineering forecast reference for PLTM Besai Kemu. The catchment polygon remains pending.,12:00,6,6.0,cukup,"CMA,ECMWF,GFS,ICON,METEOFRANCE,UKMO",Cerah,72.1,Sedang,27.78,+/-1.23,55.33,+/-11.4,0.15,+/-0.29,28.55,+/-1.11,33.3,33.3,0.0,33.3,0.0,0.0,1.23,11.4,0.29,1.11,7,0.8571,0.0,0.0
pltm_besai_kemu_sumberjaya,Stasiun Hujan Sumberjaya,2026-08-23,18.08.03.2017,Kemu,independent_site_engineering_point,yes,-5.009188889,104.483483333,Asia/Jakarta,Stasiun Hujan Sumberjaya engineering forecast reference for PLTM Besai Kemu. The catchment polygon remains pending.,13:00,6,6.0,cukup,"CMA,ECMWF,GFS,ICON,METEOFRANCE,UKMO",Cerah,72.2,Sedang,28.52,+/-1.26,53.0,+/-10.49,0.12,+/-0.22,29.42,+/-1.01,33.3,33.3,0.0,33.3,0.0,0.0,1.26,10.49,0.22,1.01,7,0.8571,0.0,0.0
pltm_besai_kemu_sumberjaya,Stasiun Hujan Sumberjaya,2026-08-23,18.08.03.2017,Kemu,independent_site_engineering_point,yes,-5.009188889,104.483483333,Asia/Jakarta,Stasiun Hujan Sumberjaya engineering forecast reference for PLTM Besai Kemu. The catchment polygon remains pending.,14:00,6,6.0,cukup,"CMA,ECMWF,GFS,ICON,METEOFRANCE,UKMO",Cerah,72.1,Sedang,28.77,+/-1.42,51.67,+/-10.58,0.1,+/-0.15,29.57,+/-1.1,33.3,33.3,0.0,33.3,0.0,0.0,1.42,10.58,0.15,1.1,7,0.8571,0.0,0.0
pltm_besai_kemu_sumberjaya,Stasiun Hujan Sumberjaya,2026-08-23,18.08.03.2017,Kemu,independent_site_engineering_point,yes,-5.009188889,104.483483333,Asia/Jakarta,Stasiun Hujan Sumberjaya engineering forecast reference for PLTM Besai Kemu. The catchment polygon remains pending.,15:00,6,6.0,cukup,"CMA,ECMWF,GFS,ICON,METEOFRANCE,UKMO",Cerah,71.9,Sedang,28.33,+/-1.61,52.83,+/-10.84,0.15,+/-0.26,28.88,+/-1.52,33.3,33.3,0.0,33.3,0.0,0.0,1.61,10.84,0.26,1.52,7,0.8571,0.0,0.0
pltm_besai_kemu_sumberjaya,Stasiun Hujan Sumberjaya,2026-08-23,18.08.03.2017,Kemu,independent_site_engineering_point,yes,-5.009188889,104.483483333,Asia/Jakarta,Stasiun Hujan Sumberjaya engineering forecast reference for PLTM Besai Kemu. The catchment polygon remains pending.,16:00,6,6.0,cukup,"CMA,ECMWF,GFS,ICON,METEOFRANCE,UKMO",Cerah Berawan,76.1,Sedang,27.63,+/-1.83,55.83,+/-11.39,0.03,+/-0.07,27.78,+/-1.96,33.3,50.0,0.0,16.7,0.0,0.0,1.83,11.39,0.07,1.96,7,0.8571,0.0,0.0
pltm_besai_kemu_sumberjaya,Stasiun Hujan Sumberjaya,2026-08-23,18.08.03.2017,Kemu,independent_site_engineering_point,yes,-5.009188889,104.483483333,Asia/Jakarta,Stasiun Hujan Sumberjaya engineering forecast reference for PLTM Besai Kemu. The catchment polygon remains pending.,17:00,6,6.0,cukup,"CMA,ECMWF,GFS,ICON,METEOFRANCE,UKMO",Cerah,76.0,Sedang,26.3,+/-1.97,62.5,+/-12.42,0.0,+/-0.0,26.44,+/-2.19,50.0,33.3,16.7,0.0,0.0,0.0,1.97,12.42,0.0,2.19,7,0.8571,0.0,0.0
pltm_besai_kemu_sumberjaya,Stasiun Hujan Sumberjaya,2026-08-23,18.08.03.2017,Kemu,independent_site_engineering_point,yes,-5.009188889,104.483483333,Asia/Jakarta,Stasiun Hujan Sumberjaya engineering forecast reference for PLTM Besai Kemu. The catchment polygon remains pending.,18:00,6,6.0,cukup,"CMA,ECMWF,GFS,ICON,METEOFRANCE,UKMO",Cerah Berawan,80.1,Tinggi,24.63,+/-1.95,70.0,+/-13.44,0.02,+/-0.04,23.92,+/-1.23,16.7,66.7,0.0,16.7,0.0,0.0,1.95,13.44,0.04,1.23,7,0.8571,0.0,0.0
pltm_besai_kemu_sumberjaya,Stasiun Hujan Sumberjaya,2026-08-23,18.08.03.2017,Kemu,independent_site_engineering_point,yes,-5.009188889,104.483483333,Asia/Jakarta,Stasiun Hujan Sumberjaya engineering forecast reference for PLTM Besai Kemu. The catchment polygon remains pending.,19:00,6,6.0,cukup,"CMA,ECMWF,GFS,ICON,METEOFRANCE,UKMO",Cerah Berawan,84.3,Tinggi,23.12,+/-1.96,77.17,+/-13.46,0.0,+/-0.0,22.38,+/-1.17,16.7,83.3,0.0,0.0,0.0,0.0,1.96,13.46,0.0,1.17,7,0.8571,0.0,0.0
pltm_besai_kemu_sumberjaya,Stasiun Hujan Sumberjaya,2026-08-23,18.08.03.2017,Kemu,independent_site_engineering_point,yes,-5.009188889,104.483483333,Asia/Jakarta,Stasiun Hujan Sumberjaya engineering forecast reference for PLTM Besai Kemu. The catchment polygon remains pending.,20:00,6,6.0,cukup,"CMA,ECMWF,GFS,ICON,METEOFRANCE,UKMO",Cerah Berawan,80.2,Tinggi,22.18,+/-1.87,82.83,+/-11.94,0.0,+/-0.0,22.18,+/-1.87,33.3,66.7,0.0,0.0,0.0,0.0,1.87,11.94,0.0,1.87,7,0.8571,0.0,0.0
pltm_besai_kemu_sumberjaya,Stasiun Hujan Sumberjaya,2026-08-23,18.08.03.2017,Kemu,independent_site_engineering_point,yes,-5.009188889,104.483483333,Asia/Jakarta,Stasiun Hujan Sumberjaya engineering forecast reference for PLTM Besai Kemu. The catchment polygon remains pending.,21:00,6,6.0,cukup,"CMA,ECMWF,GFS,ICON,METEOFRANCE,UKMO",Cerah Berawan,80.6,Tinggi,21.53,+/-1.65,87.33,+/-8.84,0.0,+/-0.0,21.53,+/-1.65,33.3,66.7,0.0,0.0,0.0,0.0,1.65,8.84,0.0,1.65,7,0.8571,0.0,0.0
pltm_besai_kemu_sumberjaya,Stasiun Hujan Sumberjaya,2026-08-23,18.08.03.2017,Kemu,independent_site_engineering_point,yes,-5.009188889,104.483483333,Asia/Jakarta,Stasiun Hujan Sumberjaya engineering forecast reference for PLTM Besai Kemu. The catchment polygon remains pending.,22:00,6,6.0,cukup,"CMA,ECMWF,GFS,ICON,METEOFRANCE,UKMO",Cerah Berawan,77.1,Sedang,20.38,+/-0.6,91.0,+/-6.73,0.0,+/-0.0,20.38,+/-0.6,33.3,50.0,16.7,0.0,0.0,0.0,0.6,6.73,0.0,0.6,7,0.8571,0.0,0.0
pltm_besai_kemu_sumberjaya,Stasiun Hujan Sumberjaya,2026-08-23,18.08.03.2017,Kemu,independent_site_engineering_point,yes,-5.009188889,104.483483333,Asia/Jakarta,Stasiun Hujan Sumberjaya engineering forecast reference for PLTM Besai Kemu. The catchment polygon remains pending.,23:00,6,6.0,cukup,"CMA,ECMWF,GFS,ICON,METEOFRANCE,UKMO",Cerah Berawan,81.5,Tinggi,19.98,+/-0.26,93.17,+/-5.64,0.0,+/-0.0,19.98,+/-0.26,0.0,66.7,33.3,0.0,0.0,0.0,0.26,5.64,0.0,0.26,7,0.8571,0.0,0.0
