location_slug,location_name,target_date,adm4,bmkg_point_name,area_level,is_proxy_bmkg,latitude,longitude,timezone,location_note,tanggal,source_id,provider,success,base_weight,health_factor,effective_base_weight,points_collected,target_points,http_status,duration_ms,error_content_type,error_snippet,payload_saved_path,error
plta_redelong,PLTA Redelong,2026-08-31,11.17.05.2002,Bale Redelong,outlet_reference,yes,4.748139,96.977344,Asia/Jakarta,Forecast Redelong representative point. BMKG ADM4 reference: 11.17.05.2002 (Bale Redelong). Initial BMKG reference for Forecast Redelong Spatial role: outlet_reference. Titik referensi PLTA; tidak diberi bobot luas.,31-08-2026,BMKG,BMKG,yes,1.35,1.0,1.35,18,24,200,916,,,,
plta_redelong,PLTA Redelong,2026-08-31,11.17.05.2002,Bale Redelong,outlet_reference,yes,4.748139,96.977344,Asia/Jakarta,Forecast Redelong representative point. BMKG ADM4 reference: 11.17.05.2002 (Bale Redelong). Initial BMKG reference for Forecast Redelong Spatial role: outlet_reference. Titik referensi PLTA; tidak diberi bobot luas.,31-08-2026,CMA,Open-Meteo / CMA GRAPES,yes,1.0,1.0,1.0,24,24,200,506,,,,
plta_redelong,PLTA Redelong,2026-08-31,11.17.05.2002,Bale Redelong,outlet_reference,yes,4.748139,96.977344,Asia/Jakarta,Forecast Redelong representative point. BMKG ADM4 reference: 11.17.05.2002 (Bale Redelong). Initial BMKG reference for Forecast Redelong Spatial role: outlet_reference. Titik referensi PLTA; tidak diberi bobot luas.,31-08-2026,ECMWF,Open-Meteo / ECMWF,yes,1.0,1.0,1.0,24,24,200,422,,,,
plta_redelong,PLTA Redelong,2026-08-31,11.17.05.2002,Bale Redelong,outlet_reference,yes,4.748139,96.977344,Asia/Jakarta,Forecast Redelong representative point. BMKG ADM4 reference: 11.17.05.2002 (Bale Redelong). Initial BMKG reference for Forecast Redelong Spatial role: outlet_reference. Titik referensi PLTA; tidak diberi bobot luas.,31-08-2026,GFS,Open-Meteo / NOAA GFS,yes,1.0,1.0,1.0,24,24,200,427,,,,
plta_redelong,PLTA Redelong,2026-08-31,11.17.05.2002,Bale Redelong,outlet_reference,yes,4.748139,96.977344,Asia/Jakarta,Forecast Redelong representative point. BMKG ADM4 reference: 11.17.05.2002 (Bale Redelong). Initial BMKG reference for Forecast Redelong Spatial role: outlet_reference. Titik referensi PLTA; tidak diberi bobot luas.,31-08-2026,ICON,Open-Meteo / DWD ICON,yes,1.0,1.0,1.0,24,24,200,411,,,,
plta_redelong,PLTA Redelong,2026-08-31,11.17.05.2002,Bale Redelong,outlet_reference,yes,4.748139,96.977344,Asia/Jakarta,Forecast Redelong representative point. BMKG ADM4 reference: 11.17.05.2002 (Bale Redelong). Initial BMKG reference for Forecast Redelong Spatial role: outlet_reference. Titik referensi PLTA; tidak diberi bobot luas.,31-08-2026,METEOFRANCE,Open-Meteo / Meteo-France,yes,1.0,1.0,1.0,24,24,200,418,,,,
plta_redelong,PLTA Redelong,2026-08-31,11.17.05.2002,Bale Redelong,outlet_reference,yes,4.748139,96.977344,Asia/Jakarta,Forecast Redelong representative point. BMKG ADM4 reference: 11.17.05.2002 (Bale Redelong). Initial BMKG reference for Forecast Redelong Spatial role: outlet_reference. Titik referensi PLTA; tidak diberi bobot luas.,31-08-2026,UKMO,Open-Meteo / UK Met Office,yes,1.0,1.0,1.0,24,24,200,445,,,,
plta_redelong,PLTA Redelong,2026-09-01,11.17.05.2002,Bale Redelong,outlet_reference,yes,4.748139,96.977344,Asia/Jakarta,Forecast Redelong representative point. BMKG ADM4 reference: 11.17.05.2002 (Bale Redelong). Initial BMKG reference for Forecast Redelong Spatial role: outlet_reference. Titik referensi PLTA; tidak diberi bobot luas.,01-09-2026,BMKG,BMKG,yes,1.35,0.9869,1.3323,24,24,200,28,,,,
plta_redelong,PLTA Redelong,2026-09-01,11.17.05.2002,Bale Redelong,outlet_reference,yes,4.748139,96.977344,Asia/Jakarta,Forecast Redelong representative point. BMKG ADM4 reference: 11.17.05.2002 (Bale Redelong). Initial BMKG reference for Forecast Redelong Spatial role: outlet_reference. Titik referensi PLTA; tidak diberi bobot luas.,01-09-2026,CMA,Open-Meteo / CMA GRAPES,yes,1.0,1.0,1.0,24,24,200,397,,,,
plta_redelong,PLTA Redelong,2026-09-01,11.17.05.2002,Bale Redelong,outlet_reference,yes,4.748139,96.977344,Asia/Jakarta,Forecast Redelong representative point. BMKG ADM4 reference: 11.17.05.2002 (Bale Redelong). Initial BMKG reference for Forecast Redelong Spatial role: outlet_reference. Titik referensi PLTA; tidak diberi bobot luas.,01-09-2026,ECMWF,Open-Meteo / ECMWF,yes,1.0,1.0,1.0,24,24,200,408,,,,
plta_redelong,PLTA Redelong,2026-09-01,11.17.05.2002,Bale Redelong,outlet_reference,yes,4.748139,96.977344,Asia/Jakarta,Forecast Redelong representative point. BMKG ADM4 reference: 11.17.05.2002 (Bale Redelong). Initial BMKG reference for Forecast Redelong Spatial role: outlet_reference. Titik referensi PLTA; tidak diberi bobot luas.,01-09-2026,GFS,Open-Meteo / NOAA GFS,yes,1.0,1.0,1.0,24,24,200,416,,,,
plta_redelong,PLTA Redelong,2026-09-01,11.17.05.2002,Bale Redelong,outlet_reference,yes,4.748139,96.977344,Asia/Jakarta,Forecast Redelong representative point. BMKG ADM4 reference: 11.17.05.2002 (Bale Redelong). Initial BMKG reference for Forecast Redelong Spatial role: outlet_reference. Titik referensi PLTA; tidak diberi bobot luas.,01-09-2026,ICON,Open-Meteo / DWD ICON,yes,1.0,1.0,1.0,24,24,200,412,,,,
plta_redelong,PLTA Redelong,2026-09-01,11.17.05.2002,Bale Redelong,outlet_reference,yes,4.748139,96.977344,Asia/Jakarta,Forecast Redelong representative point. BMKG ADM4 reference: 11.17.05.2002 (Bale Redelong). Initial BMKG reference for Forecast Redelong Spatial role: outlet_reference. Titik referensi PLTA; tidak diberi bobot luas.,01-09-2026,METEOFRANCE,Open-Meteo / Meteo-France,yes,1.0,1.0,1.0,24,24,200,403,,,,
plta_redelong,PLTA Redelong,2026-09-01,11.17.05.2002,Bale Redelong,outlet_reference,yes,4.748139,96.977344,Asia/Jakarta,Forecast Redelong representative point. BMKG ADM4 reference: 11.17.05.2002 (Bale Redelong). Initial BMKG reference for Forecast Redelong Spatial role: outlet_reference. Titik referensi PLTA; tidak diberi bobot luas.,01-09-2026,UKMO,Open-Meteo / UK Met Office,yes,1.0,1.0,1.0,24,24,200,406,,,,
plta_redelong,PLTA Redelong,2026-09-02,11.17.05.2002,Bale Redelong,outlet_reference,yes,4.748139,96.977344,Asia/Jakarta,Forecast Redelong representative point. BMKG ADM4 reference: 11.17.05.2002 (Bale Redelong). Initial BMKG reference for Forecast Redelong Spatial role: outlet_reference. Titik referensi PLTA; tidak diberi bobot luas.,02-09-2026,BMKG,BMKG,yes,1.35,0.9915,1.3385,24,24,200,30,,,,
plta_redelong,PLTA Redelong,2026-09-02,11.17.05.2002,Bale Redelong,outlet_reference,yes,4.748139,96.977344,Asia/Jakarta,Forecast Redelong representative point. BMKG ADM4 reference: 11.17.05.2002 (Bale Redelong). Initial BMKG reference for Forecast Redelong Spatial role: outlet_reference. Titik referensi PLTA; tidak diberi bobot luas.,02-09-2026,CMA,Open-Meteo / CMA GRAPES,yes,1.0,1.0,1.0,24,24,200,408,,,,
plta_redelong,PLTA Redelong,2026-09-02,11.17.05.2002,Bale Redelong,outlet_reference,yes,4.748139,96.977344,Asia/Jakarta,Forecast Redelong representative point. BMKG ADM4 reference: 11.17.05.2002 (Bale Redelong). Initial BMKG reference for Forecast Redelong Spatial role: outlet_reference. Titik referensi PLTA; tidak diberi bobot luas.,02-09-2026,ECMWF,Open-Meteo / ECMWF,yes,1.0,1.0,1.0,24,24,200,411,,,,
plta_redelong,PLTA Redelong,2026-09-02,11.17.05.2002,Bale Redelong,outlet_reference,yes,4.748139,96.977344,Asia/Jakarta,Forecast Redelong representative point. BMKG ADM4 reference: 11.17.05.2002 (Bale Redelong). Initial BMKG reference for Forecast Redelong Spatial role: outlet_reference. Titik referensi PLTA; tidak diberi bobot luas.,02-09-2026,GFS,Open-Meteo / NOAA GFS,yes,1.0,1.0,1.0,24,24,200,388,,,,
plta_redelong,PLTA Redelong,2026-09-02,11.17.05.2002,Bale Redelong,outlet_reference,yes,4.748139,96.977344,Asia/Jakarta,Forecast Redelong representative point. BMKG ADM4 reference: 11.17.05.2002 (Bale Redelong). Initial BMKG reference for Forecast Redelong Spatial role: outlet_reference. Titik referensi PLTA; tidak diberi bobot luas.,02-09-2026,ICON,Open-Meteo / DWD ICON,yes,1.0,1.0,1.0,24,24,200,483,,,,
plta_redelong,PLTA Redelong,2026-09-02,11.17.05.2002,Bale Redelong,outlet_reference,yes,4.748139,96.977344,Asia/Jakarta,Forecast Redelong representative point. BMKG ADM4 reference: 11.17.05.2002 (Bale Redelong). Initial BMKG reference for Forecast Redelong Spatial role: outlet_reference. Titik referensi PLTA; tidak diberi bobot luas.,02-09-2026,METEOFRANCE,Open-Meteo / Meteo-France,yes,1.0,1.0,1.0,24,24,200,418,,,,
plta_redelong,PLTA Redelong,2026-09-02,11.17.05.2002,Bale Redelong,outlet_reference,yes,4.748139,96.977344,Asia/Jakarta,Forecast Redelong representative point. BMKG ADM4 reference: 11.17.05.2002 (Bale Redelong). Initial BMKG reference for Forecast Redelong Spatial role: outlet_reference. Titik referensi PLTA; tidak diberi bobot luas.,02-09-2026,UKMO,Open-Meteo / UK Met Office,yes,1.0,1.0,1.0,24,24,200,395,,,,
plta_redelong,PLTA Redelong,2026-09-03,11.17.05.2002,Bale Redelong,outlet_reference,yes,4.748139,96.977344,Asia/Jakarta,Forecast Redelong representative point. BMKG ADM4 reference: 11.17.05.2002 (Bale Redelong). Initial BMKG reference for Forecast Redelong Spatial role: outlet_reference. Titik referensi PLTA; tidak diberi bobot luas.,03-09-2026,BMKG,BMKG,no,1.35,0.9945,1.3426,0,24,,51,,,,BMKG tidak mengembalikan kandidat untuk target date
plta_redelong,PLTA Redelong,2026-09-03,11.17.05.2002,Bale Redelong,outlet_reference,yes,4.748139,96.977344,Asia/Jakarta,Forecast Redelong representative point. BMKG ADM4 reference: 11.17.05.2002 (Bale Redelong). Initial BMKG reference for Forecast Redelong Spatial role: outlet_reference. Titik referensi PLTA; tidak diberi bobot luas.,03-09-2026,CMA,Open-Meteo / CMA GRAPES,yes,1.0,1.0,1.0,24,24,200,386,,,,
plta_redelong,PLTA Redelong,2026-09-03,11.17.05.2002,Bale Redelong,outlet_reference,yes,4.748139,96.977344,Asia/Jakarta,Forecast Redelong representative point. BMKG ADM4 reference: 11.17.05.2002 (Bale Redelong). Initial BMKG reference for Forecast Redelong Spatial role: outlet_reference. Titik referensi PLTA; tidak diberi bobot luas.,03-09-2026,ECMWF,Open-Meteo / ECMWF,yes,1.0,1.0,1.0,24,24,200,391,,,,
plta_redelong,PLTA Redelong,2026-09-03,11.17.05.2002,Bale Redelong,outlet_reference,yes,4.748139,96.977344,Asia/Jakarta,Forecast Redelong representative point. BMKG ADM4 reference: 11.17.05.2002 (Bale Redelong). Initial BMKG reference for Forecast Redelong Spatial role: outlet_reference. Titik referensi PLTA; tidak diberi bobot luas.,03-09-2026,GFS,Open-Meteo / NOAA GFS,yes,1.0,1.0,1.0,24,24,200,380,,,,
plta_redelong,PLTA Redelong,2026-09-03,11.17.05.2002,Bale Redelong,outlet_reference,yes,4.748139,96.977344,Asia/Jakarta,Forecast Redelong representative point. BMKG ADM4 reference: 11.17.05.2002 (Bale Redelong). Initial BMKG reference for Forecast Redelong Spatial role: outlet_reference. Titik referensi PLTA; tidak diberi bobot luas.,03-09-2026,ICON,Open-Meteo / DWD ICON,yes,1.0,1.0,1.0,24,24,200,384,,,,
plta_redelong,PLTA Redelong,2026-09-03,11.17.05.2002,Bale Redelong,outlet_reference,yes,4.748139,96.977344,Asia/Jakarta,Forecast Redelong representative point. BMKG ADM4 reference: 11.17.05.2002 (Bale Redelong). Initial BMKG reference for Forecast Redelong Spatial role: outlet_reference. Titik referensi PLTA; tidak diberi bobot luas.,03-09-2026,METEOFRANCE,Open-Meteo / Meteo-France,yes,1.0,1.0,1.0,24,24,200,392,,,,
plta_redelong,PLTA Redelong,2026-09-03,11.17.05.2002,Bale Redelong,outlet_reference,yes,4.748139,96.977344,Asia/Jakarta,Forecast Redelong representative point. BMKG ADM4 reference: 11.17.05.2002 (Bale Redelong). Initial BMKG reference for Forecast Redelong Spatial role: outlet_reference. Titik referensi PLTA; tidak diberi bobot luas.,03-09-2026,UKMO,Open-Meteo / UK Met Office,yes,1.0,1.0,1.0,24,24,200,403,,,,
gpm1,GPM1,2026-08-31,11.17.05.2002,Bale Redelong,provisional_catchment,yes,4.81572033808049,96.877105410688,Asia/Jakarta,Forecast Redelong representative point. BMKG ADM4 reference: 11.17.05.2002 (Bale Redelong). Initial BMKG reference for catchment point Spatial role: provisional_catchment. Area analisis provisional; menunggu konfirmasi batas DAS resmi.,31-08-2026,BMKG,BMKG,yes,1.35,1.0,1.35,18,24,200,23,,,,
gpm1,GPM1,2026-08-31,11.17.05.2002,Bale Redelong,provisional_catchment,yes,4.81572033808049,96.877105410688,Asia/Jakarta,Forecast Redelong representative point. BMKG ADM4 reference: 11.17.05.2002 (Bale Redelong). Initial BMKG reference for catchment point Spatial role: provisional_catchment. Area analisis provisional; menunggu konfirmasi batas DAS resmi.,31-08-2026,CMA,Open-Meteo / CMA GRAPES,yes,1.0,1.0,1.0,24,24,200,390,,,,
gpm1,GPM1,2026-08-31,11.17.05.2002,Bale Redelong,provisional_catchment,yes,4.81572033808049,96.877105410688,Asia/Jakarta,Forecast Redelong representative point. BMKG ADM4 reference: 11.17.05.2002 (Bale Redelong). Initial BMKG reference for catchment point Spatial role: provisional_catchment. Area analisis provisional; menunggu konfirmasi batas DAS resmi.,31-08-2026,ECMWF,Open-Meteo / ECMWF,yes,1.0,1.0,1.0,24,24,200,388,,,,
gpm1,GPM1,2026-08-31,11.17.05.2002,Bale Redelong,provisional_catchment,yes,4.81572033808049,96.877105410688,Asia/Jakarta,Forecast Redelong representative point. BMKG ADM4 reference: 11.17.05.2002 (Bale Redelong). Initial BMKG reference for catchment point Spatial role: provisional_catchment. Area analisis provisional; menunggu konfirmasi batas DAS resmi.,31-08-2026,GFS,Open-Meteo / NOAA GFS,yes,1.0,1.0,1.0,24,24,200,392,,,,
gpm1,GPM1,2026-08-31,11.17.05.2002,Bale Redelong,provisional_catchment,yes,4.81572033808049,96.877105410688,Asia/Jakarta,Forecast Redelong representative point. BMKG ADM4 reference: 11.17.05.2002 (Bale Redelong). Initial BMKG reference for catchment point Spatial role: provisional_catchment. Area analisis provisional; menunggu konfirmasi batas DAS resmi.,31-08-2026,ICON,Open-Meteo / DWD ICON,yes,1.0,1.0,1.0,24,24,200,391,,,,
gpm1,GPM1,2026-08-31,11.17.05.2002,Bale Redelong,provisional_catchment,yes,4.81572033808049,96.877105410688,Asia/Jakarta,Forecast Redelong representative point. BMKG ADM4 reference: 11.17.05.2002 (Bale Redelong). Initial BMKG reference for catchment point Spatial role: provisional_catchment. Area analisis provisional; menunggu konfirmasi batas DAS resmi.,31-08-2026,METEOFRANCE,Open-Meteo / Meteo-France,yes,1.0,1.0,1.0,24,24,200,398,,,,
gpm1,GPM1,2026-08-31,11.17.05.2002,Bale Redelong,provisional_catchment,yes,4.81572033808049,96.877105410688,Asia/Jakarta,Forecast Redelong representative point. BMKG ADM4 reference: 11.17.05.2002 (Bale Redelong). Initial BMKG reference for catchment point Spatial role: provisional_catchment. Area analisis provisional; menunggu konfirmasi batas DAS resmi.,31-08-2026,UKMO,Open-Meteo / UK Met Office,yes,1.0,1.0,1.0,24,24,200,383,,,,
gpm1,GPM1,2026-09-01,11.17.05.2002,Bale Redelong,provisional_catchment,yes,4.81572033808049,96.877105410688,Asia/Jakarta,Forecast Redelong representative point. BMKG ADM4 reference: 11.17.05.2002 (Bale Redelong). Initial BMKG reference for catchment point Spatial role: provisional_catchment. Area analisis provisional; menunggu konfirmasi batas DAS resmi.,01-09-2026,BMKG,BMKG,yes,1.35,0.9869,1.3323,24,24,200,46,,,,
gpm1,GPM1,2026-09-01,11.17.05.2002,Bale Redelong,provisional_catchment,yes,4.81572033808049,96.877105410688,Asia/Jakarta,Forecast Redelong representative point. BMKG ADM4 reference: 11.17.05.2002 (Bale Redelong). Initial BMKG reference for catchment point Spatial role: provisional_catchment. Area analisis provisional; menunggu konfirmasi batas DAS resmi.,01-09-2026,CMA,Open-Meteo / CMA GRAPES,yes,1.0,1.0,1.0,24,24,200,388,,,,
gpm1,GPM1,2026-09-01,11.17.05.2002,Bale Redelong,provisional_catchment,yes,4.81572033808049,96.877105410688,Asia/Jakarta,Forecast Redelong representative point. BMKG ADM4 reference: 11.17.05.2002 (Bale Redelong). Initial BMKG reference for catchment point Spatial role: provisional_catchment. Area analisis provisional; menunggu konfirmasi batas DAS resmi.,01-09-2026,ECMWF,Open-Meteo / ECMWF,yes,1.0,1.0,1.0,24,24,200,380,,,,
gpm1,GPM1,2026-09-01,11.17.05.2002,Bale Redelong,provisional_catchment,yes,4.81572033808049,96.877105410688,Asia/Jakarta,Forecast Redelong representative point. BMKG ADM4 reference: 11.17.05.2002 (Bale Redelong). Initial BMKG reference for catchment point Spatial role: provisional_catchment. Area analisis provisional; menunggu konfirmasi batas DAS resmi.,01-09-2026,GFS,Open-Meteo / NOAA GFS,yes,1.0,1.0,1.0,24,24,200,391,,,,
gpm1,GPM1,2026-09-01,11.17.05.2002,Bale Redelong,provisional_catchment,yes,4.81572033808049,96.877105410688,Asia/Jakarta,Forecast Redelong representative point. BMKG ADM4 reference: 11.17.05.2002 (Bale Redelong). Initial BMKG reference for catchment point Spatial role: provisional_catchment. Area analisis provisional; menunggu konfirmasi batas DAS resmi.,01-09-2026,ICON,Open-Meteo / DWD ICON,yes,1.0,1.0,1.0,24,24,200,402,,,,
gpm1,GPM1,2026-09-01,11.17.05.2002,Bale Redelong,provisional_catchment,yes,4.81572033808049,96.877105410688,Asia/Jakarta,Forecast Redelong representative point. BMKG ADM4 reference: 11.17.05.2002 (Bale Redelong). Initial BMKG reference for catchment point Spatial role: provisional_catchment. Area analisis provisional; menunggu konfirmasi batas DAS resmi.,01-09-2026,METEOFRANCE,Open-Meteo / Meteo-France,yes,1.0,1.0,1.0,24,24,200,391,,,,
gpm1,GPM1,2026-09-01,11.17.05.2002,Bale Redelong,provisional_catchment,yes,4.81572033808049,96.877105410688,Asia/Jakarta,Forecast Redelong representative point. BMKG ADM4 reference: 11.17.05.2002 (Bale Redelong). Initial BMKG reference for catchment point Spatial role: provisional_catchment. Area analisis provisional; menunggu konfirmasi batas DAS resmi.,01-09-2026,UKMO,Open-Meteo / UK Met Office,yes,1.0,1.0,1.0,24,24,200,381,,,,
gpm1,GPM1,2026-09-02,11.17.05.2002,Bale Redelong,provisional_catchment,yes,4.81572033808049,96.877105410688,Asia/Jakarta,Forecast Redelong representative point. BMKG ADM4 reference: 11.17.05.2002 (Bale Redelong). Initial BMKG reference for catchment point Spatial role: provisional_catchment. Area analisis provisional; menunggu konfirmasi batas DAS resmi.,02-09-2026,BMKG,BMKG,yes,1.35,0.9915,1.3385,24,24,200,20,,,,
gpm1,GPM1,2026-09-02,11.17.05.2002,Bale Redelong,provisional_catchment,yes,4.81572033808049,96.877105410688,Asia/Jakarta,Forecast Redelong representative point. BMKG ADM4 reference: 11.17.05.2002 (Bale Redelong). Initial BMKG reference for catchment point Spatial role: provisional_catchment. Area analisis provisional; menunggu konfirmasi batas DAS resmi.,02-09-2026,CMA,Open-Meteo / CMA GRAPES,yes,1.0,1.0,1.0,24,24,200,380,,,,
gpm1,GPM1,2026-09-02,11.17.05.2002,Bale Redelong,provisional_catchment,yes,4.81572033808049,96.877105410688,Asia/Jakarta,Forecast Redelong representative point. BMKG ADM4 reference: 11.17.05.2002 (Bale Redelong). Initial BMKG reference for catchment point Spatial role: provisional_catchment. Area analisis provisional; menunggu konfirmasi batas DAS resmi.,02-09-2026,ECMWF,Open-Meteo / ECMWF,yes,1.0,1.0,1.0,24,24,200,392,,,,
gpm1,GPM1,2026-09-02,11.17.05.2002,Bale Redelong,provisional_catchment,yes,4.81572033808049,96.877105410688,Asia/Jakarta,Forecast Redelong representative point. BMKG ADM4 reference: 11.17.05.2002 (Bale Redelong). Initial BMKG reference for catchment point Spatial role: provisional_catchment. Area analisis provisional; menunggu konfirmasi batas DAS resmi.,02-09-2026,GFS,Open-Meteo / NOAA GFS,yes,1.0,1.0,1.0,24,24,200,385,,,,
gpm1,GPM1,2026-09-02,11.17.05.2002,Bale Redelong,provisional_catchment,yes,4.81572033808049,96.877105410688,Asia/Jakarta,Forecast Redelong representative point. BMKG ADM4 reference: 11.17.05.2002 (Bale Redelong). Initial BMKG reference for catchment point Spatial role: provisional_catchment. Area analisis provisional; menunggu konfirmasi batas DAS resmi.,02-09-2026,ICON,Open-Meteo / DWD ICON,yes,1.0,1.0,1.0,24,24,200,392,,,,
gpm1,GPM1,2026-09-02,11.17.05.2002,Bale Redelong,provisional_catchment,yes,4.81572033808049,96.877105410688,Asia/Jakarta,Forecast Redelong representative point. BMKG ADM4 reference: 11.17.05.2002 (Bale Redelong). Initial BMKG reference for catchment point Spatial role: provisional_catchment. Area analisis provisional; menunggu konfirmasi batas DAS resmi.,02-09-2026,METEOFRANCE,Open-Meteo / Meteo-France,yes,1.0,1.0,1.0,24,24,200,416,,,,
gpm1,GPM1,2026-09-02,11.17.05.2002,Bale Redelong,provisional_catchment,yes,4.81572033808049,96.877105410688,Asia/Jakarta,Forecast Redelong representative point. BMKG ADM4 reference: 11.17.05.2002 (Bale Redelong). Initial BMKG reference for catchment point Spatial role: provisional_catchment. Area analisis provisional; menunggu konfirmasi batas DAS resmi.,02-09-2026,UKMO,Open-Meteo / UK Met Office,yes,1.0,1.0,1.0,24,24,200,392,,,,
gpm1,GPM1,2026-09-03,11.17.05.2002,Bale Redelong,provisional_catchment,yes,4.81572033808049,96.877105410688,Asia/Jakarta,Forecast Redelong representative point. BMKG ADM4 reference: 11.17.05.2002 (Bale Redelong). Initial BMKG reference for catchment point Spatial role: provisional_catchment. Area analisis provisional; menunggu konfirmasi batas DAS resmi.,03-09-2026,BMKG,BMKG,no,1.35,0.9945,1.3426,0,24,,46,,,,BMKG tidak mengembalikan kandidat untuk target date
gpm1,GPM1,2026-09-03,11.17.05.2002,Bale Redelong,provisional_catchment,yes,4.81572033808049,96.877105410688,Asia/Jakarta,Forecast Redelong representative point. BMKG ADM4 reference: 11.17.05.2002 (Bale Redelong). Initial BMKG reference for catchment point Spatial role: provisional_catchment. Area analisis provisional; menunggu konfirmasi batas DAS resmi.,03-09-2026,CMA,Open-Meteo / CMA GRAPES,yes,1.0,1.0,1.0,24,24,200,401,,,,
gpm1,GPM1,2026-09-03,11.17.05.2002,Bale Redelong,provisional_catchment,yes,4.81572033808049,96.877105410688,Asia/Jakarta,Forecast Redelong representative point. BMKG ADM4 reference: 11.17.05.2002 (Bale Redelong). Initial BMKG reference for catchment point Spatial role: provisional_catchment. Area analisis provisional; menunggu konfirmasi batas DAS resmi.,03-09-2026,ECMWF,Open-Meteo / ECMWF,yes,1.0,1.0,1.0,24,24,200,389,,,,
gpm1,GPM1,2026-09-03,11.17.05.2002,Bale Redelong,provisional_catchment,yes,4.81572033808049,96.877105410688,Asia/Jakarta,Forecast Redelong representative point. BMKG ADM4 reference: 11.17.05.2002 (Bale Redelong). Initial BMKG reference for catchment point Spatial role: provisional_catchment. Area analisis provisional; menunggu konfirmasi batas DAS resmi.,03-09-2026,GFS,Open-Meteo / NOAA GFS,yes,1.0,1.0,1.0,24,24,200,386,,,,
gpm1,GPM1,2026-09-03,11.17.05.2002,Bale Redelong,provisional_catchment,yes,4.81572033808049,96.877105410688,Asia/Jakarta,Forecast Redelong representative point. BMKG ADM4 reference: 11.17.05.2002 (Bale Redelong). Initial BMKG reference for catchment point Spatial role: provisional_catchment. Area analisis provisional; menunggu konfirmasi batas DAS resmi.,03-09-2026,ICON,Open-Meteo / DWD ICON,yes,1.0,1.0,1.0,24,24,200,382,,,,
gpm1,GPM1,2026-09-03,11.17.05.2002,Bale Redelong,provisional_catchment,yes,4.81572033808049,96.877105410688,Asia/Jakarta,Forecast Redelong representative point. BMKG ADM4 reference: 11.17.05.2002 (Bale Redelong). Initial BMKG reference for catchment point Spatial role: provisional_catchment. Area analisis provisional; menunggu konfirmasi batas DAS resmi.,03-09-2026,METEOFRANCE,Open-Meteo / Meteo-France,yes,1.0,1.0,1.0,24,24,200,379,,,,
gpm1,GPM1,2026-09-03,11.17.05.2002,Bale Redelong,provisional_catchment,yes,4.81572033808049,96.877105410688,Asia/Jakarta,Forecast Redelong representative point. BMKG ADM4 reference: 11.17.05.2002 (Bale Redelong). Initial BMKG reference for catchment point Spatial role: provisional_catchment. Area analisis provisional; menunggu konfirmasi batas DAS resmi.,03-09-2026,UKMO,Open-Meteo / UK Met Office,yes,1.0,1.0,1.0,24,24,200,394,,,,
gpm2,GPM2,2026-08-31,11.17.05.2002,Bale Redelong,provisional_catchment,yes,4.811672965065149,96.9505347134354,Asia/Jakarta,Forecast Redelong representative point. BMKG ADM4 reference: 11.17.05.2002 (Bale Redelong). Initial BMKG reference for catchment point Spatial role: provisional_catchment. Area analisis provisional; menunggu konfirmasi batas DAS resmi.,31-08-2026,BMKG,BMKG,yes,1.35,1.0,1.35,18,24,200,28,,,,
gpm2,GPM2,2026-08-31,11.17.05.2002,Bale Redelong,provisional_catchment,yes,4.811672965065149,96.9505347134354,Asia/Jakarta,Forecast Redelong representative point. BMKG ADM4 reference: 11.17.05.2002 (Bale Redelong). Initial BMKG reference for catchment point Spatial role: provisional_catchment. Area analisis provisional; menunggu konfirmasi batas DAS resmi.,31-08-2026,CMA,Open-Meteo / CMA GRAPES,yes,1.0,1.0,1.0,24,24,200,387,,,,
gpm2,GPM2,2026-08-31,11.17.05.2002,Bale Redelong,provisional_catchment,yes,4.811672965065149,96.9505347134354,Asia/Jakarta,Forecast Redelong representative point. BMKG ADM4 reference: 11.17.05.2002 (Bale Redelong). Initial BMKG reference for catchment point Spatial role: provisional_catchment. Area analisis provisional; menunggu konfirmasi batas DAS resmi.,31-08-2026,ECMWF,Open-Meteo / ECMWF,yes,1.0,1.0,1.0,24,24,200,392,,,,
gpm2,GPM2,2026-08-31,11.17.05.2002,Bale Redelong,provisional_catchment,yes,4.811672965065149,96.9505347134354,Asia/Jakarta,Forecast Redelong representative point. BMKG ADM4 reference: 11.17.05.2002 (Bale Redelong). Initial BMKG reference for catchment point Spatial role: provisional_catchment. Area analisis provisional; menunggu konfirmasi batas DAS resmi.,31-08-2026,GFS,Open-Meteo / NOAA GFS,yes,1.0,1.0,1.0,24,24,200,382,,,,
gpm2,GPM2,2026-08-31,11.17.05.2002,Bale Redelong,provisional_catchment,yes,4.811672965065149,96.9505347134354,Asia/Jakarta,Forecast Redelong representative point. BMKG ADM4 reference: 11.17.05.2002 (Bale Redelong). Initial BMKG reference for catchment point Spatial role: provisional_catchment. Area analisis provisional; menunggu konfirmasi batas DAS resmi.,31-08-2026,ICON,Open-Meteo / DWD ICON,yes,1.0,1.0,1.0,24,24,200,381,,,,
gpm2,GPM2,2026-08-31,11.17.05.2002,Bale Redelong,provisional_catchment,yes,4.811672965065149,96.9505347134354,Asia/Jakarta,Forecast Redelong representative point. BMKG ADM4 reference: 11.17.05.2002 (Bale Redelong). Initial BMKG reference for catchment point Spatial role: provisional_catchment. Area analisis provisional; menunggu konfirmasi batas DAS resmi.,31-08-2026,METEOFRANCE,Open-Meteo / Meteo-France,yes,1.0,1.0,1.0,24,24,200,393,,,,
gpm2,GPM2,2026-08-31,11.17.05.2002,Bale Redelong,provisional_catchment,yes,4.811672965065149,96.9505347134354,Asia/Jakarta,Forecast Redelong representative point. BMKG ADM4 reference: 11.17.05.2002 (Bale Redelong). Initial BMKG reference for catchment point Spatial role: provisional_catchment. Area analisis provisional; menunggu konfirmasi batas DAS resmi.,31-08-2026,UKMO,Open-Meteo / UK Met Office,yes,1.0,1.0,1.0,24,24,200,402,,,,
gpm2,GPM2,2026-09-01,11.17.05.2002,Bale Redelong,provisional_catchment,yes,4.811672965065149,96.9505347134354,Asia/Jakarta,Forecast Redelong representative point. BMKG ADM4 reference: 11.17.05.2002 (Bale Redelong). Initial BMKG reference for catchment point Spatial role: provisional_catchment. Area analisis provisional; menunggu konfirmasi batas DAS resmi.,01-09-2026,BMKG,BMKG,yes,1.35,0.9869,1.3323,24,24,200,28,,,,
gpm2,GPM2,2026-09-01,11.17.05.2002,Bale Redelong,provisional_catchment,yes,4.811672965065149,96.9505347134354,Asia/Jakarta,Forecast Redelong representative point. BMKG ADM4 reference: 11.17.05.2002 (Bale Redelong). Initial BMKG reference for catchment point Spatial role: provisional_catchment. Area analisis provisional; menunggu konfirmasi batas DAS resmi.,01-09-2026,CMA,Open-Meteo / CMA GRAPES,yes,1.0,1.0,1.0,24,24,200,393,,,,
gpm2,GPM2,2026-09-01,11.17.05.2002,Bale Redelong,provisional_catchment,yes,4.811672965065149,96.9505347134354,Asia/Jakarta,Forecast Redelong representative point. BMKG ADM4 reference: 11.17.05.2002 (Bale Redelong). Initial BMKG reference for catchment point Spatial role: provisional_catchment. Area analisis provisional; menunggu konfirmasi batas DAS resmi.,01-09-2026,ECMWF,Open-Meteo / ECMWF,yes,1.0,1.0,1.0,24,24,200,394,,,,
gpm2,GPM2,2026-09-01,11.17.05.2002,Bale Redelong,provisional_catchment,yes,4.811672965065149,96.9505347134354,Asia/Jakarta,Forecast Redelong representative point. BMKG ADM4 reference: 11.17.05.2002 (Bale Redelong). Initial BMKG reference for catchment point Spatial role: provisional_catchment. Area analisis provisional; menunggu konfirmasi batas DAS resmi.,01-09-2026,GFS,Open-Meteo / NOAA GFS,yes,1.0,1.0,1.0,24,24,200,406,,,,
gpm2,GPM2,2026-09-01,11.17.05.2002,Bale Redelong,provisional_catchment,yes,4.811672965065149,96.9505347134354,Asia/Jakarta,Forecast Redelong representative point. BMKG ADM4 reference: 11.17.05.2002 (Bale Redelong). Initial BMKG reference for catchment point Spatial role: provisional_catchment. Area analisis provisional; menunggu konfirmasi batas DAS resmi.,01-09-2026,ICON,Open-Meteo / DWD ICON,yes,1.0,1.0,1.0,24,24,200,399,,,,
gpm2,GPM2,2026-09-01,11.17.05.2002,Bale Redelong,provisional_catchment,yes,4.811672965065149,96.9505347134354,Asia/Jakarta,Forecast Redelong representative point. BMKG ADM4 reference: 11.17.05.2002 (Bale Redelong). Initial BMKG reference for catchment point Spatial role: provisional_catchment. Area analisis provisional; menunggu konfirmasi batas DAS resmi.,01-09-2026,METEOFRANCE,Open-Meteo / Meteo-France,yes,1.0,1.0,1.0,24,24,200,407,,,,
gpm2,GPM2,2026-09-01,11.17.05.2002,Bale Redelong,provisional_catchment,yes,4.811672965065149,96.9505347134354,Asia/Jakarta,Forecast Redelong representative point. BMKG ADM4 reference: 11.17.05.2002 (Bale Redelong). Initial BMKG reference for catchment point Spatial role: provisional_catchment. Area analisis provisional; menunggu konfirmasi batas DAS resmi.,01-09-2026,UKMO,Open-Meteo / UK Met Office,yes,1.0,1.0,1.0,24,24,200,399,,,,
gpm2,GPM2,2026-09-02,11.17.05.2002,Bale Redelong,provisional_catchment,yes,4.811672965065149,96.9505347134354,Asia/Jakarta,Forecast Redelong representative point. BMKG ADM4 reference: 11.17.05.2002 (Bale Redelong). Initial BMKG reference for catchment point Spatial role: provisional_catchment. Area analisis provisional; menunggu konfirmasi batas DAS resmi.,02-09-2026,BMKG,BMKG,yes,1.35,0.9915,1.3385,24,24,200,21,,,,
gpm2,GPM2,2026-09-02,11.17.05.2002,Bale Redelong,provisional_catchment,yes,4.811672965065149,96.9505347134354,Asia/Jakarta,Forecast Redelong representative point. BMKG ADM4 reference: 11.17.05.2002 (Bale Redelong). Initial BMKG reference for catchment point Spatial role: provisional_catchment. Area analisis provisional; menunggu konfirmasi batas DAS resmi.,02-09-2026,CMA,Open-Meteo / CMA GRAPES,yes,1.0,1.0,1.0,24,24,200,385,,,,
gpm2,GPM2,2026-09-02,11.17.05.2002,Bale Redelong,provisional_catchment,yes,4.811672965065149,96.9505347134354,Asia/Jakarta,Forecast Redelong representative point. BMKG ADM4 reference: 11.17.05.2002 (Bale Redelong). Initial BMKG reference for catchment point Spatial role: provisional_catchment. Area analisis provisional; menunggu konfirmasi batas DAS resmi.,02-09-2026,ECMWF,Open-Meteo / ECMWF,yes,1.0,1.0,1.0,24,24,200,392,,,,
gpm2,GPM2,2026-09-02,11.17.05.2002,Bale Redelong,provisional_catchment,yes,4.811672965065149,96.9505347134354,Asia/Jakarta,Forecast Redelong representative point. BMKG ADM4 reference: 11.17.05.2002 (Bale Redelong). Initial BMKG reference for catchment point Spatial role: provisional_catchment. Area analisis provisional; menunggu konfirmasi batas DAS resmi.,02-09-2026,GFS,Open-Meteo / NOAA GFS,yes,1.0,1.0,1.0,24,24,200,473,,,,
gpm2,GPM2,2026-09-02,11.17.05.2002,Bale Redelong,provisional_catchment,yes,4.811672965065149,96.9505347134354,Asia/Jakarta,Forecast Redelong representative point. BMKG ADM4 reference: 11.17.05.2002 (Bale Redelong). Initial BMKG reference for catchment point Spatial role: provisional_catchment. Area analisis provisional; menunggu konfirmasi batas DAS resmi.,02-09-2026,ICON,Open-Meteo / DWD ICON,yes,1.0,1.0,1.0,24,24,200,394,,,,
gpm2,GPM2,2026-09-02,11.17.05.2002,Bale Redelong,provisional_catchment,yes,4.811672965065149,96.9505347134354,Asia/Jakarta,Forecast Redelong representative point. BMKG ADM4 reference: 11.17.05.2002 (Bale Redelong). Initial BMKG reference for catchment point Spatial role: provisional_catchment. Area analisis provisional; menunggu konfirmasi batas DAS resmi.,02-09-2026,METEOFRANCE,Open-Meteo / Meteo-France,yes,1.0,1.0,1.0,24,24,200,393,,,,
gpm2,GPM2,2026-09-02,11.17.05.2002,Bale Redelong,provisional_catchment,yes,4.811672965065149,96.9505347134354,Asia/Jakarta,Forecast Redelong representative point. BMKG ADM4 reference: 11.17.05.2002 (Bale Redelong). Initial BMKG reference for catchment point Spatial role: provisional_catchment. Area analisis provisional; menunggu konfirmasi batas DAS resmi.,02-09-2026,UKMO,Open-Meteo / UK Met Office,yes,1.0,1.0,1.0,24,24,200,425,,,,
gpm2,GPM2,2026-09-03,11.17.05.2002,Bale Redelong,provisional_catchment,yes,4.811672965065149,96.9505347134354,Asia/Jakarta,Forecast Redelong representative point. BMKG ADM4 reference: 11.17.05.2002 (Bale Redelong). Initial BMKG reference for catchment point Spatial role: provisional_catchment. Area analisis provisional; menunggu konfirmasi batas DAS resmi.,03-09-2026,BMKG,BMKG,no,1.35,0.9945,1.3426,0,24,,48,,,,BMKG tidak mengembalikan kandidat untuk target date
gpm2,GPM2,2026-09-03,11.17.05.2002,Bale Redelong,provisional_catchment,yes,4.811672965065149,96.9505347134354,Asia/Jakarta,Forecast Redelong representative point. BMKG ADM4 reference: 11.17.05.2002 (Bale Redelong). Initial BMKG reference for catchment point Spatial role: provisional_catchment. Area analisis provisional; menunggu konfirmasi batas DAS resmi.,03-09-2026,CMA,Open-Meteo / CMA GRAPES,yes,1.0,1.0,1.0,24,24,200,382,,,,
gpm2,GPM2,2026-09-03,11.17.05.2002,Bale Redelong,provisional_catchment,yes,4.811672965065149,96.9505347134354,Asia/Jakarta,Forecast Redelong representative point. BMKG ADM4 reference: 11.17.05.2002 (Bale Redelong). Initial BMKG reference for catchment point Spatial role: provisional_catchment. Area analisis provisional; menunggu konfirmasi batas DAS resmi.,03-09-2026,ECMWF,Open-Meteo / ECMWF,yes,1.0,1.0,1.0,24,24,200,428,,,,
gpm2,GPM2,2026-09-03,11.17.05.2002,Bale Redelong,provisional_catchment,yes,4.811672965065149,96.9505347134354,Asia/Jakarta,Forecast Redelong representative point. BMKG ADM4 reference: 11.17.05.2002 (Bale Redelong). Initial BMKG reference for catchment point Spatial role: provisional_catchment. Area analisis provisional; menunggu konfirmasi batas DAS resmi.,03-09-2026,GFS,Open-Meteo / NOAA GFS,yes,1.0,1.0,1.0,24,24,200,483,,,,
gpm2,GPM2,2026-09-03,11.17.05.2002,Bale Redelong,provisional_catchment,yes,4.811672965065149,96.9505347134354,Asia/Jakarta,Forecast Redelong representative point. BMKG ADM4 reference: 11.17.05.2002 (Bale Redelong). Initial BMKG reference for catchment point Spatial role: provisional_catchment. Area analisis provisional; menunggu konfirmasi batas DAS resmi.,03-09-2026,ICON,Open-Meteo / DWD ICON,yes,1.0,1.0,1.0,24,24,200,395,,,,
gpm2,GPM2,2026-09-03,11.17.05.2002,Bale Redelong,provisional_catchment,yes,4.811672965065149,96.9505347134354,Asia/Jakarta,Forecast Redelong representative point. BMKG ADM4 reference: 11.17.05.2002 (Bale Redelong). Initial BMKG reference for catchment point Spatial role: provisional_catchment. Area analisis provisional; menunggu konfirmasi batas DAS resmi.,03-09-2026,METEOFRANCE,Open-Meteo / Meteo-France,yes,1.0,1.0,1.0,24,24,200,389,,,,
gpm2,GPM2,2026-09-03,11.17.05.2002,Bale Redelong,provisional_catchment,yes,4.811672965065149,96.9505347134354,Asia/Jakarta,Forecast Redelong representative point. BMKG ADM4 reference: 11.17.05.2002 (Bale Redelong). Initial BMKG reference for catchment point Spatial role: provisional_catchment. Area analisis provisional; menunggu konfirmasi batas DAS resmi.,03-09-2026,UKMO,Open-Meteo / UK Met Office,yes,1.0,1.0,1.0,24,24,200,479,,,,
gpm3,GPM3,2026-08-31,11.17.05.2002,Bale Redelong,provisional_catchment,yes,4.815409756944025,97.009911990332,Asia/Jakarta,Forecast Redelong representative point. BMKG ADM4 reference: 11.17.05.2002 (Bale Redelong). Initial BMKG reference for catchment point Spatial role: provisional_catchment. Area analisis provisional; menunggu konfirmasi batas DAS resmi.,31-08-2026,BMKG,BMKG,yes,1.35,1.0,1.35,18,24,200,20,,,,
gpm3,GPM3,2026-08-31,11.17.05.2002,Bale Redelong,provisional_catchment,yes,4.815409756944025,97.009911990332,Asia/Jakarta,Forecast Redelong representative point. BMKG ADM4 reference: 11.17.05.2002 (Bale Redelong). Initial BMKG reference for catchment point Spatial role: provisional_catchment. Area analisis provisional; menunggu konfirmasi batas DAS resmi.,31-08-2026,CMA,Open-Meteo / CMA GRAPES,yes,1.0,1.0,1.0,24,24,200,393,,,,
gpm3,GPM3,2026-08-31,11.17.05.2002,Bale Redelong,provisional_catchment,yes,4.815409756944025,97.009911990332,Asia/Jakarta,Forecast Redelong representative point. BMKG ADM4 reference: 11.17.05.2002 (Bale Redelong). Initial BMKG reference for catchment point Spatial role: provisional_catchment. Area analisis provisional; menunggu konfirmasi batas DAS resmi.,31-08-2026,ECMWF,Open-Meteo / ECMWF,yes,1.0,1.0,1.0,24,24,200,391,,,,
gpm3,GPM3,2026-08-31,11.17.05.2002,Bale Redelong,provisional_catchment,yes,4.815409756944025,97.009911990332,Asia/Jakarta,Forecast Redelong representative point. BMKG ADM4 reference: 11.17.05.2002 (Bale Redelong). Initial BMKG reference for catchment point Spatial role: provisional_catchment. Area analisis provisional; menunggu konfirmasi batas DAS resmi.,31-08-2026,GFS,Open-Meteo / NOAA GFS,yes,1.0,1.0,1.0,24,24,200,387,,,,
gpm3,GPM3,2026-08-31,11.17.05.2002,Bale Redelong,provisional_catchment,yes,4.815409756944025,97.009911990332,Asia/Jakarta,Forecast Redelong representative point. BMKG ADM4 reference: 11.17.05.2002 (Bale Redelong). Initial BMKG reference for catchment point Spatial role: provisional_catchment. Area analisis provisional; menunggu konfirmasi batas DAS resmi.,31-08-2026,ICON,Open-Meteo / DWD ICON,yes,1.0,1.0,1.0,24,24,200,382,,,,
gpm3,GPM3,2026-08-31,11.17.05.2002,Bale Redelong,provisional_catchment,yes,4.815409756944025,97.009911990332,Asia/Jakarta,Forecast Redelong representative point. BMKG ADM4 reference: 11.17.05.2002 (Bale Redelong). Initial BMKG reference for catchment point Spatial role: provisional_catchment. Area analisis provisional; menunggu konfirmasi batas DAS resmi.,31-08-2026,METEOFRANCE,Open-Meteo / Meteo-France,yes,1.0,1.0,1.0,24,24,200,380,,,,
gpm3,GPM3,2026-08-31,11.17.05.2002,Bale Redelong,provisional_catchment,yes,4.815409756944025,97.009911990332,Asia/Jakarta,Forecast Redelong representative point. BMKG ADM4 reference: 11.17.05.2002 (Bale Redelong). Initial BMKG reference for catchment point Spatial role: provisional_catchment. Area analisis provisional; menunggu konfirmasi batas DAS resmi.,31-08-2026,UKMO,Open-Meteo / UK Met Office,yes,1.0,1.0,1.0,24,24,200,396,,,,
gpm3,GPM3,2026-09-01,11.17.05.2002,Bale Redelong,provisional_catchment,yes,4.815409756944025,97.009911990332,Asia/Jakarta,Forecast Redelong representative point. BMKG ADM4 reference: 11.17.05.2002 (Bale Redelong). Initial BMKG reference for catchment point Spatial role: provisional_catchment. Area analisis provisional; menunggu konfirmasi batas DAS resmi.,01-09-2026,BMKG,BMKG,yes,1.35,0.9869,1.3323,24,24,200,22,,,,
gpm3,GPM3,2026-09-01,11.17.05.2002,Bale Redelong,provisional_catchment,yes,4.815409756944025,97.009911990332,Asia/Jakarta,Forecast Redelong representative point. BMKG ADM4 reference: 11.17.05.2002 (Bale Redelong). Initial BMKG reference for catchment point Spatial role: provisional_catchment. Area analisis provisional; menunggu konfirmasi batas DAS resmi.,01-09-2026,CMA,Open-Meteo / CMA GRAPES,yes,1.0,1.0,1.0,24,24,200,392,,,,
gpm3,GPM3,2026-09-01,11.17.05.2002,Bale Redelong,provisional_catchment,yes,4.815409756944025,97.009911990332,Asia/Jakarta,Forecast Redelong representative point. BMKG ADM4 reference: 11.17.05.2002 (Bale Redelong). Initial BMKG reference for catchment point Spatial role: provisional_catchment. Area analisis provisional; menunggu konfirmasi batas DAS resmi.,01-09-2026,ECMWF,Open-Meteo / ECMWF,yes,1.0,1.0,1.0,24,24,200,392,,,,
gpm3,GPM3,2026-09-01,11.17.05.2002,Bale Redelong,provisional_catchment,yes,4.815409756944025,97.009911990332,Asia/Jakarta,Forecast Redelong representative point. BMKG ADM4 reference: 11.17.05.2002 (Bale Redelong). Initial BMKG reference for catchment point Spatial role: provisional_catchment. Area analisis provisional; menunggu konfirmasi batas DAS resmi.,01-09-2026,GFS,Open-Meteo / NOAA GFS,yes,1.0,1.0,1.0,24,24,200,396,,,,
gpm3,GPM3,2026-09-01,11.17.05.2002,Bale Redelong,provisional_catchment,yes,4.815409756944025,97.009911990332,Asia/Jakarta,Forecast Redelong representative point. BMKG ADM4 reference: 11.17.05.2002 (Bale Redelong). Initial BMKG reference for catchment point Spatial role: provisional_catchment. Area analisis provisional; menunggu konfirmasi batas DAS resmi.,01-09-2026,ICON,Open-Meteo / DWD ICON,yes,1.0,1.0,1.0,24,24,200,387,,,,
gpm3,GPM3,2026-09-01,11.17.05.2002,Bale Redelong,provisional_catchment,yes,4.815409756944025,97.009911990332,Asia/Jakarta,Forecast Redelong representative point. BMKG ADM4 reference: 11.17.05.2002 (Bale Redelong). Initial BMKG reference for catchment point Spatial role: provisional_catchment. Area analisis provisional; menunggu konfirmasi batas DAS resmi.,01-09-2026,METEOFRANCE,Open-Meteo / Meteo-France,yes,1.0,1.0,1.0,24,24,200,393,,,,
gpm3,GPM3,2026-09-01,11.17.05.2002,Bale Redelong,provisional_catchment,yes,4.815409756944025,97.009911990332,Asia/Jakarta,Forecast Redelong representative point. BMKG ADM4 reference: 11.17.05.2002 (Bale Redelong). Initial BMKG reference for catchment point Spatial role: provisional_catchment. Area analisis provisional; menunggu konfirmasi batas DAS resmi.,01-09-2026,UKMO,Open-Meteo / UK Met Office,yes,1.0,1.0,1.0,24,24,200,380,,,,
gpm3,GPM3,2026-09-02,11.17.05.2002,Bale Redelong,provisional_catchment,yes,4.815409756944025,97.009911990332,Asia/Jakarta,Forecast Redelong representative point. BMKG ADM4 reference: 11.17.05.2002 (Bale Redelong). Initial BMKG reference for catchment point Spatial role: provisional_catchment. Area analisis provisional; menunggu konfirmasi batas DAS resmi.,02-09-2026,BMKG,BMKG,yes,1.35,0.9915,1.3385,24,24,200,21,,,,
gpm3,GPM3,2026-09-02,11.17.05.2002,Bale Redelong,provisional_catchment,yes,4.815409756944025,97.009911990332,Asia/Jakarta,Forecast Redelong representative point. BMKG ADM4 reference: 11.17.05.2002 (Bale Redelong). Initial BMKG reference for catchment point Spatial role: provisional_catchment. Area analisis provisional; menunggu konfirmasi batas DAS resmi.,02-09-2026,CMA,Open-Meteo / CMA GRAPES,yes,1.0,1.0,1.0,24,24,200,390,,,,
gpm3,GPM3,2026-09-02,11.17.05.2002,Bale Redelong,provisional_catchment,yes,4.815409756944025,97.009911990332,Asia/Jakarta,Forecast Redelong representative point. BMKG ADM4 reference: 11.17.05.2002 (Bale Redelong). Initial BMKG reference for catchment point Spatial role: provisional_catchment. Area analisis provisional; menunggu konfirmasi batas DAS resmi.,02-09-2026,ECMWF,Open-Meteo / ECMWF,yes,1.0,1.0,1.0,24,24,200,392,,,,
gpm3,GPM3,2026-09-02,11.17.05.2002,Bale Redelong,provisional_catchment,yes,4.815409756944025,97.009911990332,Asia/Jakarta,Forecast Redelong representative point. BMKG ADM4 reference: 11.17.05.2002 (Bale Redelong). Initial BMKG reference for catchment point Spatial role: provisional_catchment. Area analisis provisional; menunggu konfirmasi batas DAS resmi.,02-09-2026,GFS,Open-Meteo / NOAA GFS,yes,1.0,1.0,1.0,24,24,200,382,,,,
gpm3,GPM3,2026-09-02,11.17.05.2002,Bale Redelong,provisional_catchment,yes,4.815409756944025,97.009911990332,Asia/Jakarta,Forecast Redelong representative point. BMKG ADM4 reference: 11.17.05.2002 (Bale Redelong). Initial BMKG reference for catchment point Spatial role: provisional_catchment. Area analisis provisional; menunggu konfirmasi batas DAS resmi.,02-09-2026,ICON,Open-Meteo / DWD ICON,yes,1.0,1.0,1.0,24,24,200,394,,,,
gpm3,GPM3,2026-09-02,11.17.05.2002,Bale Redelong,provisional_catchment,yes,4.815409756944025,97.009911990332,Asia/Jakarta,Forecast Redelong representative point. BMKG ADM4 reference: 11.17.05.2002 (Bale Redelong). Initial BMKG reference for catchment point Spatial role: provisional_catchment. Area analisis provisional; menunggu konfirmasi batas DAS resmi.,02-09-2026,METEOFRANCE,Open-Meteo / Meteo-France,yes,1.0,1.0,1.0,24,24,200,387,,,,
gpm3,GPM3,2026-09-02,11.17.05.2002,Bale Redelong,provisional_catchment,yes,4.815409756944025,97.009911990332,Asia/Jakarta,Forecast Redelong representative point. BMKG ADM4 reference: 11.17.05.2002 (Bale Redelong). Initial BMKG reference for catchment point Spatial role: provisional_catchment. Area analisis provisional; menunggu konfirmasi batas DAS resmi.,02-09-2026,UKMO,Open-Meteo / UK Met Office,yes,1.0,1.0,1.0,24,24,200,463,,,,
gpm3,GPM3,2026-09-03,11.17.05.2002,Bale Redelong,provisional_catchment,yes,4.815409756944025,97.009911990332,Asia/Jakarta,Forecast Redelong representative point. BMKG ADM4 reference: 11.17.05.2002 (Bale Redelong). Initial BMKG reference for catchment point Spatial role: provisional_catchment. Area analisis provisional; menunggu konfirmasi batas DAS resmi.,03-09-2026,BMKG,BMKG,no,1.35,0.9945,1.3426,0,24,,45,,,,BMKG tidak mengembalikan kandidat untuk target date
gpm3,GPM3,2026-09-03,11.17.05.2002,Bale Redelong,provisional_catchment,yes,4.815409756944025,97.009911990332,Asia/Jakarta,Forecast Redelong representative point. BMKG ADM4 reference: 11.17.05.2002 (Bale Redelong). Initial BMKG reference for catchment point Spatial role: provisional_catchment. Area analisis provisional; menunggu konfirmasi batas DAS resmi.,03-09-2026,CMA,Open-Meteo / CMA GRAPES,yes,1.0,1.0,1.0,24,24,200,392,,,,
gpm3,GPM3,2026-09-03,11.17.05.2002,Bale Redelong,provisional_catchment,yes,4.815409756944025,97.009911990332,Asia/Jakarta,Forecast Redelong representative point. BMKG ADM4 reference: 11.17.05.2002 (Bale Redelong). Initial BMKG reference for catchment point Spatial role: provisional_catchment. Area analisis provisional; menunggu konfirmasi batas DAS resmi.,03-09-2026,ECMWF,Open-Meteo / ECMWF,yes,1.0,1.0,1.0,24,24,200,393,,,,
gpm3,GPM3,2026-09-03,11.17.05.2002,Bale Redelong,provisional_catchment,yes,4.815409756944025,97.009911990332,Asia/Jakarta,Forecast Redelong representative point. BMKG ADM4 reference: 11.17.05.2002 (Bale Redelong). Initial BMKG reference for catchment point Spatial role: provisional_catchment. Area analisis provisional; menunggu konfirmasi batas DAS resmi.,03-09-2026,GFS,Open-Meteo / NOAA GFS,yes,1.0,1.0,1.0,24,24,200,391,,,,
gpm3,GPM3,2026-09-03,11.17.05.2002,Bale Redelong,provisional_catchment,yes,4.815409756944025,97.009911990332,Asia/Jakarta,Forecast Redelong representative point. BMKG ADM4 reference: 11.17.05.2002 (Bale Redelong). Initial BMKG reference for catchment point Spatial role: provisional_catchment. Area analisis provisional; menunggu konfirmasi batas DAS resmi.,03-09-2026,ICON,Open-Meteo / DWD ICON,yes,1.0,1.0,1.0,24,24,200,392,,,,
gpm3,GPM3,2026-09-03,11.17.05.2002,Bale Redelong,provisional_catchment,yes,4.815409756944025,97.009911990332,Asia/Jakarta,Forecast Redelong representative point. BMKG ADM4 reference: 11.17.05.2002 (Bale Redelong). Initial BMKG reference for catchment point Spatial role: provisional_catchment. Area analisis provisional; menunggu konfirmasi batas DAS resmi.,03-09-2026,METEOFRANCE,Open-Meteo / Meteo-France,yes,1.0,1.0,1.0,24,24,200,380,,,,
gpm3,GPM3,2026-09-03,11.17.05.2002,Bale Redelong,provisional_catchment,yes,4.815409756944025,97.009911990332,Asia/Jakarta,Forecast Redelong representative point. BMKG ADM4 reference: 11.17.05.2002 (Bale Redelong). Initial BMKG reference for catchment point Spatial role: provisional_catchment. Area analisis provisional; menunggu konfirmasi batas DAS resmi.,03-09-2026,UKMO,Open-Meteo / UK Met Office,yes,1.0,1.0,1.0,24,24,200,383,,,,
gpm4,GPM4,2026-08-31,11.17.05.2002,Bale Redelong,provisional_catchment,yes,4.778238355009202,96.8876539578458,Asia/Jakarta,Forecast Redelong representative point. BMKG ADM4 reference: 11.17.05.2002 (Bale Redelong). Initial BMKG reference for catchment point Spatial role: provisional_catchment. Area analisis provisional; menunggu konfirmasi batas DAS resmi.,31-08-2026,BMKG,BMKG,yes,1.35,1.0,1.35,18,24,200,33,,,,
gpm4,GPM4,2026-08-31,11.17.05.2002,Bale Redelong,provisional_catchment,yes,4.778238355009202,96.8876539578458,Asia/Jakarta,Forecast Redelong representative point. BMKG ADM4 reference: 11.17.05.2002 (Bale Redelong). Initial BMKG reference for catchment point Spatial role: provisional_catchment. Area analisis provisional; menunggu konfirmasi batas DAS resmi.,31-08-2026,CMA,Open-Meteo / CMA GRAPES,yes,1.0,1.0,1.0,24,24,200,406,,,,
gpm4,GPM4,2026-08-31,11.17.05.2002,Bale Redelong,provisional_catchment,yes,4.778238355009202,96.8876539578458,Asia/Jakarta,Forecast Redelong representative point. BMKG ADM4 reference: 11.17.05.2002 (Bale Redelong). Initial BMKG reference for catchment point Spatial role: provisional_catchment. Area analisis provisional; menunggu konfirmasi batas DAS resmi.,31-08-2026,ECMWF,Open-Meteo / ECMWF,yes,1.0,1.0,1.0,24,24,200,412,,,,
gpm4,GPM4,2026-08-31,11.17.05.2002,Bale Redelong,provisional_catchment,yes,4.778238355009202,96.8876539578458,Asia/Jakarta,Forecast Redelong representative point. BMKG ADM4 reference: 11.17.05.2002 (Bale Redelong). Initial BMKG reference for catchment point Spatial role: provisional_catchment. Area analisis provisional; menunggu konfirmasi batas DAS resmi.,31-08-2026,GFS,Open-Meteo / NOAA GFS,yes,1.0,1.0,1.0,24,24,200,407,,,,
gpm4,GPM4,2026-08-31,11.17.05.2002,Bale Redelong,provisional_catchment,yes,4.778238355009202,96.8876539578458,Asia/Jakarta,Forecast Redelong representative point. BMKG ADM4 reference: 11.17.05.2002 (Bale Redelong). Initial BMKG reference for catchment point Spatial role: provisional_catchment. Area analisis provisional; menunggu konfirmasi batas DAS resmi.,31-08-2026,ICON,Open-Meteo / DWD ICON,yes,1.0,1.0,1.0,24,24,200,406,,,,
gpm4,GPM4,2026-08-31,11.17.05.2002,Bale Redelong,provisional_catchment,yes,4.778238355009202,96.8876539578458,Asia/Jakarta,Forecast Redelong representative point. BMKG ADM4 reference: 11.17.05.2002 (Bale Redelong). Initial BMKG reference for catchment point Spatial role: provisional_catchment. Area analisis provisional; menunggu konfirmasi batas DAS resmi.,31-08-2026,METEOFRANCE,Open-Meteo / Meteo-France,yes,1.0,1.0,1.0,24,24,200,407,,,,
gpm4,GPM4,2026-08-31,11.17.05.2002,Bale Redelong,provisional_catchment,yes,4.778238355009202,96.8876539578458,Asia/Jakarta,Forecast Redelong representative point. BMKG ADM4 reference: 11.17.05.2002 (Bale Redelong). Initial BMKG reference for catchment point Spatial role: provisional_catchment. Area analisis provisional; menunggu konfirmasi batas DAS resmi.,31-08-2026,UKMO,Open-Meteo / UK Met Office,yes,1.0,1.0,1.0,24,24,200,414,,,,
gpm4,GPM4,2026-09-01,11.17.05.2002,Bale Redelong,provisional_catchment,yes,4.778238355009202,96.8876539578458,Asia/Jakarta,Forecast Redelong representative point. BMKG ADM4 reference: 11.17.05.2002 (Bale Redelong). Initial BMKG reference for catchment point Spatial role: provisional_catchment. Area analisis provisional; menunggu konfirmasi batas DAS resmi.,01-09-2026,BMKG,BMKG,yes,1.35,0.9869,1.3323,24,24,200,23,,,,
gpm4,GPM4,2026-09-01,11.17.05.2002,Bale Redelong,provisional_catchment,yes,4.778238355009202,96.8876539578458,Asia/Jakarta,Forecast Redelong representative point. BMKG ADM4 reference: 11.17.05.2002 (Bale Redelong). Initial BMKG reference for catchment point Spatial role: provisional_catchment. Area analisis provisional; menunggu konfirmasi batas DAS resmi.,01-09-2026,CMA,Open-Meteo / CMA GRAPES,yes,1.0,1.0,1.0,24,24,200,408,,,,
gpm4,GPM4,2026-09-01,11.17.05.2002,Bale Redelong,provisional_catchment,yes,4.778238355009202,96.8876539578458,Asia/Jakarta,Forecast Redelong representative point. BMKG ADM4 reference: 11.17.05.2002 (Bale Redelong). Initial BMKG reference for catchment point Spatial role: provisional_catchment. Area analisis provisional; menunggu konfirmasi batas DAS resmi.,01-09-2026,ECMWF,Open-Meteo / ECMWF,yes,1.0,1.0,1.0,24,24,200,401,,,,
gpm4,GPM4,2026-09-01,11.17.05.2002,Bale Redelong,provisional_catchment,yes,4.778238355009202,96.8876539578458,Asia/Jakarta,Forecast Redelong representative point. BMKG ADM4 reference: 11.17.05.2002 (Bale Redelong). Initial BMKG reference for catchment point Spatial role: provisional_catchment. Area analisis provisional; menunggu konfirmasi batas DAS resmi.,01-09-2026,GFS,Open-Meteo / NOAA GFS,yes,1.0,1.0,1.0,24,24,200,402,,,,
gpm4,GPM4,2026-09-01,11.17.05.2002,Bale Redelong,provisional_catchment,yes,4.778238355009202,96.8876539578458,Asia/Jakarta,Forecast Redelong representative point. BMKG ADM4 reference: 11.17.05.2002 (Bale Redelong). Initial BMKG reference for catchment point Spatial role: provisional_catchment. Area analisis provisional; menunggu konfirmasi batas DAS resmi.,01-09-2026,ICON,Open-Meteo / DWD ICON,yes,1.0,1.0,1.0,24,24,200,400,,,,
gpm4,GPM4,2026-09-01,11.17.05.2002,Bale Redelong,provisional_catchment,yes,4.778238355009202,96.8876539578458,Asia/Jakarta,Forecast Redelong representative point. BMKG ADM4 reference: 11.17.05.2002 (Bale Redelong). Initial BMKG reference for catchment point Spatial role: provisional_catchment. Area analisis provisional; menunggu konfirmasi batas DAS resmi.,01-09-2026,METEOFRANCE,Open-Meteo / Meteo-France,yes,1.0,1.0,1.0,24,24,200,403,,,,
gpm4,GPM4,2026-09-01,11.17.05.2002,Bale Redelong,provisional_catchment,yes,4.778238355009202,96.8876539578458,Asia/Jakarta,Forecast Redelong representative point. BMKG ADM4 reference: 11.17.05.2002 (Bale Redelong). Initial BMKG reference for catchment point Spatial role: provisional_catchment. Area analisis provisional; menunggu konfirmasi batas DAS resmi.,01-09-2026,UKMO,Open-Meteo / UK Met Office,yes,1.0,1.0,1.0,24,24,200,404,,,,
gpm4,GPM4,2026-09-02,11.17.05.2002,Bale Redelong,provisional_catchment,yes,4.778238355009202,96.8876539578458,Asia/Jakarta,Forecast Redelong representative point. BMKG ADM4 reference: 11.17.05.2002 (Bale Redelong). Initial BMKG reference for catchment point Spatial role: provisional_catchment. Area analisis provisional; menunggu konfirmasi batas DAS resmi.,02-09-2026,BMKG,BMKG,yes,1.35,0.9915,1.3385,24,24,200,20,,,,
gpm4,GPM4,2026-09-02,11.17.05.2002,Bale Redelong,provisional_catchment,yes,4.778238355009202,96.8876539578458,Asia/Jakarta,Forecast Redelong representative point. BMKG ADM4 reference: 11.17.05.2002 (Bale Redelong). Initial BMKG reference for catchment point Spatial role: provisional_catchment. Area analisis provisional; menunggu konfirmasi batas DAS resmi.,02-09-2026,CMA,Open-Meteo / CMA GRAPES,yes,1.0,1.0,1.0,24,24,200,394,,,,
gpm4,GPM4,2026-09-02,11.17.05.2002,Bale Redelong,provisional_catchment,yes,4.778238355009202,96.8876539578458,Asia/Jakarta,Forecast Redelong representative point. BMKG ADM4 reference: 11.17.05.2002 (Bale Redelong). Initial BMKG reference for catchment point Spatial role: provisional_catchment. Area analisis provisional; menunggu konfirmasi batas DAS resmi.,02-09-2026,ECMWF,Open-Meteo / ECMWF,yes,1.0,1.0,1.0,24,24,200,403,,,,
gpm4,GPM4,2026-09-02,11.17.05.2002,Bale Redelong,provisional_catchment,yes,4.778238355009202,96.8876539578458,Asia/Jakarta,Forecast Redelong representative point. BMKG ADM4 reference: 11.17.05.2002 (Bale Redelong). Initial BMKG reference for catchment point Spatial role: provisional_catchment. Area analisis provisional; menunggu konfirmasi batas DAS resmi.,02-09-2026,GFS,Open-Meteo / NOAA GFS,yes,1.0,1.0,1.0,24,24,200,394,,,,
gpm4,GPM4,2026-09-02,11.17.05.2002,Bale Redelong,provisional_catchment,yes,4.778238355009202,96.8876539578458,Asia/Jakarta,Forecast Redelong representative point. BMKG ADM4 reference: 11.17.05.2002 (Bale Redelong). Initial BMKG reference for catchment point Spatial role: provisional_catchment. Area analisis provisional; menunggu konfirmasi batas DAS resmi.,02-09-2026,ICON,Open-Meteo / DWD ICON,yes,1.0,1.0,1.0,24,24,200,399,,,,
gpm4,GPM4,2026-09-02,11.17.05.2002,Bale Redelong,provisional_catchment,yes,4.778238355009202,96.8876539578458,Asia/Jakarta,Forecast Redelong representative point. BMKG ADM4 reference: 11.17.05.2002 (Bale Redelong). Initial BMKG reference for catchment point Spatial role: provisional_catchment. Area analisis provisional; menunggu konfirmasi batas DAS resmi.,02-09-2026,METEOFRANCE,Open-Meteo / Meteo-France,yes,1.0,1.0,1.0,24,24,200,408,,,,
gpm4,GPM4,2026-09-02,11.17.05.2002,Bale Redelong,provisional_catchment,yes,4.778238355009202,96.8876539578458,Asia/Jakarta,Forecast Redelong representative point. BMKG ADM4 reference: 11.17.05.2002 (Bale Redelong). Initial BMKG reference for catchment point Spatial role: provisional_catchment. Area analisis provisional; menunggu konfirmasi batas DAS resmi.,02-09-2026,UKMO,Open-Meteo / UK Met Office,yes,1.0,1.0,1.0,24,24,200,410,,,,
gpm4,GPM4,2026-09-03,11.17.05.2002,Bale Redelong,provisional_catchment,yes,4.778238355009202,96.8876539578458,Asia/Jakarta,Forecast Redelong representative point. BMKG ADM4 reference: 11.17.05.2002 (Bale Redelong). Initial BMKG reference for catchment point Spatial role: provisional_catchment. Area analisis provisional; menunggu konfirmasi batas DAS resmi.,03-09-2026,BMKG,BMKG,no,1.35,0.9945,1.3426,0,24,,53,,,,BMKG tidak mengembalikan kandidat untuk target date
gpm4,GPM4,2026-09-03,11.17.05.2002,Bale Redelong,provisional_catchment,yes,4.778238355009202,96.8876539578458,Asia/Jakarta,Forecast Redelong representative point. BMKG ADM4 reference: 11.17.05.2002 (Bale Redelong). Initial BMKG reference for catchment point Spatial role: provisional_catchment. Area analisis provisional; menunggu konfirmasi batas DAS resmi.,03-09-2026,CMA,Open-Meteo / CMA GRAPES,yes,1.0,1.0,1.0,24,24,200,399,,,,
gpm4,GPM4,2026-09-03,11.17.05.2002,Bale Redelong,provisional_catchment,yes,4.778238355009202,96.8876539578458,Asia/Jakarta,Forecast Redelong representative point. BMKG ADM4 reference: 11.17.05.2002 (Bale Redelong). Initial BMKG reference for catchment point Spatial role: provisional_catchment. Area analisis provisional; menunggu konfirmasi batas DAS resmi.,03-09-2026,ECMWF,Open-Meteo / ECMWF,yes,1.0,1.0,1.0,24,24,200,408,,,,
gpm4,GPM4,2026-09-03,11.17.05.2002,Bale Redelong,provisional_catchment,yes,4.778238355009202,96.8876539578458,Asia/Jakarta,Forecast Redelong representative point. BMKG ADM4 reference: 11.17.05.2002 (Bale Redelong). Initial BMKG reference for catchment point Spatial role: provisional_catchment. Area analisis provisional; menunggu konfirmasi batas DAS resmi.,03-09-2026,GFS,Open-Meteo / NOAA GFS,yes,1.0,1.0,1.0,24,24,200,399,,,,
gpm4,GPM4,2026-09-03,11.17.05.2002,Bale Redelong,provisional_catchment,yes,4.778238355009202,96.8876539578458,Asia/Jakarta,Forecast Redelong representative point. BMKG ADM4 reference: 11.17.05.2002 (Bale Redelong). Initial BMKG reference for catchment point Spatial role: provisional_catchment. Area analisis provisional; menunggu konfirmasi batas DAS resmi.,03-09-2026,ICON,Open-Meteo / DWD ICON,yes,1.0,1.0,1.0,24,24,200,401,,,,
gpm4,GPM4,2026-09-03,11.17.05.2002,Bale Redelong,provisional_catchment,yes,4.778238355009202,96.8876539578458,Asia/Jakarta,Forecast Redelong representative point. BMKG ADM4 reference: 11.17.05.2002 (Bale Redelong). Initial BMKG reference for catchment point Spatial role: provisional_catchment. Area analisis provisional; menunggu konfirmasi batas DAS resmi.,03-09-2026,METEOFRANCE,Open-Meteo / Meteo-France,yes,1.0,1.0,1.0,24,24,200,409,,,,
gpm4,GPM4,2026-09-03,11.17.05.2002,Bale Redelong,provisional_catchment,yes,4.778238355009202,96.8876539578458,Asia/Jakarta,Forecast Redelong representative point. BMKG ADM4 reference: 11.17.05.2002 (Bale Redelong). Initial BMKG reference for catchment point Spatial role: provisional_catchment. Area analisis provisional; menunggu konfirmasi batas DAS resmi.,03-09-2026,UKMO,Open-Meteo / UK Met Office,yes,1.0,1.0,1.0,24,24,200,396,,,,
gpm5,GPM5,2026-08-31,11.17.05.2002,Bale Redelong,provisional_catchment,yes,4.767312077178135,96.94566692384144,Asia/Jakarta,Forecast Redelong representative point. BMKG ADM4 reference: 11.17.05.2002 (Bale Redelong). Initial BMKG reference for catchment point Spatial role: provisional_catchment. Area analisis provisional; menunggu konfirmasi batas DAS resmi.,31-08-2026,BMKG,BMKG,yes,1.35,1.0,1.35,18,24,200,22,,,,
gpm5,GPM5,2026-08-31,11.17.05.2002,Bale Redelong,provisional_catchment,yes,4.767312077178135,96.94566692384144,Asia/Jakarta,Forecast Redelong representative point. BMKG ADM4 reference: 11.17.05.2002 (Bale Redelong). Initial BMKG reference for catchment point Spatial role: provisional_catchment. Area analisis provisional; menunggu konfirmasi batas DAS resmi.,31-08-2026,CMA,Open-Meteo / CMA GRAPES,yes,1.0,1.0,1.0,24,24,200,396,,,,
gpm5,GPM5,2026-08-31,11.17.05.2002,Bale Redelong,provisional_catchment,yes,4.767312077178135,96.94566692384144,Asia/Jakarta,Forecast Redelong representative point. BMKG ADM4 reference: 11.17.05.2002 (Bale Redelong). Initial BMKG reference for catchment point Spatial role: provisional_catchment. Area analisis provisional; menunggu konfirmasi batas DAS resmi.,31-08-2026,ECMWF,Open-Meteo / ECMWF,yes,1.0,1.0,1.0,24,24,200,394,,,,
gpm5,GPM5,2026-08-31,11.17.05.2002,Bale Redelong,provisional_catchment,yes,4.767312077178135,96.94566692384144,Asia/Jakarta,Forecast Redelong representative point. BMKG ADM4 reference: 11.17.05.2002 (Bale Redelong). Initial BMKG reference for catchment point Spatial role: provisional_catchment. Area analisis provisional; menunggu konfirmasi batas DAS resmi.,31-08-2026,GFS,Open-Meteo / NOAA GFS,yes,1.0,1.0,1.0,24,24,200,392,,,,
gpm5,GPM5,2026-08-31,11.17.05.2002,Bale Redelong,provisional_catchment,yes,4.767312077178135,96.94566692384144,Asia/Jakarta,Forecast Redelong representative point. BMKG ADM4 reference: 11.17.05.2002 (Bale Redelong). Initial BMKG reference for catchment point Spatial role: provisional_catchment. Area analisis provisional; menunggu konfirmasi batas DAS resmi.,31-08-2026,ICON,Open-Meteo / DWD ICON,yes,1.0,1.0,1.0,24,24,200,410,,,,
gpm5,GPM5,2026-08-31,11.17.05.2002,Bale Redelong,provisional_catchment,yes,4.767312077178135,96.94566692384144,Asia/Jakarta,Forecast Redelong representative point. BMKG ADM4 reference: 11.17.05.2002 (Bale Redelong). Initial BMKG reference for catchment point Spatial role: provisional_catchment. Area analisis provisional; menunggu konfirmasi batas DAS resmi.,31-08-2026,METEOFRANCE,Open-Meteo / Meteo-France,yes,1.0,1.0,1.0,24,24,200,406,,,,
gpm5,GPM5,2026-08-31,11.17.05.2002,Bale Redelong,provisional_catchment,yes,4.767312077178135,96.94566692384144,Asia/Jakarta,Forecast Redelong representative point. BMKG ADM4 reference: 11.17.05.2002 (Bale Redelong). Initial BMKG reference for catchment point Spatial role: provisional_catchment. Area analisis provisional; menunggu konfirmasi batas DAS resmi.,31-08-2026,UKMO,Open-Meteo / UK Met Office,yes,1.0,1.0,1.0,24,24,200,400,,,,
gpm5,GPM5,2026-09-01,11.17.05.2002,Bale Redelong,provisional_catchment,yes,4.767312077178135,96.94566692384144,Asia/Jakarta,Forecast Redelong representative point. BMKG ADM4 reference: 11.17.05.2002 (Bale Redelong). Initial BMKG reference for catchment point Spatial role: provisional_catchment. Area analisis provisional; menunggu konfirmasi batas DAS resmi.,01-09-2026,BMKG,BMKG,yes,1.35,0.9869,1.3323,24,24,200,20,,,,
gpm5,GPM5,2026-09-01,11.17.05.2002,Bale Redelong,provisional_catchment,yes,4.767312077178135,96.94566692384144,Asia/Jakarta,Forecast Redelong representative point. BMKG ADM4 reference: 11.17.05.2002 (Bale Redelong). Initial BMKG reference for catchment point Spatial role: provisional_catchment. Area analisis provisional; menunggu konfirmasi batas DAS resmi.,01-09-2026,CMA,Open-Meteo / CMA GRAPES,yes,1.0,1.0,1.0,24,24,200,408,,,,
gpm5,GPM5,2026-09-01,11.17.05.2002,Bale Redelong,provisional_catchment,yes,4.767312077178135,96.94566692384144,Asia/Jakarta,Forecast Redelong representative point. BMKG ADM4 reference: 11.17.05.2002 (Bale Redelong). Initial BMKG reference for catchment point Spatial role: provisional_catchment. Area analisis provisional; menunggu konfirmasi batas DAS resmi.,01-09-2026,ECMWF,Open-Meteo / ECMWF,yes,1.0,1.0,1.0,24,24,200,406,,,,
gpm5,GPM5,2026-09-01,11.17.05.2002,Bale Redelong,provisional_catchment,yes,4.767312077178135,96.94566692384144,Asia/Jakarta,Forecast Redelong representative point. BMKG ADM4 reference: 11.17.05.2002 (Bale Redelong). Initial BMKG reference for catchment point Spatial role: provisional_catchment. Area analisis provisional; menunggu konfirmasi batas DAS resmi.,01-09-2026,GFS,Open-Meteo / NOAA GFS,yes,1.0,1.0,1.0,24,24,200,419,,,,
gpm5,GPM5,2026-09-01,11.17.05.2002,Bale Redelong,provisional_catchment,yes,4.767312077178135,96.94566692384144,Asia/Jakarta,Forecast Redelong representative point. BMKG ADM4 reference: 11.17.05.2002 (Bale Redelong). Initial BMKG reference for catchment point Spatial role: provisional_catchment. Area analisis provisional; menunggu konfirmasi batas DAS resmi.,01-09-2026,ICON,Open-Meteo / DWD ICON,yes,1.0,1.0,1.0,24,24,200,413,,,,
gpm5,GPM5,2026-09-01,11.17.05.2002,Bale Redelong,provisional_catchment,yes,4.767312077178135,96.94566692384144,Asia/Jakarta,Forecast Redelong representative point. BMKG ADM4 reference: 11.17.05.2002 (Bale Redelong). Initial BMKG reference for catchment point Spatial role: provisional_catchment. Area analisis provisional; menunggu konfirmasi batas DAS resmi.,01-09-2026,METEOFRANCE,Open-Meteo / Meteo-France,yes,1.0,1.0,1.0,24,24,200,394,,,,
gpm5,GPM5,2026-09-01,11.17.05.2002,Bale Redelong,provisional_catchment,yes,4.767312077178135,96.94566692384144,Asia/Jakarta,Forecast Redelong representative point. BMKG ADM4 reference: 11.17.05.2002 (Bale Redelong). Initial BMKG reference for catchment point Spatial role: provisional_catchment. Area analisis provisional; menunggu konfirmasi batas DAS resmi.,01-09-2026,UKMO,Open-Meteo / UK Met Office,yes,1.0,1.0,1.0,24,24,200,406,,,,
gpm5,GPM5,2026-09-02,11.17.05.2002,Bale Redelong,provisional_catchment,yes,4.767312077178135,96.94566692384144,Asia/Jakarta,Forecast Redelong representative point. BMKG ADM4 reference: 11.17.05.2002 (Bale Redelong). Initial BMKG reference for catchment point Spatial role: provisional_catchment. Area analisis provisional; menunggu konfirmasi batas DAS resmi.,02-09-2026,BMKG,BMKG,yes,1.35,0.9915,1.3385,24,24,200,25,,,,
gpm5,GPM5,2026-09-02,11.17.05.2002,Bale Redelong,provisional_catchment,yes,4.767312077178135,96.94566692384144,Asia/Jakarta,Forecast Redelong representative point. BMKG ADM4 reference: 11.17.05.2002 (Bale Redelong). Initial BMKG reference for catchment point Spatial role: provisional_catchment. Area analisis provisional; menunggu konfirmasi batas DAS resmi.,02-09-2026,CMA,Open-Meteo / CMA GRAPES,yes,1.0,1.0,1.0,24,24,200,393,,,,
gpm5,GPM5,2026-09-02,11.17.05.2002,Bale Redelong,provisional_catchment,yes,4.767312077178135,96.94566692384144,Asia/Jakarta,Forecast Redelong representative point. BMKG ADM4 reference: 11.17.05.2002 (Bale Redelong). Initial BMKG reference for catchment point Spatial role: provisional_catchment. Area analisis provisional; menunggu konfirmasi batas DAS resmi.,02-09-2026,ECMWF,Open-Meteo / ECMWF,yes,1.0,1.0,1.0,24,24,200,406,,,,
gpm5,GPM5,2026-09-02,11.17.05.2002,Bale Redelong,provisional_catchment,yes,4.767312077178135,96.94566692384144,Asia/Jakarta,Forecast Redelong representative point. BMKG ADM4 reference: 11.17.05.2002 (Bale Redelong). Initial BMKG reference for catchment point Spatial role: provisional_catchment. Area analisis provisional; menunggu konfirmasi batas DAS resmi.,02-09-2026,GFS,Open-Meteo / NOAA GFS,yes,1.0,1.0,1.0,24,24,200,402,,,,
gpm5,GPM5,2026-09-02,11.17.05.2002,Bale Redelong,provisional_catchment,yes,4.767312077178135,96.94566692384144,Asia/Jakarta,Forecast Redelong representative point. BMKG ADM4 reference: 11.17.05.2002 (Bale Redelong). Initial BMKG reference for catchment point Spatial role: provisional_catchment. Area analisis provisional; menunggu konfirmasi batas DAS resmi.,02-09-2026,ICON,Open-Meteo / DWD ICON,yes,1.0,1.0,1.0,24,24,200,400,,,,
gpm5,GPM5,2026-09-02,11.17.05.2002,Bale Redelong,provisional_catchment,yes,4.767312077178135,96.94566692384144,Asia/Jakarta,Forecast Redelong representative point. BMKG ADM4 reference: 11.17.05.2002 (Bale Redelong). Initial BMKG reference for catchment point Spatial role: provisional_catchment. Area analisis provisional; menunggu konfirmasi batas DAS resmi.,02-09-2026,METEOFRANCE,Open-Meteo / Meteo-France,yes,1.0,1.0,1.0,24,24,200,392,,,,
gpm5,GPM5,2026-09-02,11.17.05.2002,Bale Redelong,provisional_catchment,yes,4.767312077178135,96.94566692384144,Asia/Jakarta,Forecast Redelong representative point. BMKG ADM4 reference: 11.17.05.2002 (Bale Redelong). Initial BMKG reference for catchment point Spatial role: provisional_catchment. Area analisis provisional; menunggu konfirmasi batas DAS resmi.,02-09-2026,UKMO,Open-Meteo / UK Met Office,yes,1.0,1.0,1.0,24,24,200,388,,,,
gpm5,GPM5,2026-09-03,11.17.05.2002,Bale Redelong,provisional_catchment,yes,4.767312077178135,96.94566692384144,Asia/Jakarta,Forecast Redelong representative point. BMKG ADM4 reference: 11.17.05.2002 (Bale Redelong). Initial BMKG reference for catchment point Spatial role: provisional_catchment. Area analisis provisional; menunggu konfirmasi batas DAS resmi.,03-09-2026,BMKG,BMKG,no,1.35,0.9945,1.3426,0,24,,44,,,,BMKG tidak mengembalikan kandidat untuk target date
gpm5,GPM5,2026-09-03,11.17.05.2002,Bale Redelong,provisional_catchment,yes,4.767312077178135,96.94566692384144,Asia/Jakarta,Forecast Redelong representative point. BMKG ADM4 reference: 11.17.05.2002 (Bale Redelong). Initial BMKG reference for catchment point Spatial role: provisional_catchment. Area analisis provisional; menunggu konfirmasi batas DAS resmi.,03-09-2026,CMA,Open-Meteo / CMA GRAPES,yes,1.0,1.0,1.0,24,24,200,391,,,,
gpm5,GPM5,2026-09-03,11.17.05.2002,Bale Redelong,provisional_catchment,yes,4.767312077178135,96.94566692384144,Asia/Jakarta,Forecast Redelong representative point. BMKG ADM4 reference: 11.17.05.2002 (Bale Redelong). Initial BMKG reference for catchment point Spatial role: provisional_catchment. Area analisis provisional; menunggu konfirmasi batas DAS resmi.,03-09-2026,ECMWF,Open-Meteo / ECMWF,yes,1.0,1.0,1.0,24,24,200,397,,,,
gpm5,GPM5,2026-09-03,11.17.05.2002,Bale Redelong,provisional_catchment,yes,4.767312077178135,96.94566692384144,Asia/Jakarta,Forecast Redelong representative point. BMKG ADM4 reference: 11.17.05.2002 (Bale Redelong). Initial BMKG reference for catchment point Spatial role: provisional_catchment. Area analisis provisional; menunggu konfirmasi batas DAS resmi.,03-09-2026,GFS,Open-Meteo / NOAA GFS,yes,1.0,1.0,1.0,24,24,200,410,,,,
gpm5,GPM5,2026-09-03,11.17.05.2002,Bale Redelong,provisional_catchment,yes,4.767312077178135,96.94566692384144,Asia/Jakarta,Forecast Redelong representative point. BMKG ADM4 reference: 11.17.05.2002 (Bale Redelong). Initial BMKG reference for catchment point Spatial role: provisional_catchment. Area analisis provisional; menunggu konfirmasi batas DAS resmi.,03-09-2026,ICON,Open-Meteo / DWD ICON,yes,1.0,1.0,1.0,24,24,200,402,,,,
gpm5,GPM5,2026-09-03,11.17.05.2002,Bale Redelong,provisional_catchment,yes,4.767312077178135,96.94566692384144,Asia/Jakarta,Forecast Redelong representative point. BMKG ADM4 reference: 11.17.05.2002 (Bale Redelong). Initial BMKG reference for catchment point Spatial role: provisional_catchment. Area analisis provisional; menunggu konfirmasi batas DAS resmi.,03-09-2026,METEOFRANCE,Open-Meteo / Meteo-France,yes,1.0,1.0,1.0,24,24,200,394,,,,
gpm5,GPM5,2026-09-03,11.17.05.2002,Bale Redelong,provisional_catchment,yes,4.767312077178135,96.94566692384144,Asia/Jakarta,Forecast Redelong representative point. BMKG ADM4 reference: 11.17.05.2002 (Bale Redelong). Initial BMKG reference for catchment point Spatial role: provisional_catchment. Area analisis provisional; menunggu konfirmasi batas DAS resmi.,03-09-2026,UKMO,Open-Meteo / UK Met Office,yes,1.0,1.0,1.0,24,24,200,397,,,,
gpm6,GPM6,2026-08-31,11.17.05.2002,Bale Redelong,provisional_catchment,yes,4.796061970712406,97.0098682419131,Asia/Jakarta,Forecast Redelong representative point. BMKG ADM4 reference: 11.17.05.2002 (Bale Redelong). Initial BMKG reference for catchment point Spatial role: provisional_catchment. Area analisis provisional; menunggu konfirmasi batas DAS resmi.,31-08-2026,BMKG,BMKG,yes,1.35,1.0,1.35,18,24,200,28,,,,
gpm6,GPM6,2026-08-31,11.17.05.2002,Bale Redelong,provisional_catchment,yes,4.796061970712406,97.0098682419131,Asia/Jakarta,Forecast Redelong representative point. BMKG ADM4 reference: 11.17.05.2002 (Bale Redelong). Initial BMKG reference for catchment point Spatial role: provisional_catchment. Area analisis provisional; menunggu konfirmasi batas DAS resmi.,31-08-2026,CMA,Open-Meteo / CMA GRAPES,yes,1.0,1.0,1.0,24,24,200,398,,,,
gpm6,GPM6,2026-08-31,11.17.05.2002,Bale Redelong,provisional_catchment,yes,4.796061970712406,97.0098682419131,Asia/Jakarta,Forecast Redelong representative point. BMKG ADM4 reference: 11.17.05.2002 (Bale Redelong). Initial BMKG reference for catchment point Spatial role: provisional_catchment. Area analisis provisional; menunggu konfirmasi batas DAS resmi.,31-08-2026,ECMWF,Open-Meteo / ECMWF,yes,1.0,1.0,1.0,24,24,200,407,,,,
gpm6,GPM6,2026-08-31,11.17.05.2002,Bale Redelong,provisional_catchment,yes,4.796061970712406,97.0098682419131,Asia/Jakarta,Forecast Redelong representative point. BMKG ADM4 reference: 11.17.05.2002 (Bale Redelong). Initial BMKG reference for catchment point Spatial role: provisional_catchment. Area analisis provisional; menunggu konfirmasi batas DAS resmi.,31-08-2026,GFS,Open-Meteo / NOAA GFS,yes,1.0,1.0,1.0,24,24,200,392,,,,
gpm6,GPM6,2026-08-31,11.17.05.2002,Bale Redelong,provisional_catchment,yes,4.796061970712406,97.0098682419131,Asia/Jakarta,Forecast Redelong representative point. BMKG ADM4 reference: 11.17.05.2002 (Bale Redelong). Initial BMKG reference for catchment point Spatial role: provisional_catchment. Area analisis provisional; menunggu konfirmasi batas DAS resmi.,31-08-2026,ICON,Open-Meteo / DWD ICON,yes,1.0,1.0,1.0,24,24,200,406,,,,
gpm6,GPM6,2026-08-31,11.17.05.2002,Bale Redelong,provisional_catchment,yes,4.796061970712406,97.0098682419131,Asia/Jakarta,Forecast Redelong representative point. BMKG ADM4 reference: 11.17.05.2002 (Bale Redelong). Initial BMKG reference for catchment point Spatial role: provisional_catchment. Area analisis provisional; menunggu konfirmasi batas DAS resmi.,31-08-2026,METEOFRANCE,Open-Meteo / Meteo-France,yes,1.0,1.0,1.0,24,24,200,398,,,,
gpm6,GPM6,2026-08-31,11.17.05.2002,Bale Redelong,provisional_catchment,yes,4.796061970712406,97.0098682419131,Asia/Jakarta,Forecast Redelong representative point. BMKG ADM4 reference: 11.17.05.2002 (Bale Redelong). Initial BMKG reference for catchment point Spatial role: provisional_catchment. Area analisis provisional; menunggu konfirmasi batas DAS resmi.,31-08-2026,UKMO,Open-Meteo / UK Met Office,yes,1.0,1.0,1.0,24,24,200,400,,,,
gpm6,GPM6,2026-09-01,11.17.05.2002,Bale Redelong,provisional_catchment,yes,4.796061970712406,97.0098682419131,Asia/Jakarta,Forecast Redelong representative point. BMKG ADM4 reference: 11.17.05.2002 (Bale Redelong). Initial BMKG reference for catchment point Spatial role: provisional_catchment. Area analisis provisional; menunggu konfirmasi batas DAS resmi.,01-09-2026,BMKG,BMKG,yes,1.35,0.9869,1.3323,24,24,200,24,,,,
gpm6,GPM6,2026-09-01,11.17.05.2002,Bale Redelong,provisional_catchment,yes,4.796061970712406,97.0098682419131,Asia/Jakarta,Forecast Redelong representative point. BMKG ADM4 reference: 11.17.05.2002 (Bale Redelong). Initial BMKG reference for catchment point Spatial role: provisional_catchment. Area analisis provisional; menunggu konfirmasi batas DAS resmi.,01-09-2026,CMA,Open-Meteo / CMA GRAPES,yes,1.0,1.0,1.0,24,24,200,410,,,,
gpm6,GPM6,2026-09-01,11.17.05.2002,Bale Redelong,provisional_catchment,yes,4.796061970712406,97.0098682419131,Asia/Jakarta,Forecast Redelong representative point. BMKG ADM4 reference: 11.17.05.2002 (Bale Redelong). Initial BMKG reference for catchment point Spatial role: provisional_catchment. Area analisis provisional; menunggu konfirmasi batas DAS resmi.,01-09-2026,ECMWF,Open-Meteo / ECMWF,yes,1.0,1.0,1.0,24,24,200,398,,,,
gpm6,GPM6,2026-09-01,11.17.05.2002,Bale Redelong,provisional_catchment,yes,4.796061970712406,97.0098682419131,Asia/Jakarta,Forecast Redelong representative point. BMKG ADM4 reference: 11.17.05.2002 (Bale Redelong). Initial BMKG reference for catchment point Spatial role: provisional_catchment. Area analisis provisional; menunggu konfirmasi batas DAS resmi.,01-09-2026,GFS,Open-Meteo / NOAA GFS,yes,1.0,1.0,1.0,24,24,200,394,,,,
gpm6,GPM6,2026-09-01,11.17.05.2002,Bale Redelong,provisional_catchment,yes,4.796061970712406,97.0098682419131,Asia/Jakarta,Forecast Redelong representative point. BMKG ADM4 reference: 11.17.05.2002 (Bale Redelong). Initial BMKG reference for catchment point Spatial role: provisional_catchment. Area analisis provisional; menunggu konfirmasi batas DAS resmi.,01-09-2026,ICON,Open-Meteo / DWD ICON,yes,1.0,1.0,1.0,24,24,200,394,,,,
gpm6,GPM6,2026-09-01,11.17.05.2002,Bale Redelong,provisional_catchment,yes,4.796061970712406,97.0098682419131,Asia/Jakarta,Forecast Redelong representative point. BMKG ADM4 reference: 11.17.05.2002 (Bale Redelong). Initial BMKG reference for catchment point Spatial role: provisional_catchment. Area analisis provisional; menunggu konfirmasi batas DAS resmi.,01-09-2026,METEOFRANCE,Open-Meteo / Meteo-France,yes,1.0,1.0,1.0,24,24,200,398,,,,
gpm6,GPM6,2026-09-01,11.17.05.2002,Bale Redelong,provisional_catchment,yes,4.796061970712406,97.0098682419131,Asia/Jakarta,Forecast Redelong representative point. BMKG ADM4 reference: 11.17.05.2002 (Bale Redelong). Initial BMKG reference for catchment point Spatial role: provisional_catchment. Area analisis provisional; menunggu konfirmasi batas DAS resmi.,01-09-2026,UKMO,Open-Meteo / UK Met Office,yes,1.0,1.0,1.0,24,24,200,408,,,,
gpm6,GPM6,2026-09-02,11.17.05.2002,Bale Redelong,provisional_catchment,yes,4.796061970712406,97.0098682419131,Asia/Jakarta,Forecast Redelong representative point. BMKG ADM4 reference: 11.17.05.2002 (Bale Redelong). Initial BMKG reference for catchment point Spatial role: provisional_catchment. Area analisis provisional; menunggu konfirmasi batas DAS resmi.,02-09-2026,BMKG,BMKG,yes,1.35,0.9915,1.3385,24,24,200,28,,,,
gpm6,GPM6,2026-09-02,11.17.05.2002,Bale Redelong,provisional_catchment,yes,4.796061970712406,97.0098682419131,Asia/Jakarta,Forecast Redelong representative point. BMKG ADM4 reference: 11.17.05.2002 (Bale Redelong). Initial BMKG reference for catchment point Spatial role: provisional_catchment. Area analisis provisional; menunggu konfirmasi batas DAS resmi.,02-09-2026,CMA,Open-Meteo / CMA GRAPES,yes,1.0,1.0,1.0,24,24,200,416,,,,
gpm6,GPM6,2026-09-02,11.17.05.2002,Bale Redelong,provisional_catchment,yes,4.796061970712406,97.0098682419131,Asia/Jakarta,Forecast Redelong representative point. BMKG ADM4 reference: 11.17.05.2002 (Bale Redelong). Initial BMKG reference for catchment point Spatial role: provisional_catchment. Area analisis provisional; menunggu konfirmasi batas DAS resmi.,02-09-2026,ECMWF,Open-Meteo / ECMWF,yes,1.0,1.0,1.0,24,24,200,398,,,,
gpm6,GPM6,2026-09-02,11.17.05.2002,Bale Redelong,provisional_catchment,yes,4.796061970712406,97.0098682419131,Asia/Jakarta,Forecast Redelong representative point. BMKG ADM4 reference: 11.17.05.2002 (Bale Redelong). Initial BMKG reference for catchment point Spatial role: provisional_catchment. Area analisis provisional; menunggu konfirmasi batas DAS resmi.,02-09-2026,GFS,Open-Meteo / NOAA GFS,yes,1.0,1.0,1.0,24,24,200,410,,,,
gpm6,GPM6,2026-09-02,11.17.05.2002,Bale Redelong,provisional_catchment,yes,4.796061970712406,97.0098682419131,Asia/Jakarta,Forecast Redelong representative point. BMKG ADM4 reference: 11.17.05.2002 (Bale Redelong). Initial BMKG reference for catchment point Spatial role: provisional_catchment. Area analisis provisional; menunggu konfirmasi batas DAS resmi.,02-09-2026,ICON,Open-Meteo / DWD ICON,yes,1.0,1.0,1.0,24,24,200,402,,,,
gpm6,GPM6,2026-09-02,11.17.05.2002,Bale Redelong,provisional_catchment,yes,4.796061970712406,97.0098682419131,Asia/Jakarta,Forecast Redelong representative point. BMKG ADM4 reference: 11.17.05.2002 (Bale Redelong). Initial BMKG reference for catchment point Spatial role: provisional_catchment. Area analisis provisional; menunggu konfirmasi batas DAS resmi.,02-09-2026,METEOFRANCE,Open-Meteo / Meteo-France,yes,1.0,1.0,1.0,24,24,200,411,,,,
gpm6,GPM6,2026-09-02,11.17.05.2002,Bale Redelong,provisional_catchment,yes,4.796061970712406,97.0098682419131,Asia/Jakarta,Forecast Redelong representative point. BMKG ADM4 reference: 11.17.05.2002 (Bale Redelong). Initial BMKG reference for catchment point Spatial role: provisional_catchment. Area analisis provisional; menunggu konfirmasi batas DAS resmi.,02-09-2026,UKMO,Open-Meteo / UK Met Office,yes,1.0,1.0,1.0,24,24,200,410,,,,
gpm6,GPM6,2026-09-03,11.17.05.2002,Bale Redelong,provisional_catchment,yes,4.796061970712406,97.0098682419131,Asia/Jakarta,Forecast Redelong representative point. BMKG ADM4 reference: 11.17.05.2002 (Bale Redelong). Initial BMKG reference for catchment point Spatial role: provisional_catchment. Area analisis provisional; menunggu konfirmasi batas DAS resmi.,03-09-2026,BMKG,BMKG,no,1.35,0.9945,1.3426,0,24,,50,,,,BMKG tidak mengembalikan kandidat untuk target date
gpm6,GPM6,2026-09-03,11.17.05.2002,Bale Redelong,provisional_catchment,yes,4.796061970712406,97.0098682419131,Asia/Jakarta,Forecast Redelong representative point. BMKG ADM4 reference: 11.17.05.2002 (Bale Redelong). Initial BMKG reference for catchment point Spatial role: provisional_catchment. Area analisis provisional; menunggu konfirmasi batas DAS resmi.,03-09-2026,CMA,Open-Meteo / CMA GRAPES,yes,1.0,1.0,1.0,24,24,200,402,,,,
gpm6,GPM6,2026-09-03,11.17.05.2002,Bale Redelong,provisional_catchment,yes,4.796061970712406,97.0098682419131,Asia/Jakarta,Forecast Redelong representative point. BMKG ADM4 reference: 11.17.05.2002 (Bale Redelong). Initial BMKG reference for catchment point Spatial role: provisional_catchment. Area analisis provisional; menunggu konfirmasi batas DAS resmi.,03-09-2026,ECMWF,Open-Meteo / ECMWF,yes,1.0,1.0,1.0,24,24,200,407,,,,
gpm6,GPM6,2026-09-03,11.17.05.2002,Bale Redelong,provisional_catchment,yes,4.796061970712406,97.0098682419131,Asia/Jakarta,Forecast Redelong representative point. BMKG ADM4 reference: 11.17.05.2002 (Bale Redelong). Initial BMKG reference for catchment point Spatial role: provisional_catchment. Area analisis provisional; menunggu konfirmasi batas DAS resmi.,03-09-2026,GFS,Open-Meteo / NOAA GFS,yes,1.0,1.0,1.0,24,24,200,409,,,,
gpm6,GPM6,2026-09-03,11.17.05.2002,Bale Redelong,provisional_catchment,yes,4.796061970712406,97.0098682419131,Asia/Jakarta,Forecast Redelong representative point. BMKG ADM4 reference: 11.17.05.2002 (Bale Redelong). Initial BMKG reference for catchment point Spatial role: provisional_catchment. Area analisis provisional; menunggu konfirmasi batas DAS resmi.,03-09-2026,ICON,Open-Meteo / DWD ICON,yes,1.0,1.0,1.0,24,24,200,402,,,,
gpm6,GPM6,2026-09-03,11.17.05.2002,Bale Redelong,provisional_catchment,yes,4.796061970712406,97.0098682419131,Asia/Jakarta,Forecast Redelong representative point. BMKG ADM4 reference: 11.17.05.2002 (Bale Redelong). Initial BMKG reference for catchment point Spatial role: provisional_catchment. Area analisis provisional; menunggu konfirmasi batas DAS resmi.,03-09-2026,METEOFRANCE,Open-Meteo / Meteo-France,yes,1.0,1.0,1.0,24,24,200,400,,,,
gpm6,GPM6,2026-09-03,11.17.05.2002,Bale Redelong,provisional_catchment,yes,4.796061970712406,97.0098682419131,Asia/Jakarta,Forecast Redelong representative point. BMKG ADM4 reference: 11.17.05.2002 (Bale Redelong). Initial BMKG reference for catchment point Spatial role: provisional_catchment. Area analisis provisional; menunggu konfirmasi batas DAS resmi.,03-09-2026,UKMO,Open-Meteo / UK Met Office,yes,1.0,1.0,1.0,24,24,200,399,,,,
gpm_grid_tamatue,GPM Grid TamaTue,2026-08-31,11.17.05.2002,Bale Redelong,external_comparison,yes,4.649902718619309,96.85017949357464,Asia/Jakarta,Forecast Redelong representative point. BMKG ADM4 reference: 11.17.05.2002 (Bale Redelong). Initial BMKG reference for catchment grid Spatial role: external_comparison. Grid terpisah dan terlalu jauh untuk langsung diasumsikan berkontribusi; hanya titik pembanding sampai konektivitas DAS dikonfirmasi.,31-08-2026,BMKG,BMKG,yes,1.35,1.0,1.35,18,24,200,20,,,,
gpm_grid_tamatue,GPM Grid TamaTue,2026-08-31,11.17.05.2002,Bale Redelong,external_comparison,yes,4.649902718619309,96.85017949357464,Asia/Jakarta,Forecast Redelong representative point. BMKG ADM4 reference: 11.17.05.2002 (Bale Redelong). Initial BMKG reference for catchment grid Spatial role: external_comparison. Grid terpisah dan terlalu jauh untuk langsung diasumsikan berkontribusi; hanya titik pembanding sampai konektivitas DAS dikonfirmasi.,31-08-2026,CMA,Open-Meteo / CMA GRAPES,yes,1.0,1.0,1.0,24,24,200,408,,,,
gpm_grid_tamatue,GPM Grid TamaTue,2026-08-31,11.17.05.2002,Bale Redelong,external_comparison,yes,4.649902718619309,96.85017949357464,Asia/Jakarta,Forecast Redelong representative point. BMKG ADM4 reference: 11.17.05.2002 (Bale Redelong). Initial BMKG reference for catchment grid Spatial role: external_comparison. Grid terpisah dan terlalu jauh untuk langsung diasumsikan berkontribusi; hanya titik pembanding sampai konektivitas DAS dikonfirmasi.,31-08-2026,ECMWF,Open-Meteo / ECMWF,yes,1.0,1.0,1.0,24,24,200,405,,,,
gpm_grid_tamatue,GPM Grid TamaTue,2026-08-31,11.17.05.2002,Bale Redelong,external_comparison,yes,4.649902718619309,96.85017949357464,Asia/Jakarta,Forecast Redelong representative point. BMKG ADM4 reference: 11.17.05.2002 (Bale Redelong). Initial BMKG reference for catchment grid Spatial role: external_comparison. Grid terpisah dan terlalu jauh untuk langsung diasumsikan berkontribusi; hanya titik pembanding sampai konektivitas DAS dikonfirmasi.,31-08-2026,GFS,Open-Meteo / NOAA GFS,yes,1.0,1.0,1.0,24,24,200,418,,,,
gpm_grid_tamatue,GPM Grid TamaTue,2026-08-31,11.17.05.2002,Bale Redelong,external_comparison,yes,4.649902718619309,96.85017949357464,Asia/Jakarta,Forecast Redelong representative point. BMKG ADM4 reference: 11.17.05.2002 (Bale Redelong). Initial BMKG reference for catchment grid Spatial role: external_comparison. Grid terpisah dan terlalu jauh untuk langsung diasumsikan berkontribusi; hanya titik pembanding sampai konektivitas DAS dikonfirmasi.,31-08-2026,ICON,Open-Meteo / DWD ICON,yes,1.0,1.0,1.0,24,24,200,413,,,,
gpm_grid_tamatue,GPM Grid TamaTue,2026-08-31,11.17.05.2002,Bale Redelong,external_comparison,yes,4.649902718619309,96.85017949357464,Asia/Jakarta,Forecast Redelong representative point. BMKG ADM4 reference: 11.17.05.2002 (Bale Redelong). Initial BMKG reference for catchment grid Spatial role: external_comparison. Grid terpisah dan terlalu jauh untuk langsung diasumsikan berkontribusi; hanya titik pembanding sampai konektivitas DAS dikonfirmasi.,31-08-2026,METEOFRANCE,Open-Meteo / Meteo-France,yes,1.0,1.0,1.0,24,24,200,401,,,,
gpm_grid_tamatue,GPM Grid TamaTue,2026-08-31,11.17.05.2002,Bale Redelong,external_comparison,yes,4.649902718619309,96.85017949357464,Asia/Jakarta,Forecast Redelong representative point. BMKG ADM4 reference: 11.17.05.2002 (Bale Redelong). Initial BMKG reference for catchment grid Spatial role: external_comparison. Grid terpisah dan terlalu jauh untuk langsung diasumsikan berkontribusi; hanya titik pembanding sampai konektivitas DAS dikonfirmasi.,31-08-2026,UKMO,Open-Meteo / UK Met Office,yes,1.0,1.0,1.0,24,24,200,419,,,,
gpm_grid_tamatue,GPM Grid TamaTue,2026-09-01,11.17.05.2002,Bale Redelong,external_comparison,yes,4.649902718619309,96.85017949357464,Asia/Jakarta,Forecast Redelong representative point. BMKG ADM4 reference: 11.17.05.2002 (Bale Redelong). Initial BMKG reference for catchment grid Spatial role: external_comparison. Grid terpisah dan terlalu jauh untuk langsung diasumsikan berkontribusi; hanya titik pembanding sampai konektivitas DAS dikonfirmasi.,01-09-2026,BMKG,BMKG,yes,1.35,0.9869,1.3323,24,24,200,26,,,,
gpm_grid_tamatue,GPM Grid TamaTue,2026-09-01,11.17.05.2002,Bale Redelong,external_comparison,yes,4.649902718619309,96.85017949357464,Asia/Jakarta,Forecast Redelong representative point. BMKG ADM4 reference: 11.17.05.2002 (Bale Redelong). Initial BMKG reference for catchment grid Spatial role: external_comparison. Grid terpisah dan terlalu jauh untuk langsung diasumsikan berkontribusi; hanya titik pembanding sampai konektivitas DAS dikonfirmasi.,01-09-2026,CMA,Open-Meteo / CMA GRAPES,yes,1.0,1.0,1.0,24,24,200,406,,,,
gpm_grid_tamatue,GPM Grid TamaTue,2026-09-01,11.17.05.2002,Bale Redelong,external_comparison,yes,4.649902718619309,96.85017949357464,Asia/Jakarta,Forecast Redelong representative point. BMKG ADM4 reference: 11.17.05.2002 (Bale Redelong). Initial BMKG reference for catchment grid Spatial role: external_comparison. Grid terpisah dan terlalu jauh untuk langsung diasumsikan berkontribusi; hanya titik pembanding sampai konektivitas DAS dikonfirmasi.,01-09-2026,ECMWF,Open-Meteo / ECMWF,yes,1.0,1.0,1.0,24,24,200,410,,,,
gpm_grid_tamatue,GPM Grid TamaTue,2026-09-01,11.17.05.2002,Bale Redelong,external_comparison,yes,4.649902718619309,96.85017949357464,Asia/Jakarta,Forecast Redelong representative point. BMKG ADM4 reference: 11.17.05.2002 (Bale Redelong). Initial BMKG reference for catchment grid Spatial role: external_comparison. Grid terpisah dan terlalu jauh untuk langsung diasumsikan berkontribusi; hanya titik pembanding sampai konektivitas DAS dikonfirmasi.,01-09-2026,GFS,Open-Meteo / NOAA GFS,yes,1.0,1.0,1.0,24,24,200,459,,,,
gpm_grid_tamatue,GPM Grid TamaTue,2026-09-01,11.17.05.2002,Bale Redelong,external_comparison,yes,4.649902718619309,96.85017949357464,Asia/Jakarta,Forecast Redelong representative point. BMKG ADM4 reference: 11.17.05.2002 (Bale Redelong). Initial BMKG reference for catchment grid Spatial role: external_comparison. Grid terpisah dan terlalu jauh untuk langsung diasumsikan berkontribusi; hanya titik pembanding sampai konektivitas DAS dikonfirmasi.,01-09-2026,ICON,Open-Meteo / DWD ICON,yes,1.0,1.0,1.0,24,24,200,413,,,,
gpm_grid_tamatue,GPM Grid TamaTue,2026-09-01,11.17.05.2002,Bale Redelong,external_comparison,yes,4.649902718619309,96.85017949357464,Asia/Jakarta,Forecast Redelong representative point. BMKG ADM4 reference: 11.17.05.2002 (Bale Redelong). Initial BMKG reference for catchment grid Spatial role: external_comparison. Grid terpisah dan terlalu jauh untuk langsung diasumsikan berkontribusi; hanya titik pembanding sampai konektivitas DAS dikonfirmasi.,01-09-2026,METEOFRANCE,Open-Meteo / Meteo-France,yes,1.0,1.0,1.0,24,24,200,402,,,,
gpm_grid_tamatue,GPM Grid TamaTue,2026-09-01,11.17.05.2002,Bale Redelong,external_comparison,yes,4.649902718619309,96.85017949357464,Asia/Jakarta,Forecast Redelong representative point. BMKG ADM4 reference: 11.17.05.2002 (Bale Redelong). Initial BMKG reference for catchment grid Spatial role: external_comparison. Grid terpisah dan terlalu jauh untuk langsung diasumsikan berkontribusi; hanya titik pembanding sampai konektivitas DAS dikonfirmasi.,01-09-2026,UKMO,Open-Meteo / UK Met Office,yes,1.0,1.0,1.0,24,24,200,408,,,,
gpm_grid_tamatue,GPM Grid TamaTue,2026-09-02,11.17.05.2002,Bale Redelong,external_comparison,yes,4.649902718619309,96.85017949357464,Asia/Jakarta,Forecast Redelong representative point. BMKG ADM4 reference: 11.17.05.2002 (Bale Redelong). Initial BMKG reference for catchment grid Spatial role: external_comparison. Grid terpisah dan terlalu jauh untuk langsung diasumsikan berkontribusi; hanya titik pembanding sampai konektivitas DAS dikonfirmasi.,02-09-2026,BMKG,BMKG,yes,1.35,0.9915,1.3385,24,24,200,117,,,,
gpm_grid_tamatue,GPM Grid TamaTue,2026-09-02,11.17.05.2002,Bale Redelong,external_comparison,yes,4.649902718619309,96.85017949357464,Asia/Jakarta,Forecast Redelong representative point. BMKG ADM4 reference: 11.17.05.2002 (Bale Redelong). Initial BMKG reference for catchment grid Spatial role: external_comparison. Grid terpisah dan terlalu jauh untuk langsung diasumsikan berkontribusi; hanya titik pembanding sampai konektivitas DAS dikonfirmasi.,02-09-2026,CMA,Open-Meteo / CMA GRAPES,yes,1.0,1.0,1.0,24,24,200,408,,,,
gpm_grid_tamatue,GPM Grid TamaTue,2026-09-02,11.17.05.2002,Bale Redelong,external_comparison,yes,4.649902718619309,96.85017949357464,Asia/Jakarta,Forecast Redelong representative point. BMKG ADM4 reference: 11.17.05.2002 (Bale Redelong). Initial BMKG reference for catchment grid Spatial role: external_comparison. Grid terpisah dan terlalu jauh untuk langsung diasumsikan berkontribusi; hanya titik pembanding sampai konektivitas DAS dikonfirmasi.,02-09-2026,ECMWF,Open-Meteo / ECMWF,yes,1.0,1.0,1.0,24,24,200,401,,,,
gpm_grid_tamatue,GPM Grid TamaTue,2026-09-02,11.17.05.2002,Bale Redelong,external_comparison,yes,4.649902718619309,96.85017949357464,Asia/Jakarta,Forecast Redelong representative point. BMKG ADM4 reference: 11.17.05.2002 (Bale Redelong). Initial BMKG reference for catchment grid Spatial role: external_comparison. Grid terpisah dan terlalu jauh untuk langsung diasumsikan berkontribusi; hanya titik pembanding sampai konektivitas DAS dikonfirmasi.,02-09-2026,GFS,Open-Meteo / NOAA GFS,yes,1.0,1.0,1.0,24,24,200,399,,,,
gpm_grid_tamatue,GPM Grid TamaTue,2026-09-02,11.17.05.2002,Bale Redelong,external_comparison,yes,4.649902718619309,96.85017949357464,Asia/Jakarta,Forecast Redelong representative point. BMKG ADM4 reference: 11.17.05.2002 (Bale Redelong). Initial BMKG reference for catchment grid Spatial role: external_comparison. Grid terpisah dan terlalu jauh untuk langsung diasumsikan berkontribusi; hanya titik pembanding sampai konektivitas DAS dikonfirmasi.,02-09-2026,ICON,Open-Meteo / DWD ICON,yes,1.0,1.0,1.0,24,24,200,387,,,,
gpm_grid_tamatue,GPM Grid TamaTue,2026-09-02,11.17.05.2002,Bale Redelong,external_comparison,yes,4.649902718619309,96.85017949357464,Asia/Jakarta,Forecast Redelong representative point. BMKG ADM4 reference: 11.17.05.2002 (Bale Redelong). Initial BMKG reference for catchment grid Spatial role: external_comparison. Grid terpisah dan terlalu jauh untuk langsung diasumsikan berkontribusi; hanya titik pembanding sampai konektivitas DAS dikonfirmasi.,02-09-2026,METEOFRANCE,Open-Meteo / Meteo-France,yes,1.0,1.0,1.0,24,24,200,398,,,,
gpm_grid_tamatue,GPM Grid TamaTue,2026-09-02,11.17.05.2002,Bale Redelong,external_comparison,yes,4.649902718619309,96.85017949357464,Asia/Jakarta,Forecast Redelong representative point. BMKG ADM4 reference: 11.17.05.2002 (Bale Redelong). Initial BMKG reference for catchment grid Spatial role: external_comparison. Grid terpisah dan terlalu jauh untuk langsung diasumsikan berkontribusi; hanya titik pembanding sampai konektivitas DAS dikonfirmasi.,02-09-2026,UKMO,Open-Meteo / UK Met Office,yes,1.0,1.0,1.0,24,24,200,403,,,,
gpm_grid_tamatue,GPM Grid TamaTue,2026-09-03,11.17.05.2002,Bale Redelong,external_comparison,yes,4.649902718619309,96.85017949357464,Asia/Jakarta,Forecast Redelong representative point. BMKG ADM4 reference: 11.17.05.2002 (Bale Redelong). Initial BMKG reference for catchment grid Spatial role: external_comparison. Grid terpisah dan terlalu jauh untuk langsung diasumsikan berkontribusi; hanya titik pembanding sampai konektivitas DAS dikonfirmasi.,03-09-2026,BMKG,BMKG,no,1.35,0.9945,1.3426,0,24,,44,,,,BMKG tidak mengembalikan kandidat untuk target date
gpm_grid_tamatue,GPM Grid TamaTue,2026-09-03,11.17.05.2002,Bale Redelong,external_comparison,yes,4.649902718619309,96.85017949357464,Asia/Jakarta,Forecast Redelong representative point. BMKG ADM4 reference: 11.17.05.2002 (Bale Redelong). Initial BMKG reference for catchment grid Spatial role: external_comparison. Grid terpisah dan terlalu jauh untuk langsung diasumsikan berkontribusi; hanya titik pembanding sampai konektivitas DAS dikonfirmasi.,03-09-2026,CMA,Open-Meteo / CMA GRAPES,yes,1.0,1.0,1.0,24,24,200,410,,,,
gpm_grid_tamatue,GPM Grid TamaTue,2026-09-03,11.17.05.2002,Bale Redelong,external_comparison,yes,4.649902718619309,96.85017949357464,Asia/Jakarta,Forecast Redelong representative point. BMKG ADM4 reference: 11.17.05.2002 (Bale Redelong). Initial BMKG reference for catchment grid Spatial role: external_comparison. Grid terpisah dan terlalu jauh untuk langsung diasumsikan berkontribusi; hanya titik pembanding sampai konektivitas DAS dikonfirmasi.,03-09-2026,ECMWF,Open-Meteo / ECMWF,yes,1.0,1.0,1.0,24,24,200,444,,,,
gpm_grid_tamatue,GPM Grid TamaTue,2026-09-03,11.17.05.2002,Bale Redelong,external_comparison,yes,4.649902718619309,96.85017949357464,Asia/Jakarta,Forecast Redelong representative point. BMKG ADM4 reference: 11.17.05.2002 (Bale Redelong). Initial BMKG reference for catchment grid Spatial role: external_comparison. Grid terpisah dan terlalu jauh untuk langsung diasumsikan berkontribusi; hanya titik pembanding sampai konektivitas DAS dikonfirmasi.,03-09-2026,GFS,Open-Meteo / NOAA GFS,yes,1.0,1.0,1.0,24,24,200,406,,,,
gpm_grid_tamatue,GPM Grid TamaTue,2026-09-03,11.17.05.2002,Bale Redelong,external_comparison,yes,4.649902718619309,96.85017949357464,Asia/Jakarta,Forecast Redelong representative point. BMKG ADM4 reference: 11.17.05.2002 (Bale Redelong). Initial BMKG reference for catchment grid Spatial role: external_comparison. Grid terpisah dan terlalu jauh untuk langsung diasumsikan berkontribusi; hanya titik pembanding sampai konektivitas DAS dikonfirmasi.,03-09-2026,ICON,Open-Meteo / DWD ICON,yes,1.0,1.0,1.0,24,24,200,402,,,,
gpm_grid_tamatue,GPM Grid TamaTue,2026-09-03,11.17.05.2002,Bale Redelong,external_comparison,yes,4.649902718619309,96.85017949357464,Asia/Jakarta,Forecast Redelong representative point. BMKG ADM4 reference: 11.17.05.2002 (Bale Redelong). Initial BMKG reference for catchment grid Spatial role: external_comparison. Grid terpisah dan terlalu jauh untuk langsung diasumsikan berkontribusi; hanya titik pembanding sampai konektivitas DAS dikonfirmasi.,03-09-2026,METEOFRANCE,Open-Meteo / Meteo-France,yes,1.0,1.0,1.0,24,24,200,402,,,,
gpm_grid_tamatue,GPM Grid TamaTue,2026-09-03,11.17.05.2002,Bale Redelong,external_comparison,yes,4.649902718619309,96.85017949357464,Asia/Jakarta,Forecast Redelong representative point. BMKG ADM4 reference: 11.17.05.2002 (Bale Redelong). Initial BMKG reference for catchment grid Spatial role: external_comparison. Grid terpisah dan terlalu jauh untuk langsung diasumsikan berkontribusi; hanya titik pembanding sampai konektivitas DAS dikonfirmasi.,03-09-2026,UKMO,Open-Meteo / UK Met Office,yes,1.0,1.0,1.0,24,24,200,411,,,,
pltm_besai_kemu,PLTM Besai Kemu,2026-08-31,18.08.03.2017,Kemu,independent_site_reference,yes,-4.862591667,104.500497222,Asia/Jakarta,PLTM Besai Kemu forecast reference. BMKG ADM4 reference: 18.08.03.2017. Coordinate status: engineering_document_reference_operational_asset_confirmed.,31-08-2026,BMKG,BMKG,yes,1.35,1.0,1.35,18,24,200,808,,,,
pltm_besai_kemu,PLTM Besai Kemu,2026-08-31,18.08.03.2017,Kemu,independent_site_reference,yes,-4.862591667,104.500497222,Asia/Jakarta,PLTM Besai Kemu forecast reference. BMKG ADM4 reference: 18.08.03.2017. Coordinate status: engineering_document_reference_operational_asset_confirmed.,31-08-2026,CMA,Open-Meteo / CMA GRAPES,yes,1.0,1.0,1.0,24,24,200,394,,,,
pltm_besai_kemu,PLTM Besai Kemu,2026-08-31,18.08.03.2017,Kemu,independent_site_reference,yes,-4.862591667,104.500497222,Asia/Jakarta,PLTM Besai Kemu forecast reference. BMKG ADM4 reference: 18.08.03.2017. Coordinate status: engineering_document_reference_operational_asset_confirmed.,31-08-2026,ECMWF,Open-Meteo / ECMWF,yes,1.0,1.0,1.0,24,24,200,404,,,,
pltm_besai_kemu,PLTM Besai Kemu,2026-08-31,18.08.03.2017,Kemu,independent_site_reference,yes,-4.862591667,104.500497222,Asia/Jakarta,PLTM Besai Kemu forecast reference. BMKG ADM4 reference: 18.08.03.2017. Coordinate status: engineering_document_reference_operational_asset_confirmed.,31-08-2026,GFS,Open-Meteo / NOAA GFS,yes,1.0,1.0,1.0,24,24,200,403,,,,
pltm_besai_kemu,PLTM Besai Kemu,2026-08-31,18.08.03.2017,Kemu,independent_site_reference,yes,-4.862591667,104.500497222,Asia/Jakarta,PLTM Besai Kemu forecast reference. BMKG ADM4 reference: 18.08.03.2017. Coordinate status: engineering_document_reference_operational_asset_confirmed.,31-08-2026,ICON,Open-Meteo / DWD ICON,yes,1.0,1.0,1.0,24,24,200,390,,,,
pltm_besai_kemu,PLTM Besai Kemu,2026-08-31,18.08.03.2017,Kemu,independent_site_reference,yes,-4.862591667,104.500497222,Asia/Jakarta,PLTM Besai Kemu forecast reference. BMKG ADM4 reference: 18.08.03.2017. Coordinate status: engineering_document_reference_operational_asset_confirmed.,31-08-2026,METEOFRANCE,Open-Meteo / Meteo-France,yes,1.0,1.0,1.0,24,24,200,392,,,,
pltm_besai_kemu,PLTM Besai Kemu,2026-08-31,18.08.03.2017,Kemu,independent_site_reference,yes,-4.862591667,104.500497222,Asia/Jakarta,PLTM Besai Kemu forecast reference. BMKG ADM4 reference: 18.08.03.2017. Coordinate status: engineering_document_reference_operational_asset_confirmed.,31-08-2026,UKMO,Open-Meteo / UK Met Office,yes,1.0,1.0,1.0,24,24,200,395,,,,
pltm_besai_kemu,PLTM Besai Kemu,2026-09-01,18.08.03.2017,Kemu,independent_site_reference,yes,-4.862591667,104.500497222,Asia/Jakarta,PLTM Besai Kemu forecast reference. BMKG ADM4 reference: 18.08.03.2017. Coordinate status: engineering_document_reference_operational_asset_confirmed.,01-09-2026,BMKG,BMKG,yes,1.35,0.9869,1.3323,24,24,200,22,,,,
pltm_besai_kemu,PLTM Besai Kemu,2026-09-01,18.08.03.2017,Kemu,independent_site_reference,yes,-4.862591667,104.500497222,Asia/Jakarta,PLTM Besai Kemu forecast reference. BMKG ADM4 reference: 18.08.03.2017. Coordinate status: engineering_document_reference_operational_asset_confirmed.,01-09-2026,CMA,Open-Meteo / CMA GRAPES,yes,1.0,1.0,1.0,24,24,200,385,,,,
pltm_besai_kemu,PLTM Besai Kemu,2026-09-01,18.08.03.2017,Kemu,independent_site_reference,yes,-4.862591667,104.500497222,Asia/Jakarta,PLTM Besai Kemu forecast reference. BMKG ADM4 reference: 18.08.03.2017. Coordinate status: engineering_document_reference_operational_asset_confirmed.,01-09-2026,ECMWF,Open-Meteo / ECMWF,yes,1.0,1.0,1.0,24,24,200,386,,,,
pltm_besai_kemu,PLTM Besai Kemu,2026-09-01,18.08.03.2017,Kemu,independent_site_reference,yes,-4.862591667,104.500497222,Asia/Jakarta,PLTM Besai Kemu forecast reference. BMKG ADM4 reference: 18.08.03.2017. Coordinate status: engineering_document_reference_operational_asset_confirmed.,01-09-2026,GFS,Open-Meteo / NOAA GFS,yes,1.0,1.0,1.0,24,24,200,395,,,,
pltm_besai_kemu,PLTM Besai Kemu,2026-09-01,18.08.03.2017,Kemu,independent_site_reference,yes,-4.862591667,104.500497222,Asia/Jakarta,PLTM Besai Kemu forecast reference. BMKG ADM4 reference: 18.08.03.2017. Coordinate status: engineering_document_reference_operational_asset_confirmed.,01-09-2026,ICON,Open-Meteo / DWD ICON,yes,1.0,1.0,1.0,24,24,200,393,,,,
pltm_besai_kemu,PLTM Besai Kemu,2026-09-01,18.08.03.2017,Kemu,independent_site_reference,yes,-4.862591667,104.500497222,Asia/Jakarta,PLTM Besai Kemu forecast reference. BMKG ADM4 reference: 18.08.03.2017. Coordinate status: engineering_document_reference_operational_asset_confirmed.,01-09-2026,METEOFRANCE,Open-Meteo / Meteo-France,yes,1.0,1.0,1.0,24,24,200,386,,,,
pltm_besai_kemu,PLTM Besai Kemu,2026-09-01,18.08.03.2017,Kemu,independent_site_reference,yes,-4.862591667,104.500497222,Asia/Jakarta,PLTM Besai Kemu forecast reference. BMKG ADM4 reference: 18.08.03.2017. Coordinate status: engineering_document_reference_operational_asset_confirmed.,01-09-2026,UKMO,Open-Meteo / UK Met Office,yes,1.0,1.0,1.0,24,24,200,390,,,,
pltm_besai_kemu,PLTM Besai Kemu,2026-09-02,18.08.03.2017,Kemu,independent_site_reference,yes,-4.862591667,104.500497222,Asia/Jakarta,PLTM Besai Kemu forecast reference. BMKG ADM4 reference: 18.08.03.2017. Coordinate status: engineering_document_reference_operational_asset_confirmed.,02-09-2026,BMKG,BMKG,yes,1.35,0.9915,1.3385,24,24,200,20,,,,
pltm_besai_kemu,PLTM Besai Kemu,2026-09-02,18.08.03.2017,Kemu,independent_site_reference,yes,-4.862591667,104.500497222,Asia/Jakarta,PLTM Besai Kemu forecast reference. BMKG ADM4 reference: 18.08.03.2017. Coordinate status: engineering_document_reference_operational_asset_confirmed.,02-09-2026,CMA,Open-Meteo / CMA GRAPES,yes,1.0,1.0,1.0,24,24,200,410,,,,
pltm_besai_kemu,PLTM Besai Kemu,2026-09-02,18.08.03.2017,Kemu,independent_site_reference,yes,-4.862591667,104.500497222,Asia/Jakarta,PLTM Besai Kemu forecast reference. BMKG ADM4 reference: 18.08.03.2017. Coordinate status: engineering_document_reference_operational_asset_confirmed.,02-09-2026,ECMWF,Open-Meteo / ECMWF,yes,1.0,1.0,1.0,24,24,200,397,,,,
pltm_besai_kemu,PLTM Besai Kemu,2026-09-02,18.08.03.2017,Kemu,independent_site_reference,yes,-4.862591667,104.500497222,Asia/Jakarta,PLTM Besai Kemu forecast reference. BMKG ADM4 reference: 18.08.03.2017. Coordinate status: engineering_document_reference_operational_asset_confirmed.,02-09-2026,GFS,Open-Meteo / NOAA GFS,yes,1.0,1.0,1.0,24,24,200,388,,,,
pltm_besai_kemu,PLTM Besai Kemu,2026-09-02,18.08.03.2017,Kemu,independent_site_reference,yes,-4.862591667,104.500497222,Asia/Jakarta,PLTM Besai Kemu forecast reference. BMKG ADM4 reference: 18.08.03.2017. Coordinate status: engineering_document_reference_operational_asset_confirmed.,02-09-2026,ICON,Open-Meteo / DWD ICON,yes,1.0,1.0,1.0,24,24,200,391,,,,
pltm_besai_kemu,PLTM Besai Kemu,2026-09-02,18.08.03.2017,Kemu,independent_site_reference,yes,-4.862591667,104.500497222,Asia/Jakarta,PLTM Besai Kemu forecast reference. BMKG ADM4 reference: 18.08.03.2017. Coordinate status: engineering_document_reference_operational_asset_confirmed.,02-09-2026,METEOFRANCE,Open-Meteo / Meteo-France,yes,1.0,1.0,1.0,24,24,200,496,,,,
pltm_besai_kemu,PLTM Besai Kemu,2026-09-02,18.08.03.2017,Kemu,independent_site_reference,yes,-4.862591667,104.500497222,Asia/Jakarta,PLTM Besai Kemu forecast reference. BMKG ADM4 reference: 18.08.03.2017. Coordinate status: engineering_document_reference_operational_asset_confirmed.,02-09-2026,UKMO,Open-Meteo / UK Met Office,yes,1.0,1.0,1.0,24,24,200,389,,,,
pltm_besai_kemu,PLTM Besai Kemu,2026-09-03,18.08.03.2017,Kemu,independent_site_reference,yes,-4.862591667,104.500497222,Asia/Jakarta,PLTM Besai Kemu forecast reference. BMKG ADM4 reference: 18.08.03.2017. Coordinate status: engineering_document_reference_operational_asset_confirmed.,03-09-2026,BMKG,BMKG,no,1.35,0.9945,1.3426,0,24,,50,,,,BMKG tidak mengembalikan kandidat untuk target date
pltm_besai_kemu,PLTM Besai Kemu,2026-09-03,18.08.03.2017,Kemu,independent_site_reference,yes,-4.862591667,104.500497222,Asia/Jakarta,PLTM Besai Kemu forecast reference. BMKG ADM4 reference: 18.08.03.2017. Coordinate status: engineering_document_reference_operational_asset_confirmed.,03-09-2026,CMA,Open-Meteo / CMA GRAPES,yes,1.0,1.0,1.0,24,24,200,396,,,,
pltm_besai_kemu,PLTM Besai Kemu,2026-09-03,18.08.03.2017,Kemu,independent_site_reference,yes,-4.862591667,104.500497222,Asia/Jakarta,PLTM Besai Kemu forecast reference. BMKG ADM4 reference: 18.08.03.2017. Coordinate status: engineering_document_reference_operational_asset_confirmed.,03-09-2026,ECMWF,Open-Meteo / ECMWF,yes,1.0,1.0,1.0,24,24,200,383,,,,
pltm_besai_kemu,PLTM Besai Kemu,2026-09-03,18.08.03.2017,Kemu,independent_site_reference,yes,-4.862591667,104.500497222,Asia/Jakarta,PLTM Besai Kemu forecast reference. BMKG ADM4 reference: 18.08.03.2017. Coordinate status: engineering_document_reference_operational_asset_confirmed.,03-09-2026,GFS,Open-Meteo / NOAA GFS,yes,1.0,1.0,1.0,24,24,200,394,,,,
pltm_besai_kemu,PLTM Besai Kemu,2026-09-03,18.08.03.2017,Kemu,independent_site_reference,yes,-4.862591667,104.500497222,Asia/Jakarta,PLTM Besai Kemu forecast reference. BMKG ADM4 reference: 18.08.03.2017. Coordinate status: engineering_document_reference_operational_asset_confirmed.,03-09-2026,ICON,Open-Meteo / DWD ICON,yes,1.0,1.0,1.0,24,24,200,468,,,,
pltm_besai_kemu,PLTM Besai Kemu,2026-09-03,18.08.03.2017,Kemu,independent_site_reference,yes,-4.862591667,104.500497222,Asia/Jakarta,PLTM Besai Kemu forecast reference. BMKG ADM4 reference: 18.08.03.2017. Coordinate status: engineering_document_reference_operational_asset_confirmed.,03-09-2026,METEOFRANCE,Open-Meteo / Meteo-France,yes,1.0,1.0,1.0,24,24,200,393,,,,
pltm_besai_kemu,PLTM Besai Kemu,2026-09-03,18.08.03.2017,Kemu,independent_site_reference,yes,-4.862591667,104.500497222,Asia/Jakarta,PLTM Besai Kemu forecast reference. BMKG ADM4 reference: 18.08.03.2017. Coordinate status: engineering_document_reference_operational_asset_confirmed.,03-09-2026,UKMO,Open-Meteo / UK Met Office,yes,1.0,1.0,1.0,24,24,200,387,,,,
pltm_besai_kemu_headpond,Headpond Besai Kemu,2026-08-31,18.08.03.2017,Kemu,independent_site_engineering_point,yes,-4.839133333,104.509577778,Asia/Jakarta,Headpond Besai Kemu engineering forecast reference for PLTM Besai Kemu. The catchment polygon remains pending.,31-08-2026,BMKG,BMKG,yes,1.35,1.0,1.35,18,24,200,25,,,,
pltm_besai_kemu_headpond,Headpond Besai Kemu,2026-08-31,18.08.03.2017,Kemu,independent_site_engineering_point,yes,-4.839133333,104.509577778,Asia/Jakarta,Headpond Besai Kemu engineering forecast reference for PLTM Besai Kemu. The catchment polygon remains pending.,31-08-2026,CMA,Open-Meteo / CMA GRAPES,yes,1.0,1.0,1.0,24,24,200,392,,,,
pltm_besai_kemu_headpond,Headpond Besai Kemu,2026-08-31,18.08.03.2017,Kemu,independent_site_engineering_point,yes,-4.839133333,104.509577778,Asia/Jakarta,Headpond Besai Kemu engineering forecast reference for PLTM Besai Kemu. The catchment polygon remains pending.,31-08-2026,ECMWF,Open-Meteo / ECMWF,yes,1.0,1.0,1.0,24,24,200,476,,,,
pltm_besai_kemu_headpond,Headpond Besai Kemu,2026-08-31,18.08.03.2017,Kemu,independent_site_engineering_point,yes,-4.839133333,104.509577778,Asia/Jakarta,Headpond Besai Kemu engineering forecast reference for PLTM Besai Kemu. The catchment polygon remains pending.,31-08-2026,GFS,Open-Meteo / NOAA GFS,yes,1.0,1.0,1.0,24,24,200,390,,,,
pltm_besai_kemu_headpond,Headpond Besai Kemu,2026-08-31,18.08.03.2017,Kemu,independent_site_engineering_point,yes,-4.839133333,104.509577778,Asia/Jakarta,Headpond Besai Kemu engineering forecast reference for PLTM Besai Kemu. The catchment polygon remains pending.,31-08-2026,ICON,Open-Meteo / DWD ICON,yes,1.0,1.0,1.0,24,24,200,382,,,,
pltm_besai_kemu_headpond,Headpond Besai Kemu,2026-08-31,18.08.03.2017,Kemu,independent_site_engineering_point,yes,-4.839133333,104.509577778,Asia/Jakarta,Headpond Besai Kemu engineering forecast reference for PLTM Besai Kemu. The catchment polygon remains pending.,31-08-2026,METEOFRANCE,Open-Meteo / Meteo-France,yes,1.0,1.0,1.0,24,24,200,395,,,,
pltm_besai_kemu_headpond,Headpond Besai Kemu,2026-08-31,18.08.03.2017,Kemu,independent_site_engineering_point,yes,-4.839133333,104.509577778,Asia/Jakarta,Headpond Besai Kemu engineering forecast reference for PLTM Besai Kemu. The catchment polygon remains pending.,31-08-2026,UKMO,Open-Meteo / UK Met Office,yes,1.0,1.0,1.0,24,24,200,391,,,,
pltm_besai_kemu_headpond,Headpond Besai Kemu,2026-09-01,18.08.03.2017,Kemu,independent_site_engineering_point,yes,-4.839133333,104.509577778,Asia/Jakarta,Headpond Besai Kemu engineering forecast reference for PLTM Besai Kemu. The catchment polygon remains pending.,01-09-2026,BMKG,BMKG,yes,1.35,0.9869,1.3323,24,24,200,29,,,,
pltm_besai_kemu_headpond,Headpond Besai Kemu,2026-09-01,18.08.03.2017,Kemu,independent_site_engineering_point,yes,-4.839133333,104.509577778,Asia/Jakarta,Headpond Besai Kemu engineering forecast reference for PLTM Besai Kemu. The catchment polygon remains pending.,01-09-2026,CMA,Open-Meteo / CMA GRAPES,yes,1.0,1.0,1.0,24,24,200,389,,,,
pltm_besai_kemu_headpond,Headpond Besai Kemu,2026-09-01,18.08.03.2017,Kemu,independent_site_engineering_point,yes,-4.839133333,104.509577778,Asia/Jakarta,Headpond Besai Kemu engineering forecast reference for PLTM Besai Kemu. The catchment polygon remains pending.,01-09-2026,ECMWF,Open-Meteo / ECMWF,yes,1.0,1.0,1.0,24,24,200,393,,,,
pltm_besai_kemu_headpond,Headpond Besai Kemu,2026-09-01,18.08.03.2017,Kemu,independent_site_engineering_point,yes,-4.839133333,104.509577778,Asia/Jakarta,Headpond Besai Kemu engineering forecast reference for PLTM Besai Kemu. The catchment polygon remains pending.,01-09-2026,GFS,Open-Meteo / NOAA GFS,yes,1.0,1.0,1.0,24,24,200,385,,,,
pltm_besai_kemu_headpond,Headpond Besai Kemu,2026-09-01,18.08.03.2017,Kemu,independent_site_engineering_point,yes,-4.839133333,104.509577778,Asia/Jakarta,Headpond Besai Kemu engineering forecast reference for PLTM Besai Kemu. The catchment polygon remains pending.,01-09-2026,ICON,Open-Meteo / DWD ICON,yes,1.0,1.0,1.0,24,24,200,425,,,,
pltm_besai_kemu_headpond,Headpond Besai Kemu,2026-09-01,18.08.03.2017,Kemu,independent_site_engineering_point,yes,-4.839133333,104.509577778,Asia/Jakarta,Headpond Besai Kemu engineering forecast reference for PLTM Besai Kemu. The catchment polygon remains pending.,01-09-2026,METEOFRANCE,Open-Meteo / Meteo-France,yes,1.0,1.0,1.0,24,24,200,393,,,,
pltm_besai_kemu_headpond,Headpond Besai Kemu,2026-09-01,18.08.03.2017,Kemu,independent_site_engineering_point,yes,-4.839133333,104.509577778,Asia/Jakarta,Headpond Besai Kemu engineering forecast reference for PLTM Besai Kemu. The catchment polygon remains pending.,01-09-2026,UKMO,Open-Meteo / UK Met Office,yes,1.0,1.0,1.0,24,24,200,383,,,,
pltm_besai_kemu_headpond,Headpond Besai Kemu,2026-09-02,18.08.03.2017,Kemu,independent_site_engineering_point,yes,-4.839133333,104.509577778,Asia/Jakarta,Headpond Besai Kemu engineering forecast reference for PLTM Besai Kemu. The catchment polygon remains pending.,02-09-2026,BMKG,BMKG,yes,1.35,0.9915,1.3385,24,24,200,27,,,,
pltm_besai_kemu_headpond,Headpond Besai Kemu,2026-09-02,18.08.03.2017,Kemu,independent_site_engineering_point,yes,-4.839133333,104.509577778,Asia/Jakarta,Headpond Besai Kemu engineering forecast reference for PLTM Besai Kemu. The catchment polygon remains pending.,02-09-2026,CMA,Open-Meteo / CMA GRAPES,yes,1.0,1.0,1.0,24,24,200,385,,,,
pltm_besai_kemu_headpond,Headpond Besai Kemu,2026-09-02,18.08.03.2017,Kemu,independent_site_engineering_point,yes,-4.839133333,104.509577778,Asia/Jakarta,Headpond Besai Kemu engineering forecast reference for PLTM Besai Kemu. The catchment polygon remains pending.,02-09-2026,ECMWF,Open-Meteo / ECMWF,yes,1.0,1.0,1.0,24,24,200,380,,,,
pltm_besai_kemu_headpond,Headpond Besai Kemu,2026-09-02,18.08.03.2017,Kemu,independent_site_engineering_point,yes,-4.839133333,104.509577778,Asia/Jakarta,Headpond Besai Kemu engineering forecast reference for PLTM Besai Kemu. The catchment polygon remains pending.,02-09-2026,GFS,Open-Meteo / NOAA GFS,yes,1.0,1.0,1.0,24,24,200,397,,,,
pltm_besai_kemu_headpond,Headpond Besai Kemu,2026-09-02,18.08.03.2017,Kemu,independent_site_engineering_point,yes,-4.839133333,104.509577778,Asia/Jakarta,Headpond Besai Kemu engineering forecast reference for PLTM Besai Kemu. The catchment polygon remains pending.,02-09-2026,ICON,Open-Meteo / DWD ICON,yes,1.0,1.0,1.0,24,24,200,395,,,,
pltm_besai_kemu_headpond,Headpond Besai Kemu,2026-09-02,18.08.03.2017,Kemu,independent_site_engineering_point,yes,-4.839133333,104.509577778,Asia/Jakarta,Headpond Besai Kemu engineering forecast reference for PLTM Besai Kemu. The catchment polygon remains pending.,02-09-2026,METEOFRANCE,Open-Meteo / Meteo-France,yes,1.0,1.0,1.0,24,24,200,406,,,,
pltm_besai_kemu_headpond,Headpond Besai Kemu,2026-09-02,18.08.03.2017,Kemu,independent_site_engineering_point,yes,-4.839133333,104.509577778,Asia/Jakarta,Headpond Besai Kemu engineering forecast reference for PLTM Besai Kemu. The catchment polygon remains pending.,02-09-2026,UKMO,Open-Meteo / UK Met Office,yes,1.0,1.0,1.0,24,24,200,401,,,,
pltm_besai_kemu_headpond,Headpond Besai Kemu,2026-09-03,18.08.03.2017,Kemu,independent_site_engineering_point,yes,-4.839133333,104.509577778,Asia/Jakarta,Headpond Besai Kemu engineering forecast reference for PLTM Besai Kemu. The catchment polygon remains pending.,03-09-2026,BMKG,BMKG,no,1.35,0.9945,1.3426,0,24,,56,,,,BMKG tidak mengembalikan kandidat untuk target date
pltm_besai_kemu_headpond,Headpond Besai Kemu,2026-09-03,18.08.03.2017,Kemu,independent_site_engineering_point,yes,-4.839133333,104.509577778,Asia/Jakarta,Headpond Besai Kemu engineering forecast reference for PLTM Besai Kemu. The catchment polygon remains pending.,03-09-2026,CMA,Open-Meteo / CMA GRAPES,yes,1.0,1.0,1.0,24,24,200,408,,,,
pltm_besai_kemu_headpond,Headpond Besai Kemu,2026-09-03,18.08.03.2017,Kemu,independent_site_engineering_point,yes,-4.839133333,104.509577778,Asia/Jakarta,Headpond Besai Kemu engineering forecast reference for PLTM Besai Kemu. The catchment polygon remains pending.,03-09-2026,ECMWF,Open-Meteo / ECMWF,yes,1.0,1.0,1.0,24,24,200,408,,,,
pltm_besai_kemu_headpond,Headpond Besai Kemu,2026-09-03,18.08.03.2017,Kemu,independent_site_engineering_point,yes,-4.839133333,104.509577778,Asia/Jakarta,Headpond Besai Kemu engineering forecast reference for PLTM Besai Kemu. The catchment polygon remains pending.,03-09-2026,GFS,Open-Meteo / NOAA GFS,yes,1.0,1.0,1.0,24,24,200,403,,,,
pltm_besai_kemu_headpond,Headpond Besai Kemu,2026-09-03,18.08.03.2017,Kemu,independent_site_engineering_point,yes,-4.839133333,104.509577778,Asia/Jakarta,Headpond Besai Kemu engineering forecast reference for PLTM Besai Kemu. The catchment polygon remains pending.,03-09-2026,ICON,Open-Meteo / DWD ICON,yes,1.0,1.0,1.0,24,24,200,410,,,,
pltm_besai_kemu_headpond,Headpond Besai Kemu,2026-09-03,18.08.03.2017,Kemu,independent_site_engineering_point,yes,-4.839133333,104.509577778,Asia/Jakarta,Headpond Besai Kemu engineering forecast reference for PLTM Besai Kemu. The catchment polygon remains pending.,03-09-2026,METEOFRANCE,Open-Meteo / Meteo-France,yes,1.0,1.0,1.0,24,24,200,408,,,,
pltm_besai_kemu_headpond,Headpond Besai Kemu,2026-09-03,18.08.03.2017,Kemu,independent_site_engineering_point,yes,-4.839133333,104.509577778,Asia/Jakarta,Headpond Besai Kemu engineering forecast reference for PLTM Besai Kemu. The catchment polygon remains pending.,03-09-2026,UKMO,Open-Meteo / UK Met Office,yes,1.0,1.0,1.0,24,24,200,413,,,,
pltm_besai_kemu_powerhouse,Powerhouse Besai Kemu,2026-08-31,18.08.03.2017,Kemu,independent_site_engineering_point,yes,-4.837533333,104.510075,Asia/Jakarta,Powerhouse Besai Kemu engineering forecast reference for PLTM Besai Kemu. The catchment polygon remains pending.,31-08-2026,BMKG,BMKG,yes,1.35,1.0,1.35,18,24,200,53,,,,
pltm_besai_kemu_powerhouse,Powerhouse Besai Kemu,2026-08-31,18.08.03.2017,Kemu,independent_site_engineering_point,yes,-4.837533333,104.510075,Asia/Jakarta,Powerhouse Besai Kemu engineering forecast reference for PLTM Besai Kemu. The catchment polygon remains pending.,31-08-2026,CMA,Open-Meteo / CMA GRAPES,yes,1.0,1.0,1.0,24,24,200,383,,,,
pltm_besai_kemu_powerhouse,Powerhouse Besai Kemu,2026-08-31,18.08.03.2017,Kemu,independent_site_engineering_point,yes,-4.837533333,104.510075,Asia/Jakarta,Powerhouse Besai Kemu engineering forecast reference for PLTM Besai Kemu. The catchment polygon remains pending.,31-08-2026,ECMWF,Open-Meteo / ECMWF,yes,1.0,1.0,1.0,24,24,200,402,,,,
pltm_besai_kemu_powerhouse,Powerhouse Besai Kemu,2026-08-31,18.08.03.2017,Kemu,independent_site_engineering_point,yes,-4.837533333,104.510075,Asia/Jakarta,Powerhouse Besai Kemu engineering forecast reference for PLTM Besai Kemu. The catchment polygon remains pending.,31-08-2026,GFS,Open-Meteo / NOAA GFS,yes,1.0,1.0,1.0,24,24,200,393,,,,
pltm_besai_kemu_powerhouse,Powerhouse Besai Kemu,2026-08-31,18.08.03.2017,Kemu,independent_site_engineering_point,yes,-4.837533333,104.510075,Asia/Jakarta,Powerhouse Besai Kemu engineering forecast reference for PLTM Besai Kemu. The catchment polygon remains pending.,31-08-2026,ICON,Open-Meteo / DWD ICON,yes,1.0,1.0,1.0,24,24,200,390,,,,
pltm_besai_kemu_powerhouse,Powerhouse Besai Kemu,2026-08-31,18.08.03.2017,Kemu,independent_site_engineering_point,yes,-4.837533333,104.510075,Asia/Jakarta,Powerhouse Besai Kemu engineering forecast reference for PLTM Besai Kemu. The catchment polygon remains pending.,31-08-2026,METEOFRANCE,Open-Meteo / Meteo-France,yes,1.0,1.0,1.0,24,24,200,383,,,,
pltm_besai_kemu_powerhouse,Powerhouse Besai Kemu,2026-08-31,18.08.03.2017,Kemu,independent_site_engineering_point,yes,-4.837533333,104.510075,Asia/Jakarta,Powerhouse Besai Kemu engineering forecast reference for PLTM Besai Kemu. The catchment polygon remains pending.,31-08-2026,UKMO,Open-Meteo / UK Met Office,yes,1.0,1.0,1.0,24,24,200,381,,,,
pltm_besai_kemu_powerhouse,Powerhouse Besai Kemu,2026-09-01,18.08.03.2017,Kemu,independent_site_engineering_point,yes,-4.837533333,104.510075,Asia/Jakarta,Powerhouse Besai Kemu engineering forecast reference for PLTM Besai Kemu. The catchment polygon remains pending.,01-09-2026,BMKG,BMKG,yes,1.35,0.9869,1.3323,24,24,200,21,,,,
pltm_besai_kemu_powerhouse,Powerhouse Besai Kemu,2026-09-01,18.08.03.2017,Kemu,independent_site_engineering_point,yes,-4.837533333,104.510075,Asia/Jakarta,Powerhouse Besai Kemu engineering forecast reference for PLTM Besai Kemu. The catchment polygon remains pending.,01-09-2026,CMA,Open-Meteo / CMA GRAPES,yes,1.0,1.0,1.0,24,24,200,380,,,,
pltm_besai_kemu_powerhouse,Powerhouse Besai Kemu,2026-09-01,18.08.03.2017,Kemu,independent_site_engineering_point,yes,-4.837533333,104.510075,Asia/Jakarta,Powerhouse Besai Kemu engineering forecast reference for PLTM Besai Kemu. The catchment polygon remains pending.,01-09-2026,ECMWF,Open-Meteo / ECMWF,yes,1.0,1.0,1.0,24,24,200,386,,,,
pltm_besai_kemu_powerhouse,Powerhouse Besai Kemu,2026-09-01,18.08.03.2017,Kemu,independent_site_engineering_point,yes,-4.837533333,104.510075,Asia/Jakarta,Powerhouse Besai Kemu engineering forecast reference for PLTM Besai Kemu. The catchment polygon remains pending.,01-09-2026,GFS,Open-Meteo / NOAA GFS,yes,1.0,1.0,1.0,24,24,200,396,,,,
pltm_besai_kemu_powerhouse,Powerhouse Besai Kemu,2026-09-01,18.08.03.2017,Kemu,independent_site_engineering_point,yes,-4.837533333,104.510075,Asia/Jakarta,Powerhouse Besai Kemu engineering forecast reference for PLTM Besai Kemu. The catchment polygon remains pending.,01-09-2026,ICON,Open-Meteo / DWD ICON,yes,1.0,1.0,1.0,24,24,200,395,,,,
pltm_besai_kemu_powerhouse,Powerhouse Besai Kemu,2026-09-01,18.08.03.2017,Kemu,independent_site_engineering_point,yes,-4.837533333,104.510075,Asia/Jakarta,Powerhouse Besai Kemu engineering forecast reference for PLTM Besai Kemu. The catchment polygon remains pending.,01-09-2026,METEOFRANCE,Open-Meteo / Meteo-France,yes,1.0,1.0,1.0,24,24,200,382,,,,
pltm_besai_kemu_powerhouse,Powerhouse Besai Kemu,2026-09-01,18.08.03.2017,Kemu,independent_site_engineering_point,yes,-4.837533333,104.510075,Asia/Jakarta,Powerhouse Besai Kemu engineering forecast reference for PLTM Besai Kemu. The catchment polygon remains pending.,01-09-2026,UKMO,Open-Meteo / UK Met Office,yes,1.0,1.0,1.0,24,24,200,398,,,,
pltm_besai_kemu_powerhouse,Powerhouse Besai Kemu,2026-09-02,18.08.03.2017,Kemu,independent_site_engineering_point,yes,-4.837533333,104.510075,Asia/Jakarta,Powerhouse Besai Kemu engineering forecast reference for PLTM Besai Kemu. The catchment polygon remains pending.,02-09-2026,BMKG,BMKG,yes,1.35,0.9915,1.3385,24,24,200,23,,,,
pltm_besai_kemu_powerhouse,Powerhouse Besai Kemu,2026-09-02,18.08.03.2017,Kemu,independent_site_engineering_point,yes,-4.837533333,104.510075,Asia/Jakarta,Powerhouse Besai Kemu engineering forecast reference for PLTM Besai Kemu. The catchment polygon remains pending.,02-09-2026,CMA,Open-Meteo / CMA GRAPES,yes,1.0,1.0,1.0,24,24,200,390,,,,
pltm_besai_kemu_powerhouse,Powerhouse Besai Kemu,2026-09-02,18.08.03.2017,Kemu,independent_site_engineering_point,yes,-4.837533333,104.510075,Asia/Jakarta,Powerhouse Besai Kemu engineering forecast reference for PLTM Besai Kemu. The catchment polygon remains pending.,02-09-2026,ECMWF,Open-Meteo / ECMWF,yes,1.0,1.0,1.0,24,24,200,390,,,,
pltm_besai_kemu_powerhouse,Powerhouse Besai Kemu,2026-09-02,18.08.03.2017,Kemu,independent_site_engineering_point,yes,-4.837533333,104.510075,Asia/Jakarta,Powerhouse Besai Kemu engineering forecast reference for PLTM Besai Kemu. The catchment polygon remains pending.,02-09-2026,GFS,Open-Meteo / NOAA GFS,yes,1.0,1.0,1.0,24,24,200,387,,,,
pltm_besai_kemu_powerhouse,Powerhouse Besai Kemu,2026-09-02,18.08.03.2017,Kemu,independent_site_engineering_point,yes,-4.837533333,104.510075,Asia/Jakarta,Powerhouse Besai Kemu engineering forecast reference for PLTM Besai Kemu. The catchment polygon remains pending.,02-09-2026,ICON,Open-Meteo / DWD ICON,yes,1.0,1.0,1.0,24,24,200,393,,,,
pltm_besai_kemu_powerhouse,Powerhouse Besai Kemu,2026-09-02,18.08.03.2017,Kemu,independent_site_engineering_point,yes,-4.837533333,104.510075,Asia/Jakarta,Powerhouse Besai Kemu engineering forecast reference for PLTM Besai Kemu. The catchment polygon remains pending.,02-09-2026,METEOFRANCE,Open-Meteo / Meteo-France,yes,1.0,1.0,1.0,24,24,200,382,,,,
pltm_besai_kemu_powerhouse,Powerhouse Besai Kemu,2026-09-02,18.08.03.2017,Kemu,independent_site_engineering_point,yes,-4.837533333,104.510075,Asia/Jakarta,Powerhouse Besai Kemu engineering forecast reference for PLTM Besai Kemu. The catchment polygon remains pending.,02-09-2026,UKMO,Open-Meteo / UK Met Office,yes,1.0,1.0,1.0,24,24,200,395,,,,
pltm_besai_kemu_powerhouse,Powerhouse Besai Kemu,2026-09-03,18.08.03.2017,Kemu,independent_site_engineering_point,yes,-4.837533333,104.510075,Asia/Jakarta,Powerhouse Besai Kemu engineering forecast reference for PLTM Besai Kemu. The catchment polygon remains pending.,03-09-2026,BMKG,BMKG,no,1.35,0.9945,1.3426,0,24,,59,,,,BMKG tidak mengembalikan kandidat untuk target date
pltm_besai_kemu_powerhouse,Powerhouse Besai Kemu,2026-09-03,18.08.03.2017,Kemu,independent_site_engineering_point,yes,-4.837533333,104.510075,Asia/Jakarta,Powerhouse Besai Kemu engineering forecast reference for PLTM Besai Kemu. The catchment polygon remains pending.,03-09-2026,CMA,Open-Meteo / CMA GRAPES,yes,1.0,1.0,1.0,24,24,200,384,,,,
pltm_besai_kemu_powerhouse,Powerhouse Besai Kemu,2026-09-03,18.08.03.2017,Kemu,independent_site_engineering_point,yes,-4.837533333,104.510075,Asia/Jakarta,Powerhouse Besai Kemu engineering forecast reference for PLTM Besai Kemu. The catchment polygon remains pending.,03-09-2026,ECMWF,Open-Meteo / ECMWF,yes,1.0,1.0,1.0,24,24,200,386,,,,
pltm_besai_kemu_powerhouse,Powerhouse Besai Kemu,2026-09-03,18.08.03.2017,Kemu,independent_site_engineering_point,yes,-4.837533333,104.510075,Asia/Jakarta,Powerhouse Besai Kemu engineering forecast reference for PLTM Besai Kemu. The catchment polygon remains pending.,03-09-2026,GFS,Open-Meteo / NOAA GFS,yes,1.0,1.0,1.0,24,24,200,385,,,,
pltm_besai_kemu_powerhouse,Powerhouse Besai Kemu,2026-09-03,18.08.03.2017,Kemu,independent_site_engineering_point,yes,-4.837533333,104.510075,Asia/Jakarta,Powerhouse Besai Kemu engineering forecast reference for PLTM Besai Kemu. The catchment polygon remains pending.,03-09-2026,ICON,Open-Meteo / DWD ICON,yes,1.0,1.0,1.0,24,24,200,383,,,,
pltm_besai_kemu_powerhouse,Powerhouse Besai Kemu,2026-09-03,18.08.03.2017,Kemu,independent_site_engineering_point,yes,-4.837533333,104.510075,Asia/Jakarta,Powerhouse Besai Kemu engineering forecast reference for PLTM Besai Kemu. The catchment polygon remains pending.,03-09-2026,METEOFRANCE,Open-Meteo / Meteo-France,yes,1.0,1.0,1.0,24,24,200,384,,,,
pltm_besai_kemu_powerhouse,Powerhouse Besai Kemu,2026-09-03,18.08.03.2017,Kemu,independent_site_engineering_point,yes,-4.837533333,104.510075,Asia/Jakarta,Powerhouse Besai Kemu engineering forecast reference for PLTM Besai Kemu. The catchment polygon remains pending.,03-09-2026,UKMO,Open-Meteo / UK Met Office,yes,1.0,1.0,1.0,24,24,200,393,,,,
pltm_besai_kemu_sumberjaya,Stasiun Hujan Sumberjaya,2026-08-31,18.08.03.2017,Kemu,independent_site_engineering_point,yes,-5.009188889,104.483483333,Asia/Jakarta,Stasiun Hujan Sumberjaya engineering forecast reference for PLTM Besai Kemu. The catchment polygon remains pending.,31-08-2026,BMKG,BMKG,yes,1.35,1.0,1.35,18,24,200,23,,,,
pltm_besai_kemu_sumberjaya,Stasiun Hujan Sumberjaya,2026-08-31,18.08.03.2017,Kemu,independent_site_engineering_point,yes,-5.009188889,104.483483333,Asia/Jakarta,Stasiun Hujan Sumberjaya engineering forecast reference for PLTM Besai Kemu. The catchment polygon remains pending.,31-08-2026,CMA,Open-Meteo / CMA GRAPES,yes,1.0,1.0,1.0,24,24,200,387,,,,
pltm_besai_kemu_sumberjaya,Stasiun Hujan Sumberjaya,2026-08-31,18.08.03.2017,Kemu,independent_site_engineering_point,yes,-5.009188889,104.483483333,Asia/Jakarta,Stasiun Hujan Sumberjaya engineering forecast reference for PLTM Besai Kemu. The catchment polygon remains pending.,31-08-2026,ECMWF,Open-Meteo / ECMWF,yes,1.0,1.0,1.0,24,24,200,401,,,,
pltm_besai_kemu_sumberjaya,Stasiun Hujan Sumberjaya,2026-08-31,18.08.03.2017,Kemu,independent_site_engineering_point,yes,-5.009188889,104.483483333,Asia/Jakarta,Stasiun Hujan Sumberjaya engineering forecast reference for PLTM Besai Kemu. The catchment polygon remains pending.,31-08-2026,GFS,Open-Meteo / NOAA GFS,yes,1.0,1.0,1.0,24,24,200,391,,,,
pltm_besai_kemu_sumberjaya,Stasiun Hujan Sumberjaya,2026-08-31,18.08.03.2017,Kemu,independent_site_engineering_point,yes,-5.009188889,104.483483333,Asia/Jakarta,Stasiun Hujan Sumberjaya engineering forecast reference for PLTM Besai Kemu. The catchment polygon remains pending.,31-08-2026,ICON,Open-Meteo / DWD ICON,yes,1.0,1.0,1.0,24,24,200,382,,,,
pltm_besai_kemu_sumberjaya,Stasiun Hujan Sumberjaya,2026-08-31,18.08.03.2017,Kemu,independent_site_engineering_point,yes,-5.009188889,104.483483333,Asia/Jakarta,Stasiun Hujan Sumberjaya engineering forecast reference for PLTM Besai Kemu. The catchment polygon remains pending.,31-08-2026,METEOFRANCE,Open-Meteo / Meteo-France,yes,1.0,1.0,1.0,24,24,200,399,,,,
pltm_besai_kemu_sumberjaya,Stasiun Hujan Sumberjaya,2026-08-31,18.08.03.2017,Kemu,independent_site_engineering_point,yes,-5.009188889,104.483483333,Asia/Jakarta,Stasiun Hujan Sumberjaya engineering forecast reference for PLTM Besai Kemu. The catchment polygon remains pending.,31-08-2026,UKMO,Open-Meteo / UK Met Office,yes,1.0,1.0,1.0,24,24,200,401,,,,
pltm_besai_kemu_sumberjaya,Stasiun Hujan Sumberjaya,2026-09-01,18.08.03.2017,Kemu,independent_site_engineering_point,yes,-5.009188889,104.483483333,Asia/Jakarta,Stasiun Hujan Sumberjaya engineering forecast reference for PLTM Besai Kemu. The catchment polygon remains pending.,01-09-2026,BMKG,BMKG,yes,1.35,0.9869,1.3323,24,24,200,18,,,,
pltm_besai_kemu_sumberjaya,Stasiun Hujan Sumberjaya,2026-09-01,18.08.03.2017,Kemu,independent_site_engineering_point,yes,-5.009188889,104.483483333,Asia/Jakarta,Stasiun Hujan Sumberjaya engineering forecast reference for PLTM Besai Kemu. The catchment polygon remains pending.,01-09-2026,CMA,Open-Meteo / CMA GRAPES,yes,1.0,1.0,1.0,24,24,200,381,,,,
pltm_besai_kemu_sumberjaya,Stasiun Hujan Sumberjaya,2026-09-01,18.08.03.2017,Kemu,independent_site_engineering_point,yes,-5.009188889,104.483483333,Asia/Jakarta,Stasiun Hujan Sumberjaya engineering forecast reference for PLTM Besai Kemu. The catchment polygon remains pending.,01-09-2026,ECMWF,Open-Meteo / ECMWF,yes,1.0,1.0,1.0,24,24,200,392,,,,
pltm_besai_kemu_sumberjaya,Stasiun Hujan Sumberjaya,2026-09-01,18.08.03.2017,Kemu,independent_site_engineering_point,yes,-5.009188889,104.483483333,Asia/Jakarta,Stasiun Hujan Sumberjaya engineering forecast reference for PLTM Besai Kemu. The catchment polygon remains pending.,01-09-2026,GFS,Open-Meteo / NOAA GFS,yes,1.0,1.0,1.0,24,24,200,394,,,,
pltm_besai_kemu_sumberjaya,Stasiun Hujan Sumberjaya,2026-09-01,18.08.03.2017,Kemu,independent_site_engineering_point,yes,-5.009188889,104.483483333,Asia/Jakarta,Stasiun Hujan Sumberjaya engineering forecast reference for PLTM Besai Kemu. The catchment polygon remains pending.,01-09-2026,ICON,Open-Meteo / DWD ICON,yes,1.0,1.0,1.0,24,24,200,390,,,,
pltm_besai_kemu_sumberjaya,Stasiun Hujan Sumberjaya,2026-09-01,18.08.03.2017,Kemu,independent_site_engineering_point,yes,-5.009188889,104.483483333,Asia/Jakarta,Stasiun Hujan Sumberjaya engineering forecast reference for PLTM Besai Kemu. The catchment polygon remains pending.,01-09-2026,METEOFRANCE,Open-Meteo / Meteo-France,yes,1.0,1.0,1.0,24,24,200,386,,,,
pltm_besai_kemu_sumberjaya,Stasiun Hujan Sumberjaya,2026-09-01,18.08.03.2017,Kemu,independent_site_engineering_point,yes,-5.009188889,104.483483333,Asia/Jakarta,Stasiun Hujan Sumberjaya engineering forecast reference for PLTM Besai Kemu. The catchment polygon remains pending.,01-09-2026,UKMO,Open-Meteo / UK Met Office,yes,1.0,1.0,1.0,24,24,200,387,,,,
pltm_besai_kemu_sumberjaya,Stasiun Hujan Sumberjaya,2026-09-02,18.08.03.2017,Kemu,independent_site_engineering_point,yes,-5.009188889,104.483483333,Asia/Jakarta,Stasiun Hujan Sumberjaya engineering forecast reference for PLTM Besai Kemu. The catchment polygon remains pending.,02-09-2026,BMKG,BMKG,yes,1.35,0.9915,1.3385,24,24,200,25,,,,
pltm_besai_kemu_sumberjaya,Stasiun Hujan Sumberjaya,2026-09-02,18.08.03.2017,Kemu,independent_site_engineering_point,yes,-5.009188889,104.483483333,Asia/Jakarta,Stasiun Hujan Sumberjaya engineering forecast reference for PLTM Besai Kemu. The catchment polygon remains pending.,02-09-2026,CMA,Open-Meteo / CMA GRAPES,yes,1.0,1.0,1.0,24,24,200,383,,,,
pltm_besai_kemu_sumberjaya,Stasiun Hujan Sumberjaya,2026-09-02,18.08.03.2017,Kemu,independent_site_engineering_point,yes,-5.009188889,104.483483333,Asia/Jakarta,Stasiun Hujan Sumberjaya engineering forecast reference for PLTM Besai Kemu. The catchment polygon remains pending.,02-09-2026,ECMWF,Open-Meteo / ECMWF,yes,1.0,1.0,1.0,24,24,200,392,,,,
pltm_besai_kemu_sumberjaya,Stasiun Hujan Sumberjaya,2026-09-02,18.08.03.2017,Kemu,independent_site_engineering_point,yes,-5.009188889,104.483483333,Asia/Jakarta,Stasiun Hujan Sumberjaya engineering forecast reference for PLTM Besai Kemu. The catchment polygon remains pending.,02-09-2026,GFS,Open-Meteo / NOAA GFS,yes,1.0,1.0,1.0,24,24,200,387,,,,
pltm_besai_kemu_sumberjaya,Stasiun Hujan Sumberjaya,2026-09-02,18.08.03.2017,Kemu,independent_site_engineering_point,yes,-5.009188889,104.483483333,Asia/Jakarta,Stasiun Hujan Sumberjaya engineering forecast reference for PLTM Besai Kemu. The catchment polygon remains pending.,02-09-2026,ICON,Open-Meteo / DWD ICON,yes,1.0,1.0,1.0,24,24,200,386,,,,
pltm_besai_kemu_sumberjaya,Stasiun Hujan Sumberjaya,2026-09-02,18.08.03.2017,Kemu,independent_site_engineering_point,yes,-5.009188889,104.483483333,Asia/Jakarta,Stasiun Hujan Sumberjaya engineering forecast reference for PLTM Besai Kemu. The catchment polygon remains pending.,02-09-2026,METEOFRANCE,Open-Meteo / Meteo-France,yes,1.0,1.0,1.0,24,24,200,396,,,,
pltm_besai_kemu_sumberjaya,Stasiun Hujan Sumberjaya,2026-09-02,18.08.03.2017,Kemu,independent_site_engineering_point,yes,-5.009188889,104.483483333,Asia/Jakarta,Stasiun Hujan Sumberjaya engineering forecast reference for PLTM Besai Kemu. The catchment polygon remains pending.,02-09-2026,UKMO,Open-Meteo / UK Met Office,yes,1.0,1.0,1.0,24,24,200,394,,,,
pltm_besai_kemu_sumberjaya,Stasiun Hujan Sumberjaya,2026-09-03,18.08.03.2017,Kemu,independent_site_engineering_point,yes,-5.009188889,104.483483333,Asia/Jakarta,Stasiun Hujan Sumberjaya engineering forecast reference for PLTM Besai Kemu. The catchment polygon remains pending.,03-09-2026,BMKG,BMKG,no,1.35,0.9945,1.3426,0,24,,46,,,,BMKG tidak mengembalikan kandidat untuk target date
pltm_besai_kemu_sumberjaya,Stasiun Hujan Sumberjaya,2026-09-03,18.08.03.2017,Kemu,independent_site_engineering_point,yes,-5.009188889,104.483483333,Asia/Jakarta,Stasiun Hujan Sumberjaya engineering forecast reference for PLTM Besai Kemu. The catchment polygon remains pending.,03-09-2026,CMA,Open-Meteo / CMA GRAPES,yes,1.0,1.0,1.0,24,24,200,382,,,,
pltm_besai_kemu_sumberjaya,Stasiun Hujan Sumberjaya,2026-09-03,18.08.03.2017,Kemu,independent_site_engineering_point,yes,-5.009188889,104.483483333,Asia/Jakarta,Stasiun Hujan Sumberjaya engineering forecast reference for PLTM Besai Kemu. The catchment polygon remains pending.,03-09-2026,ECMWF,Open-Meteo / ECMWF,yes,1.0,1.0,1.0,24,24,200,394,,,,
pltm_besai_kemu_sumberjaya,Stasiun Hujan Sumberjaya,2026-09-03,18.08.03.2017,Kemu,independent_site_engineering_point,yes,-5.009188889,104.483483333,Asia/Jakarta,Stasiun Hujan Sumberjaya engineering forecast reference for PLTM Besai Kemu. The catchment polygon remains pending.,03-09-2026,GFS,Open-Meteo / NOAA GFS,yes,1.0,1.0,1.0,24,24,200,390,,,,
pltm_besai_kemu_sumberjaya,Stasiun Hujan Sumberjaya,2026-09-03,18.08.03.2017,Kemu,independent_site_engineering_point,yes,-5.009188889,104.483483333,Asia/Jakarta,Stasiun Hujan Sumberjaya engineering forecast reference for PLTM Besai Kemu. The catchment polygon remains pending.,03-09-2026,ICON,Open-Meteo / DWD ICON,yes,1.0,1.0,1.0,24,24,200,380,,,,
pltm_besai_kemu_sumberjaya,Stasiun Hujan Sumberjaya,2026-09-03,18.08.03.2017,Kemu,independent_site_engineering_point,yes,-5.009188889,104.483483333,Asia/Jakarta,Stasiun Hujan Sumberjaya engineering forecast reference for PLTM Besai Kemu. The catchment polygon remains pending.,03-09-2026,METEOFRANCE,Open-Meteo / Meteo-France,yes,1.0,1.0,1.0,24,24,200,390,,,,
pltm_besai_kemu_sumberjaya,Stasiun Hujan Sumberjaya,2026-09-03,18.08.03.2017,Kemu,independent_site_engineering_point,yes,-5.009188889,104.483483333,Asia/Jakarta,Stasiun Hujan Sumberjaya engineering forecast reference for PLTM Besai Kemu. The catchment polygon remains pending.,03-09-2026,UKMO,Open-Meteo / UK Met Office,yes,1.0,1.0,1.0,24,24,200,396,,,,
