tanggal,source_id,provider,success,base_weight,health_factor,effective_base_weight,points_collected,target_points,http_status,duration_ms,error_content_type,error_snippet,payload_saved_path,error
06-10-2026,BMKG,BMKG,no,1.35,0.9945,1.3426,0,24,,95,,,,BMKG tidak mengembalikan kandidat untuk target date
06-10-2026,CMA,Open-Meteo / CMA GRAPES,yes,1.0,1.0,1.0,24,24,200,542,,,,
06-10-2026,ECMWF,Open-Meteo / ECMWF,yes,1.0,1.0,1.0,24,24,200,510,,,,
06-10-2026,GFS,Open-Meteo / NOAA GFS,yes,1.0,1.0,1.0,24,24,200,489,,,,
06-10-2026,ICON,Open-Meteo / DWD ICON,yes,1.0,1.0,1.0,24,24,200,520,,,,
06-10-2026,METEOFRANCE,Open-Meteo / Meteo-France,yes,1.0,1.0,1.0,24,24,200,497,,,,
06-10-2026,UKMO,Open-Meteo / UK Met Office,yes,1.0,1.0,1.0,24,24,200,564,,,,
